0.482225 0.0918295 0.146138 0.0250709 0.0871208 0.167616
0.412106 0.19023 0.204886 0.0189133 0.173765 9.9991E-05
0.383545 0.130973 0.186199 0.0635267 0.235656 9.9991E-05
0.535931 0.0906321 0.246298 0.0888318 0.0382064 9.9991E-05
0.515868 9.9982E-05 0.29342 9.9982E-05 0.166367 0.0241447
9.9973E-05 9.9973E-05 0.253753 0.722803 9.9973E-05 0.0231432
0.611603 0.00612843 0.136953 0.0142497 0.111461 0.119605
0.0299956 9.9982E-05 9.9982E-05 0.934687 0.0118211 0.0232967
0.466602 0.0656933 0.32825 9.9991E-05 0.098345 0.0410097
0.535993 0.243848 0.179231 9.9982E-05 0.0407279 9.9982E-05
0.435027 0.135941 0.326928 9.9991E-05 0.0921265 0.00987735
0.417587 0.142555 0.240209 0.199449 9.9982E-05 9.9982E-05
0.481859 0.118334 0.179083 9.9982E-05 0.220524 9.9982E-05
0.500883 0.126745 0.293559 0.038956 0.0397579 9.9991E-05
0.0686519 0.219499 9.9991E-05 0.61315 0.0384686 0.0601309
0.238492 0.142706 0.296715 0.0226589 0.299328 9.9991E-05
0.38469 0.0841073 0.375007 0.155996 9.9982E-05 9.9982E-05
0.581237 0.0459295 0.0047274 9.9982E-05 0.367907 9.9982E-05
0.476046 0.103013 0.343654 9.9982E-05 0.0770866 9.9982E-05
0.730873 0.125049 0.124679 9.9982E-05 9.9982E-05 0.0191986
0.748785 9.9973E-05 0.063573 9.9973E-05 0.187342 9.9973E-05
0.459827 0.169067 0.18203 0.0741131 0.114863 9.9991E-05
0.499073 0.231361 0.212227 9.9991E-05 0.0158403 0.0413986
0.0106995 0.21308 0.202495 0.573526 9.9982E-05 9.9982E-05
0.540102 0.020769 0.162888 9.9991E-05 0.253992 0.0221488
0.103297 0.0731923 0.0796117 0.647881 0.0959182 9.9991E-05
0.0589501 9.9991E-05 0.368283 0.453409 0.060627 0.0586312
0.644914 9.9973E-05 0.0509301 0.303856 9.9973E-05 9.9973E-05
9.9973E-05 0.118935 0.278481 0.602283 9.9973E-05 9.9973E-05
0.616154 9.9973E-05 0.285171 0.0983754 9.9973E-05 9.9973E-05
0.267978 0.0517201 0.0610581 0.514061 0.0226198 0.0825629
0.502371 0.0609137 0.18789 9.9991E-05 0.180549 0.068177
0.211253 0.136657 0.429008 0.181458 0.0415252 9.9991E-05
0.158115 9.9964E-05 9.9964E-05 0.841485 9.9964E-05 9.9964E-05
9.9973E-05 0.0338978 9.9973E-05 0.862389 0.103413 9.9973E-05
0.339503 9.9982E-05 0.317645 0.0986017 0.24405 9.9982E-05
0.516244 0.084663 0.243192 0.112264 0.0435363 9.9991E-05
0.358697 0.118904 0.116135 9.9982E-05 0.406063 9.9982E-05
0.078565 0.0517413 0.104238 0.713776 0.0515792 9.9991E-05
0.146217 0.0957387 0.212093 0.386693 0.114435 0.044823
0.066987 0.125463 0.452873 0.181469 0.173108 9.9991E-05
0.371143 0.0887878 0.508407 9.9991E-05 0.0192994 0.0122625
0.581678 9.9982E-05 0.165425 0.119952 0.132746 9.9982E-05
0.0908448 0.0892801 9.9991E-05 0.553842 0.228561 0.0373723
0.379811 0.107238 0.423334 9.9991E-05 0.0397644 0.0497524
0.258805 0.224184 0.176907 9.9982E-05 0.339904 9.9982E-05
0.449104 0.117567 0.166481 0.0744035 0.107479 0.0849655
0.313446 0.0525397 0.583481 0.00357823 9.9991E-05 0.0468558
0.2515 0.206324 0.311907 0.00666908 0.223499 9.9991E-05
9.9964E-05 9.9964E-05 0.559153 0.440447 9.9964E-05 9.9964E-05
0.543996 0.165136 0.153752 9.9982E-05 0.136917 9.9982E-05
0.20523 0.126696 0.132502 0.38802 9.9991E-05 0.147452
0.397056 0.141001 0.265204 9.9991E-05 0.171495 0.0251448
9.9973E-05 9.9973E-05 0.00181876 0.912097 0.0857846 9.9973E-05
0.133398 0.091248 0.356494 0.41866 9.9982E-05 9.9982E-05
0.730069 0.0128543 0.0985708 9.9982E-05 0.158306 9.9982E-05
0.716927 0.232912 9.9982E-05 9.9982E-05 0.0188556 0.0311058
0.417053 0.0772667 0.241382 0.188699 0.0587406 0.0168597
0.135348 0.128155 0.451076 0.250208 0.0351136 9.9991E-05
0.48922 9.9982E-05 0.160448 0.313089 0.0370438 9.9982E-05
9.9982E-05 0.0172637 0.0615493 0.828004 0.0929835 9.9982E-05
9.9973E-05 0.013028 0.158288 0.828384 9.9973E-05 9.9973E-05
0.480308 0.02129 0.250004 0.0517911 0.174632 0.0219748
9.9973E-05 0.0557263 0.0167666 0.927207 9.9973E-05 9.9973E-05
0.384885 0.0520962 0.380179 9.9991E-05 0.0781147 0.104625
9.9973E-05 0.131862 9.9973E-05 0.833598 0.0342395 9.9973E-05
0.586837 0.235789 9.9973E-05 9.9973E-05 0.177074 9.9973E-05
0.144226 0.15046 0.475362 0.0940963 0.135757 9.9991E-05
0.469982 0.137045 0.131263 9.9982E-05 0.261509 9.9982E-05
9.9982E-05 0.0228233 0.151793 0.783946 9.9982E-05 0.041238
0.56854 0.290164 0.00022212 9.9982E-05 9.9982E-05 0.140874
0.488741 9.9982E-05 0.18675 0.029349 0.29496 9.9982E-05
0.374813 0.0938238 0.117454 0.285584 0.0412731 0.0870512
0.311044 0.146679 0.38367 9.9991E-05 0.00942298 0.149084
0.439531 0.09696 0.0998193 0.105008 0.258581 9.9991E-05
0.485892 0.109928 9.9991E-05 0.349035 0.0299231 0.0251219
0.59203 0.14317 0.0779126 0.0275709 0.159216 9.9991E-05
0.274505 0.184022 0.297864 0.117015 0.104101 0.0224922
0.207236 0.125013 0.400696 0.0837781 0.183177 9.9991E-05
0.441707 9.9973E-05 0.204363 9.9973E-05 0.35363 9.9973E-05
0.408058 0.294345 0.21209 9.9991E-05 0.0488088 0.0365981
0.476836 0.121767 0.250904 0.0689975 0.055473 0.0260216
0.481209 0.257207 0.244051 0.012373 9.9991E-05 0.00505959
0.734184 0.15241 0.0498284 9.9982E-05 9.9982E-05 0.0633782
0.507697 0.0667284 0.395076 9.9982E-05 0.030299 9.9982E-05
0.316088 0.26006 0.298209 0.104268 0.0151679 0.00620757
0.287293 0.120401 0.218476 0.275527 0.0982036 9.9991E-05
0.143748 0.129307 0.545823 0.180922 9.9982E-05 9.9982E-05
0.158733 9.99641E-05 9.99641E-05 0.840867 9.99641E-05 9.99641E-05
0.305053 0.119714 0.242551 0.230749 0.088088 0.0138451
0.0351195 0.335246 0.431675 9.9982E-05 0.197759 9.9982E-05
0.0564371 0.0768892 0.158123 0.547687 0.160764 9.9991E-05
0.367753 0.161509 0.334362 9.9982E-05 0.136176 9.9982E-05
0.566292 9.9973E-05 0.171928 0.26148 9.9973E-05 9.9973E-05
0.199904 0.072528 0.259767 0.451108 9.9991E-05 0.0165922
0.0133031 0.0591055 9.9973E-05 0.927291 9.9973E-05 9.9973E-05
0.399384 0.174126 0.212613 0.101935 0.111842 9.9991E-05
0.182906 0.228305 0.510443 9.9982E-05 0.0781458 9.9982E-05
0.436824 0.319148 0.125335 0.0424817 0.0563933 0.0198175
0.709624 9.9982E-05 0.0285346 0.227776 9.9982E-05 0.0338652
0.0329526 0.194668 0.301885 0.401381 0.0690131 9.9991E-05
0.638198 0.212347 0.00692331 0.0467827 0.047204 0.0485449
0.455752 0.126961 0.0379749 0.0122834 0.361931 0.00509848
0.639153 0.149933 0.113718 9.9982E-05 9.9982E-05 0.0969949
0.496613 0.227453 9.9982E-05 0.0301694 0.245565 9.9982E-05
9.9973E-05 0.240748 0.043538 0.715414 9.9973E-05 9.9973E-05
0.226145 0.26042 9.9982E-05 0.438331 9.9982E-05 0.0749042
0.653357 0.190926 0.155417 9.9973E-05 9.9973E-05 9.9973E-05
0.497097 0.245323 0.0913985 0.0470561 0.119025 9.9991E-05
0.684748 0.172707 0.00775067 9.9982E-05 0.134595 9.9982E-05
0.00137797 9.9982E-05 0.531078 0.391234 0.0761094 9.9982E-05
9.9964E-05 9.9964E-05 9.9964E-05 0.959538 9.9964E-05 0.040062
0.189032 9.9973E-05 0.474383 0.336285 9.9973E-05 9.9973E-05
0.70664 0.0409896 0.0396515 0.0213866 0.191233 9.9991E-05
0.615697 0.146873 0.0347406 0.142308 0.0602813 9.9991E-05
0.598855 0.226155 0.0525611 9.9991E-05 0.0675569 0.0547725
0.737972 0.15015 0.111578 9.9973E-05 9.9973E-05 9.9973E-05
9.9973E-05 9.9973E-05 9.9973E-05 0.956609 0.0383499 0.00474095
0.737736 0.0231942 9.9991E-05 0.0560569 0.083912 0.0990011
0.424767 0.0871561 0.22583 9.9982E-05 0.262047 9.9982E-05
0.618923 0.0146542 9.9982E-05 0.139198 0.227026 9.9982E-05
0.210486 9.9973E-05 0.159879 0.629336 9.9973E-05 9.9973E-05
0.52147 0.0674767 0.370276 9.9982E-05 0.040578 9.9982E-05
0.416682 0.170356 0.308964 9.9991E-05 0.0515376 0.0523604
0.657012 0.112882 9.9973E-05 9.9973E-05 0.229806 9.9973E-05
0.348641 0.109348 0.345464 0.0218154 0.174631 9.9991E-05
0.202158 0.139672 0.0336573 0.606542 0.0178704 9.9991E-05
0.0107315 0.0709827 9.9982E-05 0.857558 9.9982E-05 0.0605278
0.19478 0.22527 0.301428 9.9982E-05 0.278322 9.9982E-05
0.422105 0.117143 0.137578 0.00307059 0.320003 9.9991E-05
0.472889 0.0942287 0.169392 9.9982E-05 0.26329 9.9982E-05
0.0463783 9.9973E-05 0.595333 9.9973E-05 0.357989 9.9973E-05
0.241432 0.0767501 0.34666 0.334958 9.9982E-05 9.9982E-05
0.290402 0.0629313 0.359928 0.0282503 0.0221732 0.236314
0.443134 0.0189506 0.10723 0.20992 0.220665 9.9991E-05
9.996E-05 0.9995 9.996E-05 9.996E-05 9.996E-05 9.996E-05
0.217013 0.108326 0.094568 0.531597 9.9991E-05 0.0483955
0.366354 9.9982E-05 0.186396 0.277522 0.169529 9.9982E-05
9.996E-05 0.9995 9.996E-05 9.996E-05 9.996E-05 9.996E-05
0.0953609 0.262558 0.0657924 0.535582 0.040607 9.9991E-05
0.50447 0.0318049 0.272702 0.190823 9.9982E-05 9.9982E-05
0.114124 0.0300258 0.398885 0.312473 0.127845 0.0166467
0.0753406 9.9982E-05 0.235323 0.262453 0.426684 9.9982E-05
0.0776163 0.0206505 0.587717 0.152205 0.161712 9.9991E-05
0.0030605 0.0133504 0.0932105 0.753527 0.107161 0.02969
0.287355 0.11779 0.14267 0.274839 0.168154 0.00919237
0.23535 0.108124 0.33684 0.210825 0.108761 9.9991E-05
0.44688 0.159852 0.0300457 9.9982E-05 0.363022 9.9982E-05
0.708774 0.150202 9.9973E-05 9.9973E-05 0.140724 9.9973E-05
0.471496 0.0746968 0.113892 9.9991E-05 0.186206 0.153609
0.253374 9.9973E-05 0.511821 9.9973E-05 0.234504 9.9973E-05
0.379454 0.00903459 0.238124 0.336389 9.9991E-05 0.0368984
0.228896 9.9982E-05 0.0106426 0.7464 0.0138617 9.9982E-05
0.0378711 9.9991E-05 0.357464 0.384833 0.198106 0.0216252
0.130605 0.137122 0.40258 0.00152859 0.328064 9.9991E-05
0.351069 0.172122 0.173668 9.9991E-05 0.289518 0.0135227
9.9973E-05 0.0216246 0.114342 0.863734 9.9973E-05 9.9973E-05
0.220978 0.116075 0.317189 9.9982E-05 0.345558 9.9982E-05
0.635366 0.112082 0.0663417 0.0192832 0.030026 0.136902
0.59201 0.0479137 9.9982E-05 0.216907 0.142969 9.9982E-05
0.379833 0.0950676 0.288821 9.9982E-05 0.236079 9.9982E-05
0.159624 0.0975415 0.393836 0.157302 0.191596 9.9991E-05
0.351609 0.344551 0.194201 0.00674215 0.102797 9.9991E-05
0.518797 0.264465 0.0418974 0.0678206 0.10692 9.9991E-05
0.51927 0.119169 0.175563 9.9982E-05 0.185799 9.9982E-05
0.689568 0.175662 9.9982E-05 9.9982E-05 0.106521 0.0280498
0.113044 0.053396 0.297793 0.160279 0.375387 9.9991E-05
0.221081 0.144249 0.105091 0.490724 9.9991E-05 0.038756
0.055015 0.109043 0.511425 0.239394 0.0850237 9.9991E-05
0.100984 0.17803 0.482841 0.0318183 0.181517 0.0248109
0.305483 0.238251 0.125423 0.147658 0.107706 0.0754787
0.318963 0.0304748 0.55931 0.0910521 9.9982E-05 9.9982E-05
9.9973E-05 9.9973E-05 0.0500237 0.947786 9.9973E-05 0.00189014
0.281029 0.198863 0.458742 0.0207509 0.0405151 9.9991E-05
0.267957 0.22403 0.184806 0.292244 9.9991E-05 0.0308632
0.200218 0.274446 0.31887 9.9991E-05 0.105281 0.101085
0.34386 9.9982E-05 0.454997 0.160792 9.9982E-05 0.0401511
0.0602295 0.0517512 0.137916 0.567933 0.182071 9.9991E-05
0.0136808 0.0394406 0.345611 0.43136 0.169808 9.9991E-05
0.356531 0.082269 9.9973E-05 0.5609 9.9973E-05 9.9973E-05
0.64466 0.00621666 0.346715 0.00220878 9.9982E-05 9.9982E-05
9.9982E-05 0.0802443 0.175494 0.710204 0.0338579 9.9982E-05
0.403598 0.0307992 0.175997 0.362629 0.0235299 0.00344678
0.394767 0.0730599 0.288289 9.9991E-05 0.182957 0.0608267
9.99641E-05 9.99641E-05 9.99641E-05 0.954477 0.0451232 9.99641E-05
9.9964E-05 9.9964E-05 0.56453 0.43507 9.9964E-05 9.9964E-05
0.271702 0.220454 0.339928 0.0436759 0.107916 0.0163243
0.175558 9.9982E-05 0.429512 0.370785 0.0239447 9.9982E-05
0.632325 0.196623 9.9973E-05 0.170752 9.9973E-05 9.9973E-05
0.413119 0.0432572 0.36008 9.9991E-05 0.152983 0.0304596
0.202827 9.9982E-05 0.245075 0.278222 0.273676 9.9982E-05
0.59158 0.0371819 0.26706 9.9982E-05 0.103978 9.9982E-05
0.411307 0.136687 0.403259 9.9982E-05 0.048547 9.9982E-05
0.438287 0.150304 0.234425 9.9991E-05 0.162833 0.0140505
0.199083 0.231401 0.256928 0.174191 0.0699533 0.0684436
0.579729 0.0237729 0.0745436 0.22257 0.0807428 0.0186419
0.569229 0.0566729 0.0161176 9.9991E-05 0.230809 0.127072
0.55056 0.081695 0.219157 0.0882823 9.9991E-05 0.0602058
0.0386432 0.205571 0.5155 9.9991E-05 0.137116 0.103069
0.157234 0.044398 0.525282 9.9982E-05 0.272886 9.9982E-05
0.227499 0.0437924 0.399538 0.244212 0.0487163 0.0362425
0.573242 0.236509 0.183556 9.9982E-05 0.00649304 9.9982E-05
0.313442 0.0869344 0.395776 9.9982E-05 0.203648 9.9982E-05
0.226833 0.0615094 0.286265 9.9991E-05 0.359105 0.0661874
0.218209 0.0887149 0.2408 9.9991E-05 0.237292 0.214885
0.0685378 0.269568 0.300302 0.250202 0.0830389 0.0283515
0.716218 0.0329006 9.9991E-05 0.0206524 0.0187785 0.211351
0.226845 0.125719 0.417607 0.132617 0.0971119 9.9991E-05
0.388005 0.113933 0.277336 9.9982E-05 0.220526 9.9982E-05
0.594036 0.128167 0.103453 9.9991E-05 0.16286 0.0113828
0.434747 0.0303942 0.224386 9.9991E-05 0.282237 0.0281362
0.445639 0.0552819 0.107782 0.373168 0.0180286 9.9991E-05
0.186965 0.114884 0.307623 0.390329 9.9982E-05 9.9982E-05
0.857476 0.0485324 0.0218986 9.9982E-05 0.0718929 9.9982E-05
0.454665 0.166237 9.9982E-05 9.9982E-05 0.368538 0.0103601
0.546485 9.9982E-05 0.188743 9.9982E-05 0.22612 0.0384529
0.398436 0.167024 0.373873 9.9991E-05 0.024078 0.0364887
0.126541 0.243714 0.306579 0.322966 9.9982E-05 9.9982E-05
0.325302 0.133731 0.329784 0.15046 0.0606229 9.9991E-05
0.304823 0.113166 0.313176 9.9991E-05 0.239655 0.0290813
0.0282078 0.102465 0.148936 0.556433 0.163858 9.9991E-05
0.449122 0.0474757 0.030636 0.228835 0.243832 9.9991E-05
0.161837 0.22473 0.354834 0.136251 9.9991E-05 0.122249
9.9982E-05 0.0686719 0.103968 0.758725 0.0684355 9.9982E-05
0.166153 0.131442 0.5117 9.9982E-05 0.190506 9.9982E-05
0.318817 0.249988 0.226442 0.0391674 0.165486 9.9991E-05
0.59776 0.119744 0.282196 9.9973E-05 9.9973E-05 9.9973E-05
0.641357 0.0291776 0.158602 9.9982E-05 0.170663 9.9982E-05
0.298265 0.128808 0.380288 9.9991E-05 0.0583567 0.134182
0.468755 0.151043 0.355434 9.9982E-05 0.024568 9.9982E-05
0.693977 9.9973E-05 0.0491726 9.9973E-05 0.25655 9.9973E-05
0.767875 0.135755 0.0253676 9.9982E-05 0.0708025 9.9982E-05
0.205906 0.15927 0.138874 0.187764 0.308086 9.9991E-05
0.572478 0.248301 0.0711501 9.9982E-05 0.107872 9.9982E-05
0.702073 0.211948 0.0291097 9.9982E-05 0.0566693 9.9982E-05
9.9982E-05 0.124769 0.681203 0.0720045 0.121824 9.9982E-05
0.574423 0.159152 0.187226 9.9982E-05 0.0789999 9.9982E-05
0.552332 0.192782 0.195682 0.00482896 0.0542752 9.9991E-05
0.403189 0.041478 0.138667 0.384084 0.0324823 9.9991E-05
0.477446 0.0583927 0.175126 0.288836 9.9982E-05 9.9982E-05
0.59263 0.0119123 0.355956 9.9982E-05 0.0393022 9.9982E-05
0.120983 0.0695179 0.155653 0.536894 0.116851 9.9991E-05
0.243761 0.107528 0.497278 9.9982E-05 0.151233 9.9982E-05
0.401413 0.0654696 0.283377 0.249541 9.9982E-05 9.9982E-05
0.460372 0.0146145 0.14639 0.0492218 0.329302 9.9991E-05
9.9973E-05 0.285389 0.612997 0.101313 9.9973E-05 9.9973E-05
0.149582 0.0971019 0.321527 0.266192 9.9991E-05 0.165498
0.228607 0.186657 0.0388442 0.508241 0.0375513 9.9991E-05
0.380102 9.9973E-05 0.470711 9.9973E-05 0.148887 9.9973E-05
0.351467 0.0988194 0.431339 9.9982E-05 0.118175 9.9982E-05
0.38144 0.167518 0.126599 0.324243 9.9982E-05 9.9982E-05
0.367128 0.0785836 0.318881 9.9982E-05 0.235207 9.9982E-05
0.562281 0.0544018 0.319195 9.9982E-05 9.9982E-05 0.0639225
0.121255 0.0545944 9.9982E-05 0.795552 9.9982E-05 0.0283986
0.563157 0.181602 0.187118 9.9982E-05 0.0679232 9.9982E-05
0.579161 9.9973E-05 0.351726 9.9973E-05 0.0688131 9.9973E-05
0.638597 0.0375201 0.19988 0.0352859 0.0627047 0.0260121
0.433862 0.172584 0.212905 0.0214012 0.159147 9.9991E-05
0.687077 0.139536 0.0878392 0.0196124 0.0658354 9.9991E-05
0.577656 0.161591 0.160284 9.9982E-05 0.100268 9.9982E-05
0.650074 0.107311 0.137555 0.0377597 0.0581328 0.00916788
0.58386 0.0141381 0.15322 0.131709 0.116973 9.9991E-05
0.0737575 0.175411 0.236818 0.50803 0.00588336 9.9991E-05
0.528187 0.191086 0.280427 9.9973E-05 9.9973E-05 9.9973E-05
0.774168 0.207822 9.9973E-05 9.9973E-05 9.9973E-05 0.0177097
0.176159 0.258481 0.25052 0.0862902 0.228449 9.9991E-05
0.339562 0.273793 9.9973E-05 0.386346 9.9973E-05 9.9973E-05
0.617878 0.161648 0.0696018 9.9982E-05 0.150672 9.9982E-05
0.472566 9.9982E-05 0.286772 0.239589 9.9982E-05 0.000873821
0.654822 0.0343515 0.160435 9.9982E-05 0.150192 9.9982E-05
0.311751 0.0783009 0.282497 0.281963 0.0453876 9.9991E-05
0.270354 0.142599 0.367132 0.0709907 9.9991E-05 0.148824
0.121937 0.268959 0.134724 0.423855 9.9991E-05 0.0504252
0.566552 0.0680355 0.0284293 0.283092 0.0537905 9.9991E-05
0.345785 0.110179 0.17352 0.0377258 0.325861 0.00692967
0.515328 0.0969353 0.211255 0.176281 9.9982E-05 9.9982E-05
0.504174 0.228188 0.246314 9.9982E-05 0.0211241 9.9982E-05
0.477075 0.172237 0.196792 0.0239906 0.129806 9.9991E-05
0.389361 0.28382 0.261749 9.9982E-05 9.9982E-05 0.0648698
0.417651 0.158136 0.123399 0.253861 9.9991E-05 0.0468521
0.314798 0.141528 0.542104 9.9982E-05 9.9982E-05 0.00137006
0.280989 0.0643567 0.252295 9.9982E-05 0.402159 9.9982E-05
0.555164 0.052185 0.137128 9.9982E-05 0.255323 9.9982E-05
0.289766 0.0259483 9.9982E-05 0.608276 0.0758102 9.9982E-05
9.9964E-05 9.9964E-05 9.9964E-05 0.842927 0.156673 9.9964E-05
0.377995 0.0595972 0.335178 0.065203 0.157185 0.00484188
0.279078 0.178171 0.259632 0.068809 0.21421 9.9991E-05
0.11895 0.136662 0.391178 0.112452 0.240658 9.9991E-05
0.144815 0.0635111 0.664281 0.0856342 0.0416589 9.9991E-05
0.266932 9.9991E-05 0.363674 0.201822 0.130334 0.0371379
0.517498 0.0309684 9.9982E-05 0.121698 0.329636 9.9982E-05
0.360683 0.154103 0.168247 9.9982E-05 0.316767 9.9982E-05
0.444188 0.166806 0.207326 9.9991E-05 0.176017 0.00556274
0.448641 0.038649 0.221053 0.0298193 0.261738 9.9991E-05
0.444956 9.9982E-05 0.260718 9.9982E-05 0.242525 0.0516009
0.813242 0.0939272 0.0565607 9.9982E-05 0.0360698 9.9982E-05
0.562637 0.108365 0.187462 9.9982E-05 0.141336 9.9982E-05
0.167664 0.421473 0.320274 0.0256845 0.0411264 0.0237768
0.410507 0.0362467 0.333896 9.9991E-05 0.135916 0.0833342
0.551291 0.313506 0.134903 9.9973E-05 9.9973E-05 9.9973E-05
0.317904 0.0925875 0.32637 9.9982E-05 0.262939 9.9982E-05
0.26059 9.9973E-05 0.587557 9.9973E-05 0.151553 9.9973E-05
0.490422 0.161277 0.0905571 0.174112 0.0718672 0.0117647
0.193383 0.108629 9.9982E-05 0.560666 9.9982E-05 0.137122
0.0302927 0.0667164 0.355425 0.41814 0.129327 9.9991E-05
0.0923649 9.9982E-05 9.9982E-05 0.82963 0.0210118 0.0567935
0.456766 0.0363557 0.265624 9.9982E-05 0.241054 9.9982E-05
0.128433 0.00946198 0.0046791 0.817528 9.9991E-05 0.0397983
0.0478548 0.0487042 0.169251 0.697776 0.0110624 0.0253522
0.293029 0.20233 0.206414 0.0273912 0.270735 9.9991E-05
0.588448 0.148129 9.9991E-05 0.027751 0.0924585 0.143113
0.667338 0.176711 0.022392 9.9982E-05 9.9982E-05 0.13336
0.176278 9.9982E-05 0.0851012 0.727908 9.9982E-05 0.0105131
0.693592 9.9991E-05 0.158026 0.000180278 0.110068 0.0380341
0.0302236 0.171239 0.409923 0.387993 0.000521383 9.9991E-05
0.46745 0.325688 9.9982E-05 0.02337 0.183292 9.9982E-05
9.9982E-05 0.00519223 0.00510102 0.82242 0.167087 9.9982E-05
0.315272 0.0241111 0.413501 0.116648 9.9991E-05 0.130368
0.690124 0.0014802 0.219474 0.00568686 0.0831349 9.9991E-05
0.797702 0.0111618 0.0155295 9.9991E-05 0.139443 0.0360631
0.338286 0.12062 0.413503 9.9982E-05 0.127391 9.9982E-05
0.207745 0.0960484 9.9973E-05 0.695906 9.9973E-05 9.9973E-05
0.491013 0.102441 0.187998 0.17936 9.9991E-05 0.0390882
0.0137789 9.9991E-05 0.440802 0.353672 0.149384 0.0422626
0.474243 0.241108 0.104099 0.0103076 0.0777181 0.0925237
9.9973E-05 9.9973E-05 0.229438 0.708368 0.0618948 9.9973E-05
0.242674 0.0831073 0.227386 0.0754787 0.241205 0.130149
0.103797 0.0382438 0.298889 0.361455 0.197516 9.9991E-05
0.455745 0.234537 0.222434 0.00509704 0.0820881 9.9991E-05
0.149957 0.0536601 0.360028 0.157328 0.278928 9.9991E-05
0.336669 0.00535783 0.0910276 0.538191 0.00175324 0.0270012
0.47733 0.323659 0.00951628 9.9991E-05 0.0936381 0.0957566
0.448312 0.144165 0.0997412 0.0231197 0.284563 9.9991E-05
0.285238 0.173915 0.210907 9.9991E-05 0.325702 0.0041376
0.531819 0.042697 0.138647 0.00274788 0.283989 9.9991E-05
9.9973E-05 9.9973E-05 0.503055 0.406048 0.0905966 9.9973E-05
0.32674 0.0273577 0.52498 9.9991E-05 0.0627349 0.0580883
0.69514 0.0465873 0.0848873 9.9991E-05 0.134904 0.0383811
0.688889 0.121298 0.1222 0.0286349 9.9991E-05 0.0388786
0.382455 0.0816361 0.00351068 0.496835 9.9991E-05 0.0354633
0.292068 0.0882235 0.36919 0.180095 0.0703237 9.9991E-05
0.594959 0.107486 0.111255 0.00845386 0.160904 0.0169415
9.9982E-05 0.419026 0.259432 0.0718785 0.249463 9.9982E-05
0.187939 0.10687 0.308999 0.132475 0.263617 9.9991E-05
0.374747 0.0774789 0.345055 9.9982E-05 0.202519 9.9982E-05
0.101812 0.121044 0.360272 0.294745 0.0876913 0.0344361
0.0702605 0.33414 0.552958 0.027666 0.0148754 9.9991E-05
0.264416 9.9982E-05 0.194104 0.426698 0.114582 9.9982E-05
0.685942 9.9973E-05 0.101697 9.9973E-05 0.21206 9.9973E-05
0.564847 0.0987886 0.253107 9.9982E-05 0.0830576 9.9982E-05
0.637512 0.0745494 0.218973 9.9991E-05 0.0359973 0.0328679
0.775312 0.0821691 0.0493214 9.9991E-05 0.0600777 0.0330201
0.502884 0.140396 0.0898099 9.9991E-05 0.189408 0.0774016
0.485564 0.0509534 0.22794 9.9982E-05 0.235343 9.9982E-05
0.159677 0.0167015 0.478443 0.236599 0.10848 9.9991E-05
0.191428 0.0799297 0.546178 0.0191485 0.163216 9.9991E-05
0.578058 0.167234 0.121022 9.9982E-05 0.133486 9.9982E-05
0.80804 0.013886 0.103061 0.0596115 9.9991E-05 0.0153011
0.166022 0.0841326 0.488629 9.9982E-05 0.261017 9.9982E-05
9.9991E-05 0.1006 0.58765 0.216897 0.0410615 0.0536915
0.427784 0.240218 0.0367065 9.9991E-05 0.223701 0.0714905
0.63659 0.0740971 0.0425327 0.0233324 0.19159 0.0318578
9.9982E-05 0.0317328 0.0921718 0.836316 0.0395791 9.9982E-05
0.210557 9.9973E-05 9.9973E-05 0.660774 0.128368 9.9973E-05
0.570745 0.299504 0.100986 9.9991E-05 0.0109582 0.0177076
0.318047 0.117105 0.0347616 0.00350963 0.240217 0.28636
0.0142061 0.196627 0.114731 0.00380275 0.187142 0.483492
0.203202 0.0361964 0.0276192 0.0418311 0.279208 0.411943
0.374066 0.0441712 0.278373 9.9991E-05 0.259624 0.0436654
0.180186 0.0630345 9.9982E-05 9.9982E-05 0.305095 0.451485
0.214769 9.9991E-05 0.117493 0.00384769 0.295051 0.368738
9.9982E-05 0.0496397 0.409122 9.9982E-05 0.0199206 0.521118
9.9982E-05 0.0110928 9.9982E-05 0.0162701 0.562686 0.409751
0.0276339 0.0407246 0.104537 0.0208689 0.446354 0.359881
0.281291 0.0199038 0.127358 9.9991E-05 0.336506 0.23484
0.212986 0.0837601 0.25065 9.9991E-05 0.181694 0.27081
0.0816552 0.159046 0.13713 0.0118823 0.162303 0.447984
0.344108 0.016351 0.196406 9.9991E-05 0.3454 0.0976357
0.0896309 0.167875 9.9982E-05 9.9982E-05 0.531943 0.210351
0.125942 0.142098 9.9982E-05 9.9982E-05 0.369206 0.362554
0.0645269 0.0555974 0.120043 0.0515203 0.143928 0.564385
0.288664 0.023316 0.190683 9.9991E-05 0.0772538 0.419983
0.0343057 0.0683286 0.35533 9.9991E-05 0.227903 0.314032
9.9982E-05 0.115049 9.9982E-05 0.76434 0.0077193 0.112691
0.208007 0.050949 0.0532028 0.00407894 0.40769 0.276073
0.0748444 0.0658322 0.0591639 9.9991E-05 0.576358 0.223702
0.40974 0.0234789 0.29055 0.0712238 0.155397 0.049611
0.0528139 0.0802407 0.0237489 9.9991E-05 0.158651 0.684445
9.9982E-05 0.314319 0.0169137 9.9982E-05 0.224098 0.444469
0.224696 0.216133 0.391967 9.9991E-05 0.0731881 0.093916
0.173616 9.9982E-05 9.9982E-05 0.0380867 0.297728 0.490369
0.0445342 0.0681681 0.27426 9.9991E-05 0.330575 0.282363
0.139571 0.111526 0.136638 9.9991E-05 0.342402 0.269763
0.0834409 9.9991E-05 0.142244 0.0205756 0.291264 0.462375
9.9991E-05 0.140727 0.0677341 0.0393854 0.409456 0.342598
9.9982E-05 0.087724 0.0677499 9.9982E-05 0.249683 0.594643
0.163708 9.9982E-05 9.9982E-05 0.0365175 0.299828 0.499747
0.0858033 0.00632515 0.0987317 0.0256956 0.34669 0.436754
0.105506 0.0143038 0.146191 9.9991E-05 0.382671 0.351228
9.9991E-05 0.0125947 0.279543 0.0522342 0.092441 0.563087
9.9973E-05 9.9973E-05 0.21297 9.9973E-05 0.448088 0.338642
9.9991E-05 0.125301 0.238313 0.0155842 0.0945367 0.526165
0.410965 0.00616282 9.9973E-05 9.9973E-05 0.582572 9.9973E-05
0.160659 0.120176 9.9982E-05 9.9982E-05 0.234295 0.484671
0.237713 0.149821 0.0753461 9.9991E-05 0.207563 0.329457
0.273169 0.0563134 0.107364 0.0175198 0.0849254 0.460708
0.0455057 0.0931123 0.412237 9.9991E-05 0.0898364 0.359208
0.147808 9.9973E-05 9.9973E-05 9.9973E-05 0.301063 0.550829
0.476983 9.9982E-05 0.183458 9.9982E-05 0.242704 0.0966542
0.269801 9.9982E-05 9.9982E-05 0.0166721 0.177184 0.536143
0.145585 0.0233181 0.49301 0.290879 0.0171203 0.0300885
0.243122 0.095746 0.284784 9.9991E-05 0.323829 0.0524185
0.411064 0.129896 0.322459 9.9982E-05 9.9982E-05 0.136381
0.138537 0.0786718 0.131797 9.9991E-05 0.267189 0.383706
0.0457238 0.0297723 0.130762 0.00359324 0.474098 0.31605
0.062082 0.0313758 9.9991E-05 0.0288821 0.402617 0.474943
0.20537 0.00113253 0.360609 9.9991E-05 0.129586 0.303202
0.142206 0.0582365 0.0963255 0.0142574 0.409937 0.279037
0.163709 9.9991E-05 0.012866 0.0256832 0.371144 0.426497
0.215064 0.0872074 0.231143 9.9991E-05 0.120028 0.346458
9.9973E-05 9.9973E-05 0.176997 9.9973E-05 0.235782 0.586921
0.252352 0.000319513 0.116459 9.9991E-05 0.147243 0.483527
0.353923 0.0217563 0.207484 0.00954128 0.265315 0.141979
0.172744 9.9982E-05 0.0450257 9.9982E-05 0.168487 0.613543
0.170087 9.9982E-05 0.0545768 9.9982E-05 0.165395 0.609741
0.0806355 0.0927259 9.9991E-05 0.0456001 0.402906 0.378032
0.0354145 0.240729 0.00502317 9.9991E-05 0.193814 0.524919
0.567747 0.196701 0.0546837 0.00586185 0.0307119 0.144294
0.0895946 0.0925425 9.9982E-05 9.9982E-05 0.296914 0.520749
0.210822 0.0149341 0.529765 0.157849 9.9991E-05 0.0865304
0.191838 9.9991E-05 0.0435175 0.0244613 0.479295 0.260788
9.9991E-05 0.147309 0.000525728 0.0531688 0.308639 0.490258
0.274848 0.0371007 0.44756 0.0589557 0.123058 0.0584771
9.9991E-05 0.0328949 0.153832 0.0545735 0.464088 0.294511
0.00440073 9.9982E-05 0.349471 9.9982E-05 0.142873 0.503055
0.0727228 0.0183232 0.0702662 9.9991E-05 0.348396 0.490192
9.9973E-05 9.9973E-05 0.18062 9.9973E-05 0.463939 0.355141
0.204325 0.188718 0.110715 0.0171408 0.255853 0.223248
0.132034 0.0751238 0.035375 9.9991E-05 0.317792 0.439575
0.0554133 0.0568588 0.236902 0.0308257 0.138497 0.481504
0.296107 0.158399 9.9982E-05 9.9982E-05 0.142805 0.402489
0.231684 0.14355 0.317727 9.9991E-05 0.155012 0.151927
0.0792191 0.269202 0.102269 9.9991E-05 0.169196 0.380015
0.0384139 0.0227316 0.366134 9.9991E-05 0.316471 0.25615
9.9982E-05 0.0310239 0.21352 0.73555 9.9982E-05 0.019706
0.313332 9.9982E-05 0.00107175 9.9982E-05 0.354777 0.330619
0.503051 0.043743 0.0891487 0.142332 0.221625 9.9991E-05
9.9991E-05 0.0880339 0.219108 0.00181934 0.128346 0.562593
0.114386 0.190834 0.155411 0.0193902 0.35757 0.162409
0.320899 0.109049 0.128721 9.9991E-05 0.271332 0.169898
0.604823 0.0553806 9.9982E-05 9.9982E-05 0.32615 0.0134468
0.177616 0.0648918 0.223911 9.9991E-05 0.185007 0.348475
0.18357 0.00049136 0.124126 9.9991E-05 0.331184 0.360528
0.0724074 0.0374096 0.117794 9.9991E-05 0.431177 0.341112
0.146992 0.0920022 9.9991E-05 0.0428877 0.370737 0.347282
0.257292 0.226425 0.180438 9.9991E-05 0.321586 0.0141596
0.0377861 0.130046 0.112016 0.0132862 0.302525 0.404341
0.128113 9.9982E-05 0.263712 9.9982E-05 0.256114 0.351861
0.226635 0.0498125 0.114063 9.9991E-05 0.266261 0.343128
0.539609 0.076689 0.354509 9.9982E-05 9.9982E-05 0.0289937
0.00687478 0.108893 0.163817 9.9991E-05 0.203138 0.517176
0.0561806 0.0736369 0.231969 9.9991E-05 0.192809 0.445305
0.191228 0.118843 9.9982E-05 9.9982E-05 0.331183 0.358546
0.36688 9.9973E-05 9.9973E-05 9.9973E-05 0.396893 0.235927
0.249331 0.249775 0.449791 9.9982E-05 0.0509035 9.9982E-05
9.9973E-05 9.9973E-05 0.134548 0.861095 0.00405651 9.9973E-05
9.9982E-05 0.0712039 0.305131 9.9982E-05 0.171914 0.451551
0.406232 0.0874106 9.9982E-05 9.9982E-05 0.290468 0.21569
0.417864 0.0843645 0.0489345 9.9991E-05 0.0541103 0.394627
0.18782 0.1203 9.9991E-05 0.0128228 0.226852 0.452106
9.9991E-05 0.0790509 0.137355 0.0400522 0.295896 0.447546
0.204136 0.0324499 0.087497 9.9991E-05 0.238427 0.43739
9.9973E-05 9.9973E-05 0.203592 9.9973E-05 0.473953 0.322155
0.0827262 9.9991E-05 0.00384678 0.0801097 0.169897 0.663321
0.0652433 9.9991E-05 0.0698363 0.0347004 0.253734 0.576386
0.320591 0.0624911 0.0445108 9.9991E-05 0.350547 0.22176
0.420899 0.265706 0.198799 9.9991E-05 0.0314822 0.0830141
0.0646226 9.9982E-05 0.0918385 9.9982E-05 0.376508 0.466831
0.245661 0.0667346 9.9982E-05 9.9982E-05 0.335675 0.351729
0.51714 0.151332 9.9973E-05 9.9973E-05 0.331228 9.9973E-05
0.0521234 0.222622 0.0473373 0.00103257 0.237663 0.439222
0.28944 0.2146 0.290468 9.9982E-05 0.205292 9.9982E-05
0.261514 0.166933 9.9991E-05 0.0421688 0.10397 0.425314
0.0348094 9.9982E-05 0.172713 9.9982E-05 0.556893 0.235385
0.378305 9.9982E-05 0.277317 9.9982E-05 0.221274 0.122904
0.0947443 0.127583 0.148427 9.9991E-05 0.263818 0.365327
0.128196 0.233878 0.303197 9.9991E-05 0.0370738 0.297555
9.9973E-05 9.9973E-05 9.9973E-05 0.00615799 0.8729 0.120642
9.9964E-05 9.9964E-05 9.9964E-05 0.489913 0.509687 9.9964E-05
0.0735971 0.0614554 9.9991E-05 0.0110616 0.478493 0.375292
0.231375 9.9991E-05 0.00586906 0.0129452 0.411179 0.338532
0.00144718 9.9982E-05 0.162725 9.9982E-05 0.4316 0.404028
0.0822465 0.0740043 0.228453 0.0263404 0.193175 0.395781
0.196981 0.0799886 9.9982E-05 9.9982E-05 0.286439 0.436391
0.0741737 0.118356 9.9982E-05 9.9982E-05 0.352273 0.454998
0.0707753 0.144829 9.9982E-05 9.9982E-05 0.426728 0.357468
0.607871 0.0496131 0.317467 9.9982E-05 0.0248493 9.9982E-05
0.0886315 0.023763 0.223916 0.00964418 0.352257 0.301789
0.16252 0.165834 9.9982E-05 9.9982E-05 0.190395 0.481051
9.9991E-05 0.0819656 0.107095 0.00681459 0.185836 0.618188
0.0549634 0.197568 0.178214 0.0245422 0.0311931 0.51352
0.0391773 0.0278233 0.317013 9.9991E-05 0.357043 0.258843
0.276781 0.0937221 0.04304 0.0733259 0.215647 0.297484
0.572534 9.9973E-05 9.9973E-05 9.9973E-05 0.173204 0.253963
0.00858732 0.178927 0.34751 0.0120864 0.160892 0.291997
0.0970328 0.00223062 0.256561 9.9991E-05 0.268 0.376076
9.9982E-05 0.0914484 0.290099 9.9982E-05 0.224992 0.393261
0.612447 0.119557 0.077475 0.046999 0.143423 9.9991E-05
0.358079 9.9991E-05 0.0182759 0.0309408 0.379443 0.213161
9.9982E-05 0.093353 0.14066 9.9982E-05 0.33672 0.429067
0.0273149 0.0600156 0.193626 0.0188151 0.106572 0.593656
0.0389113 0.0940772 0.158568 9.9991E-05 0.429367 0.278976
9.9964E-05 9.9964E-05 9.9964E-05 9.9964E-05 0.660752 0.338848
0.0935474 0.253927 0.150141 9.9991E-05 0.150231 0.352054
0.378703 0.0197858 0.446239 9.9982E-05 0.155072 9.9982E-05
0.444178 0.0793123 0.137148 0.0525482 0.240115 0.0466978
0.167483 9.9991E-05 0.139173 0.0159813 0.275587 0.401675
0.183122 0.124292 9.9982E-05 9.9982E-05 0.191903 0.500483
0.129044 9.9982E-05 0.103067 9.9982E-05 0.38257 0.385119
0.333551 0.205183 9.9982E-05 9.9982E-05 0.158204 0.302862
0.0445137 0.218625 9.9991E-05 0.00277515 0.26736 0.466627
9.9973E-05 9.9973E-05 0.322959 9.9973E-05 0.22803 0.448711
0.104563 0.0900197 0.519277 0.169752 0.0743829 0.0420058
0.226981 0.0692524 0.0112989 0.0529569 0.283557 0.355954
0.161366 0.106141 0.156157 9.9991E-05 0.205437 0.3708
0.0530174 0.163424 0.223675 0.28231 0.135168 0.142405
0.27052 9.9991E-05 0.356094 0.225905 0.126339 0.0210423
0.0903699 0.0646491 0.0321184 9.9991E-05 0.314652 0.498111
0.0306435 0.10791 0.172338 0.0658015 0.407329 0.215978
0.0632499 0.0675697 0.0823862 9.9991E-05 0.320301 0.466393
0.62424 9.9982E-05 0.202698 9.9982E-05 0.167019 0.00584326
0.0851599 0.161426 0.155819 9.9991E-05 0.199586 0.397909
0.240045 9.9982E-05 9.9982E-05 0.000430726 0.355326 0.403999
0.0039011 0.078655 0.535372 0.219889 0.106765 0.0554181
0.201813 0.0601097 0.151741 9.9991E-05 0.0736366 0.5126
0.177562 0.0625087 9.9991E-05 0.00894658 0.233857 0.517026
0.118444 9.9982E-05 9.9982E-05 0.0313138 0.500122 0.349921
0.0755377 0.0278899 0.166326 9.9991E-05 0.369813 0.360333
0.0754314 0.0484996 0.108088 9.9991E-05 0.231433 0.536448
9.9982E-05 0.150647 0.202564 9.9982E-05 0.272068 0.37452
0.0938624 0.102669 0.1503 9.9991E-05 0.23073 0.422338
0.264914 0.0558493 9.9982E-05 9.9982E-05 0.499335 0.179702
0.185848 0.195794 9.9982E-05 9.9982E-05 0.044226 0.573932
0.152774 0.0428056 0.143904 9.9991E-05 0.221157 0.439259
9.9982E-05 0.14547 0.154731 0.612408 9.9982E-05 0.08719
0.0103661 0.0220862 0.0401595 9.9991E-05 0.469087 0.458201
9.9973E-05 9.9973E-05 0.124447 9.9973E-05 0.396277 0.478975
0.167917 0.107922 0.335695 9.9991E-05 0.331798 0.0565673
9.9973E-05 0.0558837 9.9973E-05 9.9973E-05 0.451961 0.491856
0.0966775 0.0581905 0.317038 9.9991E-05 0.165972 0.362022
9.9982E-05 0.0392479 0.319378 9.9982E-05 0.324659 0.316515
0.249851 0.0674671 0.374725 0.0306358 0.0607441 0.216577
9.9973E-05 9.9973E-05 0.185273 9.9973E-05 0.553471 0.260955
0.0829501 0.0633232 0.0583992 0.00737393 0.216542 0.571412
9.9991E-05 0.186148 0.115775 0.0410859 0.215141 0.44175
0.114084 0.165832 0.0252315 9.9991E-05 0.288796 0.405957
0.148356 9.9982E-05 0.354672 9.9982E-05 0.168197 0.328576
9.9964E-05 9.9964E-05 9.9964E-05 0.98123 9.9964E-05 0.0183699
9.9982E-05 0.0316461 0.269294 9.9982E-05 0.496376 0.202484
0.296064 0.0424372 0.109889 9.9991E-05 0.294869 0.25664
0.144237 0.226021 0.0475851 9.9991E-05 0.279484 0.302573
0.0778429 0.187753 0.0660229 9.9991E-05 0.292556 0.375725
9.9991E-05 0.0947422 0.103156 0.0235218 0.30601 0.47247
0.125362 0.0545782 0.0493823 0.0693169 0.338445 0.362916
9.9973E-05 0.257605 0.183942 0.558153 9.9973E-05 9.9973E-05
0.0229861 0.0562594 0.187471 9.9991E-05 0.368701 0.364483
9.9973E-05 9.9973E-05 0.297852 9.9973E-05 0.347048 0.3548
0.293567 0.0830292 9.9982E-05 9.9982E-05 0.212621 0.410583
0.201753 0.0358247 0.0866201 9.9991E-05 0.3844 0.291302
0.0168356 0.15002 0.0703995 9.9991E-05 0.344061 0.418584
0.0121327 9.9982E-05 0.24934 9.9982E-05 0.385565 0.352762
0.0643607 0.0796892 0.26491 9.9991E-05 0.262423 0.328517
0.108015 0.163576 9.9991E-05 0.0142419 0.481368 0.232699
9.9982E-05 0.12978 0.280176 9.9982E-05 0.262474 0.327369
0.388291 0.159682 9.9973E-05 9.9973E-05 9.9973E-05 0.451727
0.000834605 9.9991E-05 0.0662977 0.001706 0.517486 0.413575
0.288887 9.9982E-05 0.158691 9.9982E-05 0.290971 0.261251
0.24255 0.0594937 0.128416 9.9991E-05 0.300538 0.268902
0.129699 9.9991E-05 0.120101 0.0261019 0.245401 0.478598
0.165578 9.9982E-05 0.27641 9.9982E-05 0.208041 0.349772
0.30189 0.0993608 0.149468 0.0203102 0.196766 0.232205
0.176817 0.209126 0.0209843 9.9991E-05 0.145643 0.447331
0.0876599 9.9991E-05 0.0625838 0.030995 0.246468 0.572193
0.188034 0.161832 9.9991E-05 0.0399065 0.253239 0.356888
0.230947 0.13336 0.109727 9.9991E-05 0.140479 0.385388
0.417849 9.9982E-05 0.137284 9.9982E-05 0.232219 0.212448
0.0843347 0.0925157 9.9982E-05 9.9982E-05 0.409512 0.413438
0.345088 0.188404 0.0563239 9.9991E-05 0.131232 0.278852
0.276238 9.9982E-05 0.125026 9.9982E-05 0.115294 0.483242
0.0249076 9.9982E-05 0.0944293 0.879013 0.0014499 9.9982E-05
0.152023 0.0632442 0.391973 0.287733 0.0717863 0.0332399
0.182609 0.228129 0.223245 0.197127 9.9991E-05 0.16879
9.9973E-05 9.9973E-05 0.520064 0.47814 9.9973E-05 0.00149578
0.15551 0.0340954 0.507423 9.9991E-05 0.251825 0.0510459
0.497454 0.0808874 0.113469 9.9991E-05 0.271612 0.036477
0.237519 0.458299 0.131228 0.0701608 9.9991E-05 0.102693
9.9982E-05 0.13444 0.152509 9.9982E-05 0.24623 0.466621
0.291124 0.0623277 0.105841 0.0117581 0.182093 0.346857
9.9973E-05 9.9973E-05 0.210779 9.9973E-05 0.273574 0.515346
0.343982 0.123782 0.119116 9.9991E-05 0.221509 0.19151
0.239921 0.0314316 0.0379675 0.0383456 0.225764 0.42657
0.149881 0.0712827 0.134417 9.9991E-05 0.364213 0.280105
0.103605 0.0417985 0.318941 9.9991E-05 0.30695 0.228605
0.233026 0.133261 9.9991E-05 0.0183032 0.230866 0.384444
0.309318 9.9991E-05 0.0106587 0.00145257 0.280479 0.397992
9.9982E-05 0.256289 0.25033 9.9982E-05 0.0604103 0.43277
0.173622 0.149459 0.137843 0.00139468 0.183271 0.354411
0.195362 0.176124 0.427858 9.9991E-05 0.0141713 0.186385
9.9991E-05 0.0289042 0.0942959 0.073749 0.571773 0.231178
9.9973E-05 0.19848 9.9973E-05 9.9973E-05 0.364165 0.437055
0.137472 0.219433 0.0516653 0.0318473 0.283966 0.275616
0.0977914 9.9991E-05 0.0780706 0.724249 0.026432 0.0733567
0.237543 0.0703502 0.514989 0.0550151 9.9991E-05 0.122002
0.113656 9.9982E-05 0.178672 9.9982E-05 0.376759 0.330713
0.0970006 0.172961 9.9982E-05 9.9982E-05 0.294682 0.435156
0.129778 0.0600196 0.471177 0.134032 0.123281 0.0817125
0.0887165 9.9982E-05 0.0790623 9.9982E-05 0.503711 0.328311
0.0689877 0.010769 0.0558674 0.0425955 0.323502 0.498278
0.329918 0.240645 0.386002 9.9982E-05 0.0432358 9.9982E-05
0.27029 0.0456322 0.0330566 9.9991E-05 0.1871 0.463821
9.9982E-05 0.0485503 0.0813407 9.9982E-05 0.489126 0.380783
9.996E-05 9.996E-05 9.996E-05 9.996E-05 0.9995 9.996E-05
9.996E-05 9.996E-05 9.996E-05 9.996E-05 0.9995 9.996E-05
0.123918 0.0332765 0.130905 0.0980058 0.193417 0.420478
0.203756 0.0420741 0.0834448 9.9991E-05 0.173265 0.49736
9.9982E-05 9.9982E-05 0.513857 0.259999 0.189044 0.0369002
0.226996 0.130525 9.9982E-05 9.9982E-05 0.214261 0.428018
0.1546 0.149427 0.100144 0.00389255 0.213181 0.378755
9.9973E-05 0.0931 9.9973E-05 9.9973E-05 0.44396 0.46264
0.0629867 0.198961 0.322665 0.186096 0.126234 0.103057
0.296625 0.235978 0.0689888 9.9991E-05 0.231956 0.166351
0.2132 0.145635 0.396498 9.9991E-05 0.0273898 0.217177
0.21075 0.222139 9.9982E-05 9.9982E-05 0.160029 0.406881
0.238071 0.138658 0.427077 9.9991E-05 0.0921837 0.10391
0.152833 0.132468 9.9991E-05 0.0284313 0.13631 0.549858
0.276823 0.0925945 0.172601 9.9991E-05 0.198556 0.259326
0.149536 0.103268 9.9982E-05 9.9982E-05 0.333335 0.413661
0.291839 0.150656 9.9991E-05 0.00463783 0.163464 0.389303
0.0607246 0.118645 0.324649 0.189672 0.284071 0.0222393
0.0655928 0.0734784 0.15012 9.9991E-05 0.397213 0.313496
9.9973E-05 9.9973E-05 0.248799 0.688483 0.0624184 9.9973E-05
0.184111 0.223929 0.103625 9.9991E-05 0.0732335 0.415002
0.294178 0.0600122 0.0201426 9.9991E-05 0.0322262 0.593341
9.996E-05 9.996E-05 9.996E-05 0.9995 9.996E-05 9.996E-05
9.9973E-05 0.018347 9.9973E-05 0.885608 9.9973E-05 0.0957448
0.0348712 0.158193 0.312936 9.9991E-05 0.249977 0.243923
0.298941 0.13414 0.077641 0.0414255 0.282465 0.165387
9.9982E-05 0.0741634 0.11992 9.9982E-05 0.419452 0.386265
9.9991E-05 0.0269072 0.102984 0.0537302 0.44743 0.368849
0.284049 0.206249 9.9982E-05 9.9982E-05 0.232754 0.276749
0.0649138 0.171709 9.9982E-05 9.9982E-05 0.120406 0.642771
9.9982E-05 0.303598 0.256728 9.9982E-05 0.117252 0.322221
0.164736 9.9991E-05 0.340506 0.266047 0.172285 0.0563263
0.0793547 0.144945 0.176698 9.9991E-05 0.270958 0.327944
9.9991E-05 0.00560462 0.0794066 0.0666327 0.32287 0.525386
0.0909549 0.167163 0.289666 9.9991E-05 0.181529 0.270587
0.106227 0.193966 0.162898 9.9991E-05 0.305876 0.230933
0.244496 0.142838 0.0100867 0.10847 0.339708 0.154402
0.08283 9.9982E-05 0.253777 9.9982E-05 0.291872 0.371322
0.326766 9.9982E-05 9.9982E-05 0.0474633 0.36593 0.259641
0.22119 0.0824174 0.146676 9.9991E-05 0.275743 0.273874
0.153269 0.176852 0.129959 0.0440919 0.306933 0.188895
0.318993 0.0115979 0.402982 0.138663 0.020443 0.107321
0.255597 0.0720818 9.9991E-05 0.00744645 0.475045 0.18973
9.9964E-05 0.833536 9.9964E-05 9.9964E-05 9.9964E-05 0.166064
9.99639E-05 0.803316 9.99639E-05 9.99639E-05 9.99639E-05 0.196284
0.411433 0.0863881 0.00901974 9.9991E-05 0.145578 0.347481
0.352423 9.9982E-05 0.114335 9.9982E-05 0.255401 0.277642
0.403419 0.0342431 9.9982E-05 9.9982E-05 0.183289 0.378848
9.9982E-05 0.126189 0.280605 9.9982E-05 0.352309 0.240697
9.9973E-05 9.9973E-05 0.331271 9.9973E-05 0.241461 0.426968
0.228433 0.137224 9.9982E-05 9.9982E-05 0.370713 0.26343
0.192767 0.0368806 0.183353 0.0157203 0.236602 0.334677
0.270821 0.0751584 0.381448 9.9991E-05 0.142331 0.130142
0.282052 0.10678 0.0496595 0.0544663 0.0410466 0.465995
0.0876339 0.0486144 0.0661065 0.0937551 0.446776 0.257114
0.405644 0.120266 0.434842 9.9991E-05 0.0183362 0.0208116
0.1079 0.0216985 0.143241 9.9991E-05 0.431449 0.295612
0.296251 0.140764 9.9991E-05 0.032585 0.112241 0.41806
0.191842 0.129956 9.9982E-05 9.9982E-05 0.347001 0.331001
0.0921179 0.257591 0.0678318 9.9991E-05 0.179524 0.402836
0.0542995 0.0954636 0.229101 9.9991E-05 0.304543 0.316492
0.544765 9.9973E-05 0.155379 9.9973E-05 0.299556 9.9973E-05
0.0755215 0.166091 9.9982E-05 9.9982E-05 0.368595 0.389592
0.117171 0.132441 0.402394 9.9982E-05 0.347795 9.9982E-05
