9.9991E-05 0.196796 0.514452 0.191943 0.0396141 0.0570951
0.297205 0.324265 0.222956 0.144543 0.01093 9.9991E-05
0.545156 9.9991E-05 0.331593 0.0853282 0.0330614 0.00476141
0.164289 0.169833 0.486489 0.0319928 0.147296 9.9991E-05
0.170771 0.130512 0.633977 9.9991E-05 0.0344804 0.0301599
0.223085 9.9973E-05 9.9973E-05 9.9973E-05 0.749223 0.0273921
0.198316 0.0737346 0.546687 0.0896187 0.00654877 0.0850943
0.0118521 9.9982E-05 9.9982E-05 0.034774 0.937689 0.0154851
0.409567 0.13341 0.390687 0.0661357 9.9982E-05 9.9982E-05
0.200601 0.226409 0.489198 0.0747329 0.00895883 9.9991E-05
0.241447 0.06877 0.607009 0.0825736 9.9982E-05 9.9982E-05
0.189241 0.159588 0.340215 0.0650109 0.245845 9.9991E-05
0.213237 0.177734 0.447243 0.161586 9.9982E-05 9.9982E-05
0.238496 9.9991E-05 0.534853 0.0717283 0.0703751 0.0844474
0.351517 0.0957257 9.9982E-05 0.0315389 0.521018 9.9982E-05
0.391536 0.0115289 0.397396 0.145774 0.053665 9.9991E-05
0.188299 0.166664 0.364486 0.135326 0.145125 9.9991E-05
9.9982E-05 0.0904274 0.667215 0.0824935 9.9982E-05 0.159664
0.277482 0.249561 0.471597 9.9982E-05 0.00116072 9.9982E-05
0.104271 0.0887774 0.554996 0.251756 9.9982E-05 9.9982E-05
0.208207 0.170243 0.621251 9.9973E-05 9.9973E-05 9.9973E-05
0.0766584 0.104343 0.541638 0.148002 0.114444 0.0149149
0.207783 0.158698 0.491794 0.141526 9.9982E-05 9.9982E-05
0.297414 0.0564507 0.0183739 0.0668574 0.560804 9.9991E-05
0.111478 0.0711035 0.570434 0.17469 9.9991E-05 0.072195
0.12424 0.163311 0.0264576 0.0815131 0.604378 9.9991E-05
0.317167 0.0883317 0.166298 0.00963499 0.418469 9.9991E-05
0.065135 0.0982921 0.467915 9.9982E-05 0.368458 9.9982E-05
0.215895 9.9982E-05 0.0694426 0.0410002 0.673462 9.9982E-05
0.0448053 9.9982E-05 0.857611 0.00086867 0.0965148 9.9982E-05
0.150044 0.153027 0.138702 0.1513 0.406828 9.9991E-05
0.285859 9.9991E-05 0.449324 0.147012 0.00558217 0.112122
0.449367 0.00323185 0.231422 0.153556 0.162324 9.9991E-05
9.9964E-05 9.9964E-05 0.120096 9.9964E-05 0.879505 9.9964E-05
0.00335247 9.9982E-05 9.9982E-05 0.0133476 0.924781 0.0583188
0.268386 0.0564753 0.477683 0.0397944 0.080756 0.0769052
9.9982E-05 0.0842045 0.669616 0.109174 0.136805 9.9982E-05
0.250671 0.35396 0.380255 0.0149139 9.9982E-05 9.9982E-05
9.9991E-05 0.0178545 0.109779 0.0801623 0.771052 0.0210523
0.230737 0.0385059 0.0654035 0.247989 0.373428 0.0439373
0.460874 0.285634 0.108211 9.9982E-05 0.145081 9.9982E-05
0.495582 0.0374005 0.466717 9.9973E-05 9.9973E-05 9.9973E-05
0.132918 0.143251 0.488307 0.103585 0.131839 9.9991E-05
0.153955 0.0393824 0.0749238 0.146731 0.584908 9.9991E-05
0.29961 0.25196 0.392643 0.046035 9.9991E-05 0.00965247
0.0885682 0.327228 0.291653 0.250036 9.9991E-05 0.0424153
0.263979 0.0703607 0.384245 0.22154 0.0132968 0.0465784
0.374984 0.192633 0.324014 0.0210485 0.0485358 0.0387845
0.406958 0.11921 0.278091 0.195541 9.9982E-05 9.9982E-05
0.42092 0.0573963 9.9982E-05 0.0754043 0.44608 9.9982E-05
0.157262 0.0298546 0.62746 0.094898 0.0107553 0.0797701
0.144636 0.0367298 0.21604 0.169437 0.340633 0.0925249
0.319684 0.272613 0.277564 0.129939 9.9982E-05 9.9982E-05
0.173066 9.9973E-05 9.9973E-05 9.9973E-05 0.816756 0.00987827
0.480299 9.9982E-05 0.0845898 0.00244728 0.432464 9.9982E-05
0.19284 0.0536126 0.623886 0.113823 9.9991E-05 0.0157393
0.0159357 0.138566 0.665343 0.179956 9.9982E-05 9.9982E-05
0.265225 9.9991E-05 0.383465 0.167455 0.166409 0.0173458
0.259599 0.21253 0.204241 9.9982E-05 0.32343 9.9982E-05
0.0782442 0.0177723 0.544344 0.0139598 0.34558 9.9991E-05
9.9982E-05 0.0150635 9.9982E-05 0.0524645 0.817863 0.114409
0.0807131 9.9973E-05 9.9973E-05 0.0666878 0.852299 9.9973E-05
0.13894 9.9991E-05 0.631578 0.0756046 0.0169236 0.136854
9.9964E-05 0.0702652 9.9964E-05 9.9964E-05 0.929335 9.9964E-05
0.355062 0.100389 0.408891 0.121545 0.0140126 9.9991E-05
0.0167022 0.124056 9.9982E-05 0.0504169 0.808625 9.9982E-05
9.9973E-05 0.131419 0.598856 0.269425 9.9973E-05 9.9973E-05
0.270318 0.0971323 0.273954 0.261139 0.0973558 9.9991E-05
0.185646 0.373506 0.348129 0.0925184 9.9982E-05 9.9982E-05
0.328888 9.9964E-05 9.9964E-05 9.9964E-05 0.670712 9.9964E-05
0.0271443 0.26388 0.364804 0.289894 0.00817175 0.0461053
0.194034 0.117997 0.472704 0.189469 0.0256961 9.9991E-05
0.188561 9.9991E-05 0.354561 0.111047 0.306816 0.0389151
0.360592 0.0699974 0.354873 0.197337 9.9991E-05 0.0171006
0.101693 0.12626 0.492418 0.154846 0.0807059 0.0440772
9.9982E-05 0.067643 0.449966 0.0647036 0.417487 9.9982E-05
0.179215 0.0601605 0.551679 0.101233 0.107614 9.9991E-05
0.291532 0.12442 0.198947 0.21422 0.170781 9.9991E-05
0.392734 0.0761723 0.244298 0.207679 0.0790166 9.9991E-05
0.300553 0.128377 0.398758 0.0901245 9.9991E-05 0.0820885
0.344768 0.0777666 0.210274 0.366991 9.9982E-05 9.9982E-05
0.381642 9.9991E-05 0.461176 0.0819055 0.00269133 0.0724857
0.118561 0.353781 0.378873 0.0958797 0.0528061 9.9991E-05
0.179915 0.269044 0.439027 0.111815 9.9982E-05 9.9982E-05
0.307743 0.062717 0.624414 0.0049261 9.9982E-05 9.9982E-05
0.255733 0.205857 0.131783 0.311114 0.0954129 9.9991E-05
0.413569 9.9982E-05 0.253449 0.102224 0.230559 9.9982E-05
0.507624 0.0231325 0.244777 9.9982E-05 0.224266 9.9982E-05
0.089871 9.9973E-05 9.9973E-05 0.0697692 0.84006 9.9973E-05
0.313942 0.113691 0.205882 0.121055 0.24533 9.9991E-05
0.442973 0.252212 0.0447618 0.246199 9.9991E-05 0.0137535
0.200486 0.129832 0.0738532 0.0320729 0.563657 9.9991E-05
0.174146 0.245032 0.554583 9.9982E-05 0.0260391 9.9982E-05
0.0183473 0.0574379 0.673631 9.9982E-05 0.250384 9.9982E-05
0.236141 0.0593824 0.202295 9.9982E-05 0.501982 9.9982E-05
0.0984172 0.0296146 9.9982E-05 0.0550931 0.816675 9.9982E-05
0.176639 0.132399 0.554184 0.0366516 0.100026 9.9991E-05
0.579015 0.17238 0.180772 0.0676328 9.9982E-05 9.9982E-05
0.193962 0.275515 0.33057 0.161688 0.0381654 9.9991E-05
0.0970715 0.0756457 0.54134 0.00663043 0.279212 9.9991E-05
0.209942 0.212089 9.9982E-05 0.108277 0.469492 9.9982E-05
0.128778 0.105812 0.554103 0.175598 0.0356102 9.9991E-05
0.266252 9.9982E-05 0.342194 0.288329 9.9982E-05 0.103025
0.00598469 0.282078 0.493708 0.218029 9.9982E-05 9.9982E-05
0.168115 0.0940587 0.552014 0.107378 0.0092398 0.0691937
0.0382293 9.9982E-05 0.0792446 0.124458 0.757869 9.9982E-05
0.168717 0.218959 0.0273109 0.14137 0.443543 9.9991E-05
0.228425 0.165583 0.55357 0.0522219 9.9982E-05 9.9982E-05
0.168287 0.288811 0.430678 0.077271 0.0348541 9.9991E-05
0.162703 9.9982E-05 0.642006 0.179682 9.9982E-05 0.0154096
0.285325 0.0267129 0.230667 0.0341297 0.423065 9.9991E-05
9.9973E-05 9.9973E-05 0.0384572 9.9973E-05 0.953113 0.00813026
0.32917 9.9973E-05 0.226552 9.9973E-05 0.443979 9.9973E-05
0.404321 0.0317322 0.475841 0.0473939 9.9991E-05 0.0406122
9.9982E-05 0.174244 0.612883 0.117753 0.0949191 9.9982E-05
0.0694982 0.246514 0.603319 0.0692414 0.00996452 0.00146291
0.0560872 0.431596 0.503137 0.00897957 9.9982E-05 9.9982E-05
0.0380502 0.0217435 9.9973E-05 9.9973E-05 0.939906 9.9973E-05
9.9991E-05 0.122838 0.721299 0.0670953 0.0539672 0.0347001
0.258862 9.9982E-05 0.44001 0.258046 9.9982E-05 0.0428824
0.067881 9.9982E-05 0.58731 0.20036 0.144249 9.9982E-05
0.263994 9.9973E-05 0.140272 9.9973E-05 0.595434 9.9973E-05
0.210943 9.9982E-05 0.727259 0.0450927 9.9982E-05 0.0165045
0.485982 9.9982E-05 0.38983 0.0819068 9.9982E-05 0.0420817
9.9991E-05 0.0791091 0.664421 0.218418 0.00354286 0.0344086
0.0843524 0.216607 0.52363 0.0695499 0.10576 9.9991E-05
9.9982E-05 0.0989342 0.224068 0.0475223 0.629275 9.9982E-05
0.0241295 9.9973E-05 9.9973E-05 9.9973E-05 0.914442 0.0611285
0.394165 0.126545 0.258911 0.220179 9.9982E-05 9.9982E-05
0.12503 0.0853586 0.408191 0.300448 0.00233197 0.0786408
0.33646 0.172183 0.484077 9.9982E-05 9.9982E-05 0.00708055
0.53619 0.00246878 0.253405 0.128921 9.9991E-05 0.0789152
0.289317 0.0568291 0.27426 9.9982E-05 0.379395 9.9982E-05
0.203941 0.209323 0.360661 0.00634299 0.0229064 0.196826
0.0447346 0.100075 0.544145 0.0244821 0.232136 0.0544274
9.996E-05 9.996E-05 9.996E-05 0.9995 9.996E-05 9.996E-05
9.9991E-05 0.0289783 0.255089 0.0839373 0.581064 0.0508319
0.321199 0.0381722 0.333933 9.9991E-05 0.263539 0.0430557
9.9964E-05 9.9964E-05 9.9964E-05 0.998102 0.00149798 9.9964E-05
0.110271 0.112182 0.0237389 0.182768 0.57094 9.9991E-05
0.225485 0.0355706 0.517982 9.9982E-05 0.220762 9.9982E-05
0.17582 0.0775434 0.264145 0.0187487 0.40168 0.0620638
0.440294 9.9982E-05 0.207479 0.105431 0.246595 9.9982E-05
0.659518 0.10388 0.0510069 0.119038 0.0664575 9.9991E-05
0.150577 0.142437 9.9973E-05 9.9973E-05 0.706686 9.9973E-05
0.206464 0.100754 0.317129 0.132528 0.243025 9.9991E-05
0.375738 0.0687481 0.314775 0.0215441 0.219095 9.9991E-05
0.233034 0.289898 0.287677 0.189191 9.9982E-05 9.9982E-05
0.0264837 0.362121 0.353609 0.257587 9.9982E-05 9.9982E-05
0.201635 0.111447 0.34606 0.183852 9.9991E-05 0.156905
0.592151 0.0271579 0.289784 0.0771594 0.0136482 9.9991E-05
0.095579 0.0304491 0.491455 0.0217466 0.279835 0.0809348
0.12437 9.9982E-05 0.120853 0.0199467 0.73463 9.9982E-05
0.188924 0.0202634 0.304492 0.0491702 0.373844 0.0633068
0.366079 9.9982E-05 0.20484 0.376162 9.9982E-05 0.0527198
0.414002 0.0741092 0.22989 0.23005 9.9991E-05 0.0518486
0.159925 9.9964E-05 9.9964E-05 9.9964E-05 0.839675 9.9964E-05
0.257036 0.146922 0.375201 0.194935 9.9991E-05 0.0258057
0.215643 0.176952 0.35528 0.251924 9.9982E-05 9.9982E-05
0.199116 0.0682976 0.309681 0.247991 0.174815 9.9991E-05
0.377077 9.9982E-05 0.352668 0.233812 9.9982E-05 0.036243
0.399529 0.191433 0.110604 0.164387 0.133947 9.9991E-05
0.314033 0.0639704 0.204801 0.361091 0.0560048 9.9991E-05
0.149914 0.114388 0.281576 0.441238 0.0127841 9.9991E-05
0.125712 0.208058 0.633845 0.0272854 0.00488662 0.000212512
0.0214519 0.186531 0.579708 0.170046 9.9991E-05 0.042163
0.392443 0.0224753 0.180465 0.271311 0.0747555 0.0585499
0.126206 9.9982E-05 0.172952 0.143779 0.556863 9.9982E-05
0.367752 9.9982E-05 0.220722 0.178695 0.232632 9.9982E-05
0.336686 0.0932115 0.234907 0.219354 0.0592844 0.0565565
0.337769 0.167592 0.180737 0.205603 0.0758414 0.0324579
0.317946 9.9982E-05 0.460229 0.0939577 0.127667 9.9982E-05
0.023028 9.9973E-05 9.9973E-05 0.00853867 0.968133 9.9973E-05
0.738459 0.143566 0.117675 9.9973E-05 9.9973E-05 9.9973E-05
0.365805 0.177039 0.0630809 0.0706977 0.323277 9.9991E-05
0.388379 0.371853 0.103824 0.135743 9.9982E-05 9.9982E-05
0.503449 9.9982E-05 0.299409 0.0356362 0.161307 9.9982E-05
0.414159 0.0453697 9.9973E-05 9.9973E-05 0.540172 9.9973E-05
0.204448 0.104896 0.256988 0.0129209 0.420647 9.9991E-05
0.0379538 0.0387116 0.37634 9.9982E-05 0.546795 9.9982E-05
0.3102 0.0317064 0.596634 0.0612591 9.9982E-05 9.9982E-05
0.319902 9.9964E-05 9.9964E-05 9.9964E-05 0.679698 9.9964E-05
0.287575 0.123234 0.208789 9.9982E-05 0.380202 9.9982E-05
0.200711 0.0591649 0.451819 0.23976 0.00840991 0.0401347
0.0302519 9.99641E-05 9.99641E-05 9.99641E-05 0.969348 9.99641E-05
0.4658 9.9973E-05 0.0431053 9.9973E-05 0.490794 9.9973E-05
0.353157 0.239943 0.276071 0.0539935 0.0767349 9.9991E-05
0.245647 9.9973E-05 0.348278 9.9973E-05 0.405775 9.9973E-05
0.0557412 0.115711 0.636991 0.0257508 0.165706 9.9991E-05
0.192249 0.187869 0.496211 0.00543348 9.9991E-05 0.118137
0.262379 9.9982E-05 0.37341 0.081344 0.282667 9.9982E-05
0.322604 0.1807 0.496396 9.9973E-05 9.9973E-05 9.9973E-05
0.201825 0.193581 0.594084 0.0103096 9.9982E-05 9.9982E-05
0.254969 9.9991E-05 0.485105 0.093377 0.0322002 0.134248
0.449722 9.9991E-05 0.0573125 0.265083 0.186672 0.0411096
9.9991E-05 0.0164143 0.490226 0.106317 0.322656 0.0642865
0.132786 0.22405 0.415009 0.134451 9.9991E-05 0.0936044
0.194862 0.0371579 0.52012 0.140831 0.106929 9.9991E-05
0.310455 0.374925 0.132058 0.12813 9.9991E-05 0.0543323
0.424871 0.1815 0.244406 0.0802149 9.9991E-05 0.0689076
0.184796 0.137753 0.348996 0.0379911 0.290364 9.9991E-05
0.213071 0.0841332 0.553605 0.148992 9.9982E-05 9.9982E-05
0.52813 0.121618 0.258184 0.0918677 9.9982E-05 9.9982E-05
0.245545 0.11095 0.319505 0.165516 9.9991E-05 0.158385
0.0298507 0.353715 0.303106 0.0702265 9.9991E-05 0.243001
0.317935 0.205718 9.9982E-05 0.204592 0.271554 9.9982E-05
0.00194483 9.9991E-05 0.649833 0.149313 0.0407567 0.158053
0.626093 0.131441 0.0949342 0.0228916 0.12454 9.9991E-05
0.261258 0.0247041 0.428784 0.263772 0.00799733 0.0134852
0.0316602 0.184364 0.618101 0.114097 9.9991E-05 0.0516775
0.364338 0.220404 0.286086 0.0558103 9.9991E-05 0.0732628
0.170655 0.168081 0.283166 0.0408802 0.337118 9.9991E-05
0.446875 0.125144 0.0103876 9.9982E-05 0.417393 9.9982E-05
0.0769729 9.9982E-05 0.849704 0.0388965 9.9982E-05 0.0342269
0.0565529 0.0662047 0.567436 0.210873 9.9991E-05 0.0988335
9.9982E-05 0.080304 0.68582 0.148033 9.9982E-05 0.0856434
0.217115 0.186308 0.483267 0.0454346 0.0238491 0.0440262
0.241268 0.0216456 0.0534201 0.366773 0.316794 9.9991E-05
0.496874 0.116122 0.109914 0.144625 0.132365 9.9991E-05
0.322218 0.343325 0.206518 0.0670796 9.9991E-05 0.0607589
0.0937177 9.9982E-05 0.0633797 0.276284 0.566419 9.9982E-05
0.252844 0.107394 0.412658 9.9982E-05 0.226904 9.9982E-05
0.327977 0.1169 0.291658 0.0424005 0.114674 0.106391
0.159938 9.9973E-05 9.9973E-05 0.147945 0.691817 9.9973E-05
0.413045 0.18428 0.281229 0.0853753 9.9991E-05 0.0359702
0.251964 0.151539 0.312777 0.274428 0.00919155 9.9991E-05
0.144669 0.109968 0.627831 0.0624482 0.0549835 9.9991E-05
0.105616 0.182141 0.60435 0.0850449 9.9991E-05 0.0227478
0.449909 0.150548 0.18494 0.136804 9.9991E-05 0.0776988
0.480392 0.0329203 0.292925 0.153632 9.9991E-05 0.0400308
0.0561547 9.9991E-05 0.745219 0.132274 0.0139077 0.0523446
0.137307 0.110186 0.6224 0.129906 9.9982E-05 9.9982E-05
0.278234 0.0951995 0.218343 0.237338 0.170785 9.9991E-05
0.131959 0.129973 0.533329 0.204539 9.9982E-05 9.9982E-05
0.0450263 0.102562 0.486337 0.365875 9.9982E-05 9.9982E-05
0.709112 0.227248 9.9973E-05 9.9973E-05 0.06334 9.9973E-05
0.10871 0.283445 0.512412 0.0952341 9.9982E-05 9.9982E-05
0.324435 0.205407 0.409532 0.0604266 9.9982E-05 9.9982E-05
0.122938 0.135329 0.302609 0.0758383 0.363186 9.9991E-05
0.0318359 0.0160943 0.461417 0.168873 0.321679 9.9991E-05
0.301587 0.0285178 0.617446 0.0522502 9.9982E-05 9.9982E-05
9.9982E-05 0.0536455 0.285557 0.104937 0.555661 9.9982E-05
0.328598 0.0847868 0.387657 0.198758 9.9982E-05 9.9982E-05
0.250937 9.9973E-05 0.424481 9.9973E-05 0.324282 9.9973E-05
0.219884 0.10733 0.532374 9.9991E-05 0.0165022 0.12381
0.445881 0.174064 0.0474092 0.18405 0.148496 9.9991E-05
0.281645 0.0290105 0.233823 9.9991E-05 0.288997 0.166424
0.158188 9.9982E-05 0.183359 0.176089 0.482164 9.9982E-05
0.596353 0.0201682 0.383179 9.9973E-05 9.9973E-05 9.9973E-05
0.100082 0.324214 0.486551 0.0889538 9.9982E-05 9.9982E-05
0.127568 0.170027 0.316652 0.0061249 0.379527 9.9991E-05
0.246545 0.247882 0.39188 0.113494 9.9982E-05 9.9982E-05
0.249291 0.0389206 0.679739 9.9982E-05 9.9982E-05 0.031849
9.9973E-05 0.0887114 9.9973E-05 0.0576295 0.853359 9.9973E-05
0.245082 0.110566 0.431423 0.212729 9.9982E-05 9.9982E-05
0.395959 9.9964E-05 0.603641 9.9964E-05 9.9964E-05 9.9964E-05
0.262972 9.9982E-05 0.619695 0.114836 0.00229746 9.9982E-05
0.344315 0.00167585 0.341359 0.312451 9.9982E-05 9.9982E-05
0.050097 0.242324 0.509551 0.117513 0.0804154 9.9991E-05
0.269011 0.242293 0.452687 0.0358092 9.9982E-05 9.9982E-05
0.166322 0.0162524 0.664075 0.0930027 0.0344461 0.0259026
0.182873 0.153792 0.46456 0.0619332 0.136742 9.9991E-05
0.22165 0.0585061 0.132484 0.0597841 0.527476 9.9991E-05
0.349638 0.195238 0.454824 9.9973E-05 9.9973E-05 9.9973E-05
9.9973E-05 0.0536357 0.787805 0.158259 9.9973E-05 9.9973E-05
0.35543 0.111242 0.264815 0.0806498 0.151215 0.0366479
0.101392 0.0168287 0.289201 0.202947 0.38953 9.9991E-05
0.0557102 0.425351 0.463085 0.0543221 9.9991E-05 0.00143225
0.282274 9.9982E-05 0.383504 0.0971277 0.236894 9.9982E-05
0.114066 0.0391696 0.689613 0.148716 9.9991E-05 0.00833562
0.161012 9.9982E-05 0.416944 0.103516 0.318328 9.9982E-05
0.298448 9.9991E-05 0.266702 0.196951 0.107154 0.130645
0.264861 0.153055 0.00110755 0.155317 0.425559 9.9991E-05
9.9973E-05 0.290163 0.464908 9.9973E-05 0.244629 9.9973E-05
0.256346 0.18462 0.254211 0.196914 0.00454885 0.103359
0.0543766 0.310246 0.413219 9.9982E-05 0.221958 9.9982E-05
0.328051 0.24262 0.173022 0.256107 9.9982E-05 9.9982E-05
0.0876145 9.9982E-05 0.588271 0.231325 0.0925891 9.9982E-05
0.518321 0.0919835 0.161219 0.228276 9.9982E-05 9.9982E-05
0.223171 9.9982E-05 0.228299 0.269033 0.279297 9.9982E-05
0.569701 0.205521 0.224478 9.9973E-05 9.9973E-05 9.9973E-05
0.263699 0.0602488 0.402099 0.193848 9.9991E-05 0.0800056
0.233658 0.13523 0.579811 0.041594 9.9991E-05 0.00960775
0.109116 0.18431 0.191449 9.9991E-05 0.489628 0.0253968
9.9973E-05 9.9973E-05 0.107704 9.9973E-05 0.839242 0.0527539
0.179925 9.9991E-05 0.547479 0.0576176 0.102425 0.112453
0.222622 0.446588 0.253683 0.0032369 0.0737701 9.9991E-05
0.533361 0.131603 0.0797281 0.157088 0.0422971 0.0559223
0.400885 0.0797174 0.273036 0.0384043 0.165982 0.0419752
0.338138 0.0581874 0.284695 0.0129345 0.199357 0.106688
0.0676506 0.143236 0.510928 0.163676 0.114409 9.9991E-05
0.3024 0.0449769 0.357172 0.25923 9.9991E-05 0.0361205
0.209999 0.303779 0.485339 9.9982E-05 9.9982E-05 0.000683201
0.224435 0.0838779 0.525238 0.166249 9.9982E-05 9.9982E-05
0.179991 0.051307 0.544554 0.0835381 9.9991E-05 0.140509
0.0834208 9.9982E-05 0.748357 0.101429 0.0665931 9.9982E-05
0.0927297 0.226511 0.647092 0.0334668 9.9982E-05 9.9982E-05
0.295508 0.192324 0.296586 0.195419 0.0200635 9.9991E-05
0.26148 9.9982E-05 0.529471 0.0560125 9.9982E-05 0.152837
0.0883826 0.140308 0.533438 0.174106 0.0636657 9.9991E-05
0.409532 0.0963776 0.277502 0.109946 9.9991E-05 0.106542
0.522348 0.00131779 0.412268 9.9991E-05 0.000763918 0.0632024
0.0391089 0.143362 0.505626 0.191943 0.10634 0.0136199
9.9991E-05 0.0776031 0.188751 0.138157 0.569989 0.0253999
0.295366 0.159826 0.110795 0.0188016 0.415112 9.9991E-05
9.9982E-05 0.0111727 0.178294 9.9982E-05 0.773338 0.0369951
0.246964 0.104448 0.586713 0.0616754 9.9982E-05 9.9982E-05
9.9982E-05 0.00245982 0.125231 0.0751725 0.796937 9.9982E-05
0.15252 9.9991E-05 0.0334262 0.0597235 0.701833 0.0523976
0.288107 0.101841 0.341673 0.268179 9.9982E-05 9.9982E-05
0.190724 0.158583 0.456045 0.115516 9.9991E-05 0.0790317
0.19308 0.147807 0.392121 0.219021 9.9991E-05 0.0478719
0.14823 0.0764858 0.0761004 9.9982E-05 0.698984 9.9982E-05
0.203891 0.145203 0.519023 0.131683 9.9982E-05 9.9982E-05
0.386617 0.0914217 9.9982E-05 0.143057 0.378705 9.9982E-05
0.0211321 0.0268298 0.621982 0.329856 9.9982E-05 9.9982E-05
0.235096 0.0332528 9.9982E-05 0.0288793 0.702572 9.9982E-05
0.453813 0.143493 0.247378 0.105093 0.0501228 9.9991E-05
0.179357 0.134341 0.610526 0.0653291 0.0103474 9.9991E-05
0.139371 0.201725 0.631443 0.0272617 9.9982E-05 9.9982E-05
0.316792 0.0632162 0.482985 0.0991726 9.9991E-05 0.0377342
9.9982E-05 0.0290864 0.208302 9.9982E-05 0.754724 0.00768764
0.250022 0.0886471 0.374918 0.0845445 0.201768 9.9991E-05
0.452915 0.0706123 0.04147 0.0590461 0.319792 0.056165
0.0668482 0.144793 0.429062 0.330359 0.00223503 0.0267029
0.207274 9.9991E-05 0.0618469 0.0427247 0.684603 0.0034512
0.293027 0.130145 0.150832 0.0922758 0.0856447 0.248075
0.54778 9.9991E-05 0.00544298 0.104479 0.281735 0.0604634
0.264763 0.193469 0.52142 9.9982E-05 9.9982E-05 0.0201482
0.517974 0.0208509 0.0821487 0.139897 0.162705 0.0764248
0.0336533 0.120123 0.182759 0.0659767 0.5696 0.0278884
9.9982E-05 0.392649 0.438677 0.147641 9.9982E-05 0.0208328
0.198356 0.103487 0.463668 0.210455 9.9991E-05 0.0239351
0.394773 0.391534 0.116204 0.0972898 9.9982E-05 9.9982E-05
0.152143 0.0395821 0.540218 0.0647048 9.9991E-05 0.203252
0.421366 9.9982E-05 0.11284 0.0858506 0.379743 9.9982E-05
0.30716 0.172854 0.387858 0.0841965 9.9991E-05 0.0478319
0.0143004 9.9982E-05 0.773136 0.193035 9.9982E-05 0.0193292
0.057014 0.208018 0.696214 9.9991E-05 0.0356724 0.00298194
0.0701783 0.0412977 0.139862 0.235524 0.513038 9.9991E-05
0.27432 9.9982E-05 0.341883 0.178413 0.205184 9.9982E-05
0.140268 0.180428 0.624814 0.0350941 0.0129922 0.00640365
0.352423 0.230171 9.9982E-05 0.354822 0.0623834 9.9982E-05
0.292558 0.137248 0.361928 0.0566994 0.151467 9.9991E-05
0.224527 0.22717 0.347276 0.185982 9.9991E-05 0.0149445
0.328773 9.9991E-05 0.0979134 0.221382 0.30883 0.0430011
0.695594 0.204856 0.00607946 0.0868604 0.0065105 9.9991E-05
0.243198 9.9991E-05 0.283699 0.0269174 0.42305 0.0230359
0.138989 0.0254231 0.6622 0.0904498 9.9991E-05 0.0828378
0.165177 9.9982E-05 0.597907 0.220716 9.9982E-05 0.0160003
0.159265 0.021522 0.73823 0.0526498 9.9991E-05 0.0282339
0.0271955 0.00836015 0.747706 0.216539 9.9982E-05 9.9982E-05
0.149498 0.104299 0.436274 0.24334 9.9991E-05 0.0664886
0.109341 0.230377 0.607352 9.9982E-05 9.9982E-05 0.0527306
0.412467 0.0141016 0.276661 0.0974088 0.199262 9.9991E-05
0.76779 0.0786184 0.0889555 0.064436 9.9982E-05 9.9982E-05
0.0939485 0.230359 0.590916 0.0845763 9.9982E-05 9.9982E-05
0.0211655 0.0314786 0.788689 0.0700647 0.0885024 9.9991E-05
0.331739 0.0222641 0.374379 0.174709 0.0550138 0.041895
0.538296 0.0560245 0.0820202 0.0671282 0.213534 0.0429971
0.0922595 0.193226 0.308402 0.305231 9.9991E-05 0.100782
0.0781304 0.212374 0.528286 0.104855 9.9991E-05 0.0762539
0.0961506 9.9982E-05 0.0804991 0.0100631 0.813087 9.9982E-05
9.9991E-05 0.0499525 0.231423 0.0202894 0.637903 0.0603322
0.20954 0.155221 0.334557 0.300483 9.9982E-05 9.9982E-05
9.9982E-05 0.101717 0.436114 9.9982E-05 0.0187005 0.443269
0.0568775 0.38256 9.9991E-05 0.0946234 0.0485316 0.417307
0.0988608 0.237268 0.122833 0.135335 9.9991E-05 0.405604
0.0700244 0.149309 0.581817 9.9982E-05 9.9982E-05 0.19865
9.9982E-05 0.159767 0.130871 0.131304 9.9982E-05 0.577857
0.0268823 0.304629 0.148852 9.9982E-05 9.9982E-05 0.519437
0.311192 0.057857 0.120452 9.9982E-05 9.9982E-05 0.510299
0.000332497 0.250187 0.0990368 0.0471238 0.0486939 0.554626
0.279354 0.113466 0.0632352 0.0348326 9.9991E-05 0.509013
9.9982E-05 0.11161 0.361765 0.123293 9.9982E-05 0.403132
0.187548 9.9982E-05 0.243027 0.183726 9.9982E-05 0.385498
0.108494 0.234329 0.0678422 9.9991E-05 0.0498759 0.53936
0.162314 0.0071466 0.446093 0.169703 9.9991E-05 0.214644
0.0254821 0.435584 0.0746403 0.181478 9.9991E-05 0.282716
9.9982E-05 0.308943 0.147315 0.0745978 9.9982E-05 0.468945
0.229552 0.11534 9.9991E-05 0.0688275 0.0309953 0.555185
0.0294509 9.9991E-05 0.390017 0.0828934 0.0245353 0.473004
0.263805 0.327197 0.0881577 0.0354218 9.9991E-05 0.285318
9.9973E-05 9.9973E-05 9.9973E-05 0.193624 0.739333 0.0667439
0.0627021 0.122468 0.252494 0.106261 0.0338289 0.422246
0.156861 0.0559216 0.164745 0.235126 9.9991E-05 0.387246
0.10923 0.0940514 0.536747 0.0239109 0.100057 0.136003
9.9982E-05 0.249479 9.9982E-05 0.0425224 0.0193617 0.688437
0.135328 0.191058 9.9982E-05 0.182807 9.9982E-05 0.490608
0.524569 9.9982E-05 0.190019 0.142027 9.9982E-05 0.143185
0.0408681 0.145403 0.208032 0.0389863 0.00693468 0.559776
0.204465 0.262096 0.16497 9.9982E-05 9.9982E-05 0.368269
0.116318 0.273387 0.0982985 0.158977 9.9991E-05 0.352919
0.191704 0.0978309 0.0528061 0.00139531 0.0154057 0.640858
0.140273 0.0785691 9.9991E-05 0.242056 0.0121891 0.526812
9.9973E-05 0.179335 9.9973E-05 0.189777 9.9973E-05 0.630588
9.9973E-05 9.9973E-05 9.9973E-05 0.483174 0.0212115 0.495314
0.0558655 0.195691 0.00437824 0.208172 0.0277299 0.508164
0.066302 0.0496306 0.127458 0.196891 9.9991E-05 0.559618
0.217747 9.9991E-05 0.0380474 0.0218374 0.0777089 0.644559
0.229683 0.0934297 0.0631201 0.0726077 9.9991E-05 0.54106
0.145909 0.160764 0.0556035 0.0137356 0.0949442 0.529044
0.118073 9.9982E-05 0.446716 0.36526 9.9982E-05 0.069751
9.9991E-05 0.281585 0.0563967 0.0769581 0.0132564 0.571704
9.9982E-05 0.274255 0.247182 0.150551 9.9982E-05 0.327812
0.0759672 0.258688 0.250991 9.9991E-05 0.00341076 0.410843
0.277845 0.215705 0.142629 9.9982E-05 9.9982E-05 0.363621
9.9964E-05 9.9964E-05 9.9964E-05 0.435208 9.9964E-05 0.564392
0.173272 0.043522 0.446229 0.199781 0.00277188 0.134425
9.9991E-05 0.139878 0.193069 0.1368 0.000490668 0.529662
0.560067 9.9991E-05 0.146883 0.0272446 0.237131 0.0285742
0.229233 0.103602 0.327912 0.223144 9.9991E-05 0.116009
0.212287 0.128278 0.497139 0.0205091 0.0173577 0.124429
0.132923 0.123143 0.16719 9.9991E-05 0.00567422 0.57097
0.134745 0.272477 0.16983 9.9982E-05 9.9982E-05 0.422747
9.9982E-05 0.206782 0.146025 9.9982E-05 0.0206478 0.626345
0.149601 0.1348 0.17461 0.0620886 9.9991E-05 0.478801
0.216289 0.173586 0.121541 0.0281264 0.041296 0.419162
0.0981695 0.0902513 0.251821 9.9982E-05 9.9982E-05 0.559558
0.0631819 0.100088 0.343481 9.9982E-05 9.9982E-05 0.493049
0.0372167 0.288765 9.9973E-05 9.9973E-05 9.9973E-05 0.673718
0.109534 0.0615383 0.305925 0.0395527 9.9991E-05 0.48335
0.0237243 9.9982E-05 0.0966155 0.775819 9.9982E-05 0.103642
9.9973E-05 0.033188 0.199605 9.9973E-05 9.9973E-05 0.766907
0.0176383 0.0162316 0.232755 0.0818595 9.9991E-05 0.651416
9.9991E-05 0.185589 0.030336 0.18829 0.0299551 0.56573
0.18287 0.362234 9.9973E-05 9.9973E-05 9.9973E-05 0.454596
0.230354 0.163304 0.400843 0.148995 9.9991E-05 0.0564048
0.137782 0.118349 0.0382368 0.146239 9.9991E-05 0.559294
0.275501 0.0570274 0.355515 9.9991E-05 0.245314 0.0665429
0.163128 0.223473 0.113716 0.0734595 0.0129802 0.413243
0.0842608 0.0654683 0.100684 0.0636733 0.0976157 0.588298
0.250828 9.9991E-05 0.448744 0.157814 0.0738856 0.0686282
0.031438 0.268394 0.14517 0.0377068 0.0574297 0.459861
0.370069 0.107314 0.0496144 9.9982E-05 9.9982E-05 0.472802
9.9964E-05 9.9964E-05 9.9964E-05 0.746841 9.9964E-05 0.252759
0.306235 0.181517 0.0145977 9.9982E-05 9.9982E-05 0.49745
0.0136276 0.185648 0.232418 0.157436 0.0272561 0.383616
0.0912487 0.0730473 0.243295 9.9982E-05 9.9982E-05 0.592209
0.06887 0.375096 0.0586966 9.9991E-05 0.0729243 0.424313
9.9991E-05 0.137892 0.345241 0.115247 0.00148217 0.400038
0.201192 0.260718 0.33028 0.0368017 9.9991E-05 0.170908
0.149753 0.0807177 0.102199 0.157288 9.9991E-05 0.509943
0.327849 0.248008 0.101864 9.9982E-05 9.9982E-05 0.322078
0.118608 0.0611067 9.9973E-05 9.9973E-05 0.819985 9.9973E-05
0.170427 0.219533 0.0845615 0.0212583 9.9991E-05 0.50412
0.254759 9.9991E-05 0.531061 0.0166004 0.104414 0.0930658
0.181967 0.177643 9.9982E-05 0.0572817 9.9982E-05 0.582908
0.194899 0.284807 0.0347511 0.2038 9.9991E-05 0.281643
0.163974 0.264473 0.394972 9.9982E-05 9.9982E-05 0.176382
9.9982E-05 0.0742084 0.655469 0.111029 9.9982E-05 0.159093
0.0265637 0.242446 0.281522 0.0746042 9.9991E-05 0.374764
0.0695837 0.143442 0.254579 0.0574474 9.9991E-05 0.474848
0.234784 0.191428 9.9982E-05 0.0316288 9.9982E-05 0.541959
9.9991E-05 0.183621 0.206566 0.189566 0.00301131 0.417136
0.185703 0.210565 0.322298 0.19183 9.9991E-05 0.0895054
0.149285 0.159322 0.0174137 0.224067 9.9991E-05 0.449813
0.310941 0.0485822 0.0808422 9.9982E-05 9.9982E-05 0.559434
0.163099 0.224394 0.110771 9.9982E-05 9.9982E-05 0.501536
0.245965 0.107066 0.582879 0.0429776 0.0210128 9.9991E-05
0.149803 0.162559 9.9982E-05 0.214174 9.9982E-05 0.473264
0.334652 9.9973E-05 9.9973E-05 0.133825 9.9973E-05 0.531223
0.0187853 0.293616 0.113163 0.223937 9.9991E-05 0.350399
0.191697 0.316106 0.0790668 0.0925818 9.9991E-05 0.320449
0.481495 0.0608274 0.23817 0.219307 9.9982E-05 9.9982E-05
0.0690593 0.062137 9.9973E-05 9.9973E-05 0.868504 9.9973E-05
0.150126 0.201322 0.0676015 0.0937556 9.9991E-05 0.487095
9.9982E-05 0.475706 0.244147 0.0426211 9.9982E-05 0.237326
0.115749 0.0187322 0.315443 0.206566 9.9991E-05 0.34341
0.0973679 9.9982E-05 0.0393548 0.340197 9.9982E-05 0.52288
9.9991E-05 0.223693 0.045497 0.0537665 0.0502335 0.62671
0.132436 0.155687 0.118083 0.0580363 9.9991E-05 0.535658
0.167514 0.0666067 9.9982E-05 0.0891174 9.9982E-05 0.676562
9.9991E-05 0.145969 0.0331576 0.173783 0.066575 0.580416
0.198023 0.238308 0.0283978 9.9991E-05 0.00197288 0.533198
0.104659 0.00561999 0.297289 0.240626 9.9991E-05 0.351706
0.129862 0.239404 0.378168 0.202944 9.9991E-05 0.049522
0.132562 0.0164929 0.0439782 0.209073 9.9991E-05 0.597794
9.9982E-05 0.240539 0.209653 0.159916 9.9982E-05 0.389693
9.9973E-05 0.323977 0.443618 0.232105 9.9973E-05 9.9973E-05
0.100979 0.186608 9.9991E-05 0.1647 0.00436414 0.54325
0.276818 0.0222154 0.429321 0.271446 9.9982E-05 9.9982E-05
9.9991E-05 0.370494 0.0645592 0.13493 0.0393341 0.390583
0.288837 0.105016 0.073511 0.0149494 9.9991E-05 0.517587
0.287061 0.0694623 0.387572 0.141774 9.9991E-05 0.11403
0.247004 0.286801 9.9973E-05 9.9973E-05 9.9973E-05 0.465896
0.321277 0.317137 0.124958 9.9982E-05 9.9982E-05 0.236428
9.9973E-05 0.112132 9.9973E-05 0.605501 9.9973E-05 0.282067
9.9964E-05 9.9964E-05 9.9964E-05 0.4862 0.5134 9.9964E-05
0.104391 0.133844 0.12083 0.100762 0.00255261 0.537621
0.0203758 0.201258 0.203082 9.9991E-05 0.00821461 0.56697
0.289093 0.18692 9.9973E-05 9.9973E-05 9.9973E-05 0.523687
0.111261 0.157002 0.12273 0.0442604 0.0583738 0.506373
0.0363383 0.28659 0.164915 9.9991E-05 0.00371997 0.508337
9.9982E-05 0.234931 0.00849519 0.190515 9.9982E-05 0.565858
9.9982E-05 0.035427 0.289045 0.251896 9.9982E-05 0.423432
0.0345781 9.9982E-05 0.798518 0.1592 9.9982E-05 0.0075039
0.340557 0.259798 0.0407227 0.0111827 0.00516908 0.342571
0.103139 0.199621 0.124966 0.0120477 0.00131608 0.55891
9.9973E-05 0.397784 9.9973E-05 9.9973E-05 0.0196872 0.582229
0.0928623 0.300565 9.9991E-05 0.113158 0.0431786 0.450136
0.279177 0.454991 9.9973E-05 9.9973E-05 9.9973E-05 0.265532
0.00869345 0.217996 0.318743 9.9991E-05 0.0557063 0.398761
9.9982E-05 0.0930792 0.489009 0.0940028 9.9982E-05 0.323709
0.237595 0.293128 9.9991E-05 0.108126 0.074989 0.286062
0.189068 0.0977382 0.194408 9.9982E-05 9.9982E-05 0.518585
0.443663 0.0245827 9.9982E-05 0.0496947 9.9982E-05 0.481859
0.34575 0.139084 0.378125 0.127389 0.00955331 9.9991E-05
9.9982E-05 0.119694 0.428954 0.195187 9.9982E-05 0.255965
0.384102 0.00744615 9.9982E-05 0.093687 9.9982E-05 0.514565
0.222904 0.226826 9.9982E-05 9.9982E-05 0.0257757 0.524295
0.20706 0.239741 0.0612157 0.0978165 9.9991E-05 0.394067
0.0357082 0.195323 9.9982E-05 0.169393 9.9982E-05 0.599376
0.218809 0.251354 9.9991E-05 0.119339 0.0133168 0.397081
0.32391 0.0562364 0.619554 9.9973E-05 9.9973E-05 9.9973E-05
9.9991E-05 0.089511 0.426881 0.314864 0.0794438 0.0892005
0.206319 0.0436993 0.143582 0.134678 9.9991E-05 0.471622
0.0652774 0.186514 0.138497 0.147836 9.9991E-05 0.461777
0.216051 0.205173 0.119494 9.9982E-05 9.9982E-05 0.459083
0.145843 0.133026 0.204549 0.223386 0.0070907 0.286104
9.9991E-05 0.205176 0.0631831 0.0957255 0.0210678 0.614747
0.266183 0.152956 9.9982E-05 0.0991568 9.9982E-05 0.481504
0.578435 0.0609395 0.0513842 0.00429978 0.212946 0.0919956
9.9991E-05 0.400373 0.223252 0.0120122 0.0613115 0.302952
0.129421 0.160224 0.148247 0.173246 9.9991E-05 0.388762
0.292747 0.160955 0.0843586 0.00433914 0.285432 0.172168
0.413881 9.9973E-05 0.380236 9.9973E-05 0.205583 9.9973E-05
0.160286 0.275798 0.0179699 9.9982E-05 9.9982E-05 0.545746
0.186341 0.339238 0.0493211 0.109927 0.0340531 0.28112
0.0738379 0.329229 0.0217105 0.0842014 9.9991E-05 0.490922
0.138742 9.9982E-05 0.705379 0.00869152 9.9982E-05 0.146987
0.0739247 0.312913 0.210012 0.0351349 9.9991E-05 0.367916
9.9982E-05 0.146693 0.179478 0.169887 9.9982E-05 0.503742
0.416666 0.0292705 0.101912 0.125023 0.261153 0.0659766
0.0545879 0.250382 0.14196 0.0672831 0.00637068 0.479416
0.0584155 0.00288151 0.219712 0.044151 0.0191347 0.655706
9.9991E-05 0.104508 0.0796171 0.187597 0.0519396 0.576239
0.184816 0.0344344 0.228471 0.0267632 0.00826889 0.517246
0.116902 0.0485008 0.171385 0.0246924 9.9991E-05 0.63842
0.000134013 0.0407059 0.143693 0.155244 0.062271 0.597952
9.9991E-05 0.0491969 0.111197 0.20699 0.0731803 0.559336
9.9973E-05 0.429447 0.24619 9.9973E-05 9.9973E-05 0.324063
9.9982E-05 0.326523 0.0730555 0.132222 9.9982E-05 0.468
0.178831 0.0292004 0.204308 0.0724245 9.9991E-05 0.515136
0.221411 0.134623 9.9982E-05 0.0300378 0.613728 9.9982E-05
0.195188 9.9973E-05 9.9973E-05 0.24886 9.9973E-05 0.555652
0.128407 0.107384 0.16114 9.9982E-05 9.9982E-05 0.602869
0.335989 0.151617 0.284639 0.0503732 9.9991E-05 0.177282
9.9973E-05 0.177656 9.9973E-05 0.115396 9.9973E-05 0.706649
0.182991 0.274414 0.0722583 0.0761597 9.9991E-05 0.394077
0.198248 0.163654 0.0198604 0.157916 9.9991E-05 0.460221
0.201742 0.357361 0.165146 0.110117 0.0697343 0.0959005
0.236177 0.202153 0.093443 0.00370707 9.9991E-05 0.464419
9.9991E-05 0.0912499 0.16519 0.120737 0.0460212 0.576702
0.0508401 0.190015 0.0032005 0.118455 0.0694218 0.568068
0.0789496 0.0282233 0.16505 0.196605 0.0203074 0.510865
0.273599 0.0899794 0.282727 9.9982E-05 9.9982E-05 0.353495
9.9964E-05 9.9964E-05 9.9964E-05 9.9964E-05 0.97099 0.0286102
0.170231 0.174057 0.0741602 0.138709 9.9991E-05 0.442743
0.0914022 9.9982E-05 0.418852 0.126848 9.9982E-05 0.362698
9.9982E-05 0.115995 0.253789 0.175072 9.9982E-05 0.454944
9.9982E-05 0.264356 0.0885417 0.119732 9.9982E-05 0.52717
0.0576266 0.106612 0.027143 0.271885 0.0188785 0.517856
0.0813946 0.053136 0.141809 0.230376 0.0415266 0.451758
0.053373 0.282401 9.9982E-05 0.0484998 0.615526 9.9982E-05
0.178239 0.163849 0.14472 9.9982E-05 9.9982E-05 0.512991
0.301579 0.22418 9.9973E-05 9.9973E-05 9.9973E-05 0.473941
0.0382435 0.0996163 0.217686 0.0562911 9.9991E-05 0.588063
0.140569 0.183028 0.200855 9.9982E-05 9.9982E-05 0.475348
0.190265 0.0553007 9.9982E-05 0.358693 9.9982E-05 0.395541
0.146825 0.332286 0.00635609 0.0223503 9.9991E-05 0.492083
0.156864 0.235184 0.179102 0.0259332 9.9991E-05 0.402816
0.024147 0.176034 0.166715 0.155549 0.0421618 0.435393
0.345272 0.200049 0.0228234 0.0404932 9.9991E-05 0.391263
0.0608007 0.399931 0.163262 9.9991E-05 0.0392481 0.336658
0.067321 9.9973E-05 9.9973E-05 0.353065 9.9973E-05 0.579315
0.112141 0.0783867 0.26907 0.0717904 9.9991E-05 0.468512
0.111114 0.131163 0.215428 0.165075 9.9991E-05 0.37712
9.9991E-05 0.196203 0.138612 0.0318322 0.0395985 0.593654
0.0304291 0.0933864 0.388265 9.9982E-05 9.9982E-05 0.487719
0.124846 0.250574 0.298287 0.00869725 0.00414352 0.313453
0.0934509 0.135188 0.180315 0.119056 9.9991E-05 0.47189
9.9982E-05 9.9982E-05 0.124672 0.123091 0.0612234 0.690813
9.9991E-05 0.160851 0.184901 0.0918729 0.064606 0.497669
0.0548809 0.379957 0.0574588 0.143037 9.9991E-05 0.364567
0.292776 0.1597 0.207452 0.0686127 9.9991E-05 0.271359
9.9973E-05 0.07282 9.9973E-05 0.231658 9.9973E-05 0.695222
9.9982E-05 0.327403 0.364929 0.0382268 9.9982E-05 0.269242
0.170076 0.00279736 0.24565 0.0530697 9.9991E-05 0.528307
9.9973E-05 0.00925965 0.116355 9.9973E-05 0.874085 9.9973E-05
0.33033 0.150646 0.178713 0.0412769 0.29137 0.00766433
0.254562 0.0979105 0.240374 0.145845 0.177315 0.0839936
0.587539 9.9964E-05 9.9964E-05 9.9964E-05 0.412061 9.9964E-05
0.332997 0.063917 0.324115 0.0939143 9.9991E-05 0.184956
0.172682 0.136095 0.384468 0.221892 9.9991E-05 0.0847632
0.103091 0.181009 0.26632 0.335865 0.113616 9.9991E-05
0.0161412 0.17474 0.0600587 0.211579 9.9991E-05 0.537381
9.9982E-05 0.284268 0.362012 9.9982E-05 0.0129084 0.340612
0.106949 0.198723 0.00927081 0.00692296 9.9991E-05 0.678034
9.9982E-05 0.394456 0.325793 0.116591 9.9982E-05 0.16296
0.12252 0.180435 0.131203 0.0253866 0.0645254 0.475931
0.0770504 0.232571 0.198378 0.0203831 0.0425199 0.429097
0.202005 0.233941 0.189934 0.00283299 9.9991E-05 0.371187
0.0254461 0.142983 0.185726 0.178181 9.9991E-05 0.467564
9.9982E-05 0.0762316 0.317822 0.078516 9.9982E-05 0.52723
0.145561 0.28039 9.9991E-05 0.0539899 0.0442905 0.475669
0.371555 0.158819 0.00684554 0.0819709 9.9991E-05 0.380709
0.305458 0.148025 0.222341 0.0942242 0.00877765 0.221175
0.208481 0.332802 9.9991E-05 0.00492296 0.0316762 0.422018
9.9973E-05 0.100193 9.9973E-05 0.407371 9.9973E-05 0.492136
0.20189 0.317139 9.9991E-05 0.190487 0.0105399 0.279844
0.142651 0.0063448 0.0141657 9.9991E-05 0.704702 0.132037
0.334627 0.18636 0.31688 9.9991E-05 0.110528 0.0515049
9.9982E-05 0.18255 0.252941 0.00251168 9.9982E-05 0.561797
9.9982E-05 0.287729 0.0319431 0.322373 9.9982E-05 0.357754
0.227307 0.117668 0.341291 0.109336 0.187099 0.0172989
9.9973E-05 9.9973E-05 0.17703 0.226368 9.9973E-05 0.596301
9.9982E-05 0.103058 0.156752 9.9982E-05 0.067651 0.672339
0.2387 0.221668 0.401164 0.130082 0.0082857 9.9991E-05
0.0747414 0.219488 0.133499 0.0606962 9.9991E-05 0.511475
9.9991E-05 0.242883 0.0722443 0.102055 0.0286313 0.554086
0.0131178 9.9982E-05 0.0958935 0.447625 9.9982E-05 0.443164
9.9973E-05 9.9973E-05 0.0329725 0.42947 9.9973E-05 0.537257
0.226792 0.0967287 0.135219 9.9991E-05 0.0734945 0.467666
0.0242881 0.195012 0.103374 0.0996547 9.9991E-05 0.577572
0.474595 0.0949491 9.9982E-05 9.9982E-05 0.284134 0.146122
9.9982E-05 0.0795752 0.246993 0.144768 9.9982E-05 0.528463
9.9982E-05 9.9982E-05 0.302895 0.164499 0.0207468 0.51166
0.164417 0.0885721 9.9982E-05 0.144012 9.9982E-05 0.602799
0.430326 0.00227346 0.139443 0.189161 0.137373 0.101423
0.0436689 0.243405 0.238131 0.315008 9.9991E-05 0.159687
0.262812 0.239508 0.340972 0.0336327 9.9991E-05 0.122975
9.9982E-05 0.231101 0.129556 0.1924 9.9982E-05 0.446743
0.286577 0.213063 0.302019 0.117855 9.9991E-05 0.0803848
0.107966 0.0221064 0.265756 0.0134297 0.00512374 0.585618
0.208808 0.123762 0.23775 0.0168381 9.9991E-05 0.412743
0.200127 0.169174 0.0538907 0.0763022 9.9991E-05 0.500405
0.00506088 0.316049 0.254377 9.9991E-05 0.00695765 0.417456
0.368712 0.170728 0.0712243 0.0853898 0.228695 0.0752502
0.0728067 0.116072 0.282648 0.0237931 9.9991E-05 0.50458
0.276546 9.99641E-05 9.99641E-05 9.99641E-05 0.723054 9.99641E-05
0.0798962 0.347586 0.0914809 0.0713616 0.0396429 0.370032
0.0100792 0.146182 0.153866 0.122417 0.000276839 0.567179
9.996E-05 9.996E-05 9.996E-05 9.996E-05 0.9995 9.996E-05
9.9964E-05 9.9964E-05 9.9964E-05 9.9964E-05 0.877337 0.122263
0.404552 0.0808077 0.0579791 9.9982E-05 9.9982E-05 0.456461
0.136475 0.0521079 0.33291 0.0990203 0.0138682 0.365619
0.145313 0.21098 0.174942 9.9982E-05 9.9982E-05 0.468566
0.0731757 0.104718 0.103202 0.157013 0.0519855 0.509906
9.9982E-05 0.220394 0.168997 0.223583 9.9982E-05 0.386826
0.0253135 0.0712203 0.00942087 0.204924 9.9991E-05 0.689021
0.139993 0.212576 0.10279 0.166664 0.0026238 0.375354
0.27585 0.114282 0.193831 0.00836796 0.359456 0.0482128
0.0937239 9.9982E-05 0.179926 0.283861 9.9982E-05 0.442289
0.0847081 9.9991E-05 0.0387164 0.132109 0.0290288 0.715337
0.212081 0.312123 0.152624 0.0202226 9.9991E-05 0.302849
9.9982E-05 0.148762 0.21807 0.226856 9.9982E-05 0.406112
0.181167 0.206748 0.21362 0.0859186 0.0980696 0.214477
0.0930761 0.162373 0.0951616 0.0890182 9.9991E-05 0.560271
9.9991E-05 0.228409 0.179869 0.154164 0.0178173 0.419641
0.210713 0.204235 0.117849 0.160491 9.9991E-05 0.306612
0.233772 0.157252 0.116511 0.0873487 0.0235811 0.381535
0.253568 0.0375074 0.315576 0.109598 0.233634 0.0501169
0.0109053 0.193209 0.308714 0.188583 0.00955903 0.289029
9.996E-05 0.9995 9.996E-05 9.996E-05 9.996E-05 9.996E-05
9.996E-05 0.9995 9.996E-05 9.996E-05 9.996E-05 9.996E-05
0.0309662 0.12834 0.379057 0.121394 9.9991E-05 0.340142
0.240704 0.129901 0.255609 9.9982E-05 9.9982E-05 0.373586
0.0356491 0.194387 0.295655 0.040502 9.9991E-05 0.433707
0.187826 0.211214 9.9991E-05 0.196342 0.0197462 0.384772
0.0360777 0.024778 0.263174 9.9982E-05 9.9982E-05 0.67577
0.0418739 0.120472 0.17824 0.24918 9.9991E-05 0.410134
0.147101 0.108593 0.0950587 0.0940689 9.9991E-05 0.555078
0.474265 0.0592642 0.240204 0.0909556 9.9991E-05 0.135211
9.9991E-05 0.192086 0.276226 0.0813888 0.0425115 0.407687
0.255273 0.0158139 0.108094 0.102815 0.0309956 0.487008
0.324736 9.9982E-05 0.486011 0.117957 9.9982E-05 0.0710967
0.245241 0.22126 0.0974127 9.9982E-05 9.9982E-05 0.435887
9.9991E-05 0.243982 0.207632 0.085467 0.0564458 0.406373
9.9982E-05 0.231402 0.164123 0.1695 9.9982E-05 0.434774
0.110223 0.139317 0.0234291 0.23 9.9991E-05 0.496931
0.292415 0.00629926 0.106861 0.0810989 9.9991E-05 0.513226
0.263994 0.0322491 0.59681 0.0541304 9.9991E-05 0.0527172
0.100457 0.247883 9.9982E-05 0.00268136 9.9982E-05 0.648779
0.326809 0.154412 0.208138 0.226254 0.0193895 0.0649974
