0.138829 0.415459 0.33161 9.9991E-05 0.111877 0.00212451
0.199727 0.333015 0.271733 0.152234 9.9991E-05 0.0431915
0.353481 0.317068 9.9973E-05 0.329151 9.9973E-05 9.9973E-05
0.18936 0.55797 0.129399 9.9982E-05 9.9982E-05 0.123071
0.253386 0.449499 0.241078 9.9991E-05 0.0137739 0.0421619
0.373167 9.9964E-05 9.9964E-05 9.9964E-05 9.9964E-05 0.626433
0.137007 0.547616 0.138817 0.122393 0.0540671 9.9991E-05
0.104203 0.0960549 9.9982E-05 9.9982E-05 0.00673967 0.792802
0.297564 0.39338 0.217112 0.0917451 9.9982E-05 9.9982E-05
0.267169 0.439943 0.228555 0.064133 9.9982E-05 9.9982E-05
0.279168 0.548236 0.0725657 0.0998304 9.9982E-05 9.9982E-05
0.239845 0.333901 0.239097 9.9982E-05 9.9982E-05 0.186957
0.105111 0.369405 0.39295 0.132333 9.9982E-05 9.9982E-05
0.346339 0.491713 9.9991E-05 0.108331 0.00921959 0.0442971
0.238209 9.9982E-05 0.128073 0.0743606 9.9982E-05 0.559158
0.369386 0.329283 9.9982E-05 0.298981 9.9982E-05 0.00214994
0.590405 0.259626 0.0937741 9.9991E-05 0.00161608 0.0544786
9.9982E-05 0.540939 0.210623 0.186674 0.0615633 9.9982E-05
0.162858 0.427034 0.344003 0.0419233 0.0240817 9.9991E-05
0.0372821 0.792391 0.122416 0.0189533 0.0197233 0.00923453
0.00908075 0.684119 0.244403 0.0569754 0.0053211 9.9991E-05
0.18715 0.451505 0.294522 9.9991E-05 0.00908982 0.0576324
0.368991 0.530637 0.0512614 0.0265858 0.0224243 9.9991E-05
0.312626 9.9982E-05 0.0985366 0.0511848 9.9982E-05 0.537453
0.113858 0.475557 0.172221 0.238165 9.9982E-05 9.9982E-05
0.163633 9.9973E-05 0.269769 9.9973E-05 9.9973E-05 0.566298
0.221881 0.171922 0.0440656 0.107054 0.00479586 0.450282
0.0250125 0.653097 9.9973E-05 9.9973E-05 9.9973E-05 0.321591
0.375472 0.00254383 0.000968946 9.9991E-05 0.045557 0.575358
0.0680697 0.713913 9.9982E-05 0.0586549 9.9982E-05 0.159162
0.21972 0.12717 0.177349 9.9991E-05 0.0330617 0.442599
0.12616 0.485675 0.0772141 0.251156 9.9991E-05 0.059695
0.414117 0.309721 9.9982E-05 0.121192 9.9982E-05 0.15477
9.9973E-05 0.13638 9.9973E-05 0.00830582 9.9973E-05 0.855014
0.0464833 9.9982E-05 9.9982E-05 0.0394514 0.0661813 0.847684
0.107667 0.419086 0.0926495 0.215126 9.9991E-05 0.165371
0.182048 0.374345 0.284798 0.0338372 9.9991E-05 0.124872
0.167805 0.462243 0.13958 0.209206 0.0210649 9.9991E-05
0.0428401 0.148792 0.00816907 0.0992478 0.00278361 0.698167
0.240095 0.0692987 0.160283 0.0421413 0.097335 0.390847
0.325509 0.0722984 0.289993 0.0888028 9.9991E-05 0.223298
0.493596 0.466375 0.0397292 9.9973E-05 9.9973E-05 9.9973E-05
0.114867 0.534072 0.163173 0.0442459 9.9991E-05 0.143541
9.9982E-05 0.0871447 0.129415 0.176744 9.9982E-05 0.606496
0.207578 0.333525 0.330436 0.076421 0.05194 9.9991E-05
0.0893749 0.131233 0.473009 0.295734 9.9991E-05 0.0105488
0.192902 0.481521 0.228615 9.9991E-05 0.0452588 0.0516027
0.464087 0.31379 0.157877 0.0640462 9.9982E-05 9.9982E-05
0.214393 0.299199 0.040263 0.429587 9.9991E-05 0.0164583
0.422552 0.0139494 0.210588 0.0182712 9.9991E-05 0.334539
0.214964 0.632637 9.9982E-05 0.0914818 0.0607179 9.9982E-05
0.329338 0.19476 0.0682916 9.9991E-05 0.0661737 0.341337
0.229129 0.245274 0.359245 0.163424 9.9991E-05 0.00282755
0.0518963 9.9973E-05 9.9973E-05 0.108721 9.9973E-05 0.839082
0.388527 0.120359 0.077101 0.104664 9.9991E-05 0.309249
0.0449496 0.628917 0.32191 9.9982E-05 0.00402365 9.9982E-05
0.0431074 0.784823 0.0368224 0.11048 0.0246672 9.9991E-05
0.264752 0.468467 0.00638464 0.0472612 0.0479705 0.165164
0.559285 0.0926382 0.0937169 0.00257176 9.9991E-05 0.251688
0.058175 0.452815 0.147076 9.9982E-05 9.9982E-05 0.341734
0.165385 9.9982E-05 0.0222972 9.9982E-05 0.0999663 0.712151
0.292472 9.9964E-05 9.9964E-05 9.9964E-05 9.9964E-05 0.707128
0.167835 0.470553 0.172398 0.176821 9.9991E-05 0.0122933
0.179153 9.9964E-05 9.9964E-05 9.9964E-05 9.9964E-05 0.820447
0.4158 0.279676 0.209839 0.0733873 0.0211979 9.9991E-05
9.9973E-05 9.9973E-05 0.0861893 0.12225 9.9973E-05 0.791261
0.139478 0.616653 0.170721 0.0650944 9.9991E-05 0.00795326
0.419517 0.176776 0.206888 0.0991128 9.9991E-05 0.0976056
0.220129 0.383472 0.179949 0.214684 0.001666 9.9991E-05
0.385745 9.9964E-05 9.9964E-05 9.9964E-05 9.9964E-05 0.613855
0.153494 0.401847 0.315593 0.0382831 0.0906834 9.9991E-05
0.0447754 0.471677 0.327312 0.0726228 9.9991E-05 0.0835135
0.12747 0.384003 9.9991E-05 0.130753 0.0755414 0.282133
0.301762 0.360359 0.248891 0.0640669 0.0248204 9.9991E-05
0.188167 0.353019 0.295628 0.10295 9.9991E-05 0.0601354
0.0531912 0.48241 0.0471722 0.0152478 9.9991E-05 0.401879
0.202785 0.593175 0.0963099 0.0826501 9.9991E-05 0.0249797
0.491478 0.191587 0.0598917 0.218111 9.9991E-05 0.0388327
0.588456 0.0758407 0.142444 0.18536 9.9991E-05 0.0077991
0.0483457 0.498637 0.118584 0.303054 9.9991E-05 0.0312791
0.139027 0.19436 0.666313 9.9973E-05 9.9973E-05 9.9973E-05
0.27627 0.569112 0.00310631 0.132711 0.0187003 9.9991E-05
0.227954 0.41941 0.309178 9.9982E-05 9.9982E-05 0.0432575
0.191883 0.572268 0.235549 9.9973E-05 9.9973E-05 9.9973E-05
0.212702 0.49911 0.161298 0.12669 9.9982E-05 9.9982E-05
0.381564 0.188317 0.279296 0.117046 9.9991E-05 0.0336765
0.277114 0.246386 0.098554 0.144113 9.9991E-05 0.233734
0.604006 0.273616 0.0144248 9.9982E-05 9.9982E-05 0.107753
0.0160442 0.180503 9.9973E-05 9.9973E-05 9.9973E-05 0.803153
0.355219 0.300379 9.9982E-05 0.155323 9.9982E-05 0.188878
0.404286 0.110043 0.0796093 0.405862 9.9982E-05 9.9982E-05
0.298748 0.17411 9.9982E-05 0.0201012 9.9982E-05 0.506841
0.278379 0.517152 0.182337 0.0204299 9.9991E-05 0.00160277
0.116545 0.413768 0.204224 9.9982E-05 9.9982E-05 0.265264
0.531475 0.106318 0.0357799 9.9982E-05 9.9982E-05 0.326227
0.0601536 9.9973E-05 0.0453471 9.9973E-05 9.9973E-05 0.894199
0.174744 0.432167 0.184778 0.151061 9.9991E-05 0.0571508
0.502413 0.244642 9.9973E-05 0.252645 9.9973E-05 9.9973E-05
0.157723 0.404008 0.346019 0.052917 9.9991E-05 0.0392331
0.0773921 0.570701 0.129155 9.9991E-05 0.0090291 0.213623
0.369393 9.9973E-05 0.216468 9.9973E-05 9.9973E-05 0.413839
0.0660938 0.476951 0.354532 0.0283947 9.9991E-05 0.0739292
0.111377 0.561843 0.00509421 0.305956 0.0156289 9.9991E-05
0.110641 0.606622 0.282438 9.9973E-05 9.9973E-05 9.9973E-05
0.175268 0.541755 9.9973E-05 0.282677 9.9973E-05 9.9973E-05
0.251629 9.9982E-05 0.0382306 0.0765161 9.9982E-05 0.633424
0.270632 0.139932 9.9982E-05 9.9982E-05 0.127717 0.46152
0.115474 0.522809 0.361417 9.9973E-05 9.9973E-05 9.9973E-05
0.308297 0.45128 0.219508 0.00635561 9.9991E-05 0.0144597
0.220438 0.568648 9.9973E-05 0.210615 9.9973E-05 9.9973E-05
0.33297 0.0606327 0.0697987 0.0949785 9.9991E-05 0.44152
0.153781 9.9964E-05 9.9964E-05 9.9964E-05 9.9964E-05 0.845819
0.387318 0.255085 9.9982E-05 0.00615692 9.9982E-05 0.35124
0.0550093 0.566316 0.121617 0.256858 9.9982E-05 9.9982E-05
0.0503974 0.570953 0.190532 0.0743872 9.9991E-05 0.113631
0.00301121 0.523666 0.413201 0.0586445 9.9991E-05 0.00137646
0.0654698 0.659673 0.274557 9.9973E-05 9.9973E-05 9.9973E-05
0.0572201 9.9982E-05 9.9982E-05 0.0278831 0.0194841 0.895213
9.9991E-05 0.684179 0.236009 0.000384567 0.0551985 0.0241291
0.0904515 0.520179 0.00629651 0.382873 9.9982E-05 9.9982E-05
9.9982E-05 0.648765 0.0385122 0.159952 9.9982E-05 0.152571
0.404757 0.0237551 0.115201 9.9982E-05 9.9982E-05 0.456087
0.237308 0.626807 9.9973E-05 0.135584 9.9973E-05 9.9973E-05
0.256921 0.513105 0.0449204 0.171361 9.9991E-05 0.0135928
0.0406869 0.526302 0.214071 0.21874 9.9982E-05 9.9982E-05
0.296186 0.384904 0.255472 0.0308125 9.9991E-05 0.0325251
0.0346174 0.304556 9.9982E-05 9.9982E-05 0.0589776 0.601649
0.145452 9.9973E-05 9.9973E-05 9.9973E-05 0.0607549 0.793493
0.341499 0.204394 0.263588 0.190319 9.9982E-05 9.9982E-05
0.0606366 0.383884 0.229567 0.303064 0.0149282 0.00791997
0.15632 0.402901 0.219891 0.202044 9.9991E-05 0.0187431
0.400153 0.151934 0.27671 0.171003 9.9982E-05 9.9982E-05
0.365408 0.19501 0.0677734 0.0804938 9.9991E-05 0.291216
0.368184 0.251821 0.225378 9.9982E-05 0.154417 9.9982E-05
0.1089 0.426635 0.233954 9.9982E-05 9.9982E-05 0.23031
0.302363 9.9973E-05 0.0717329 0.625604 9.9973E-05 9.9973E-05
0.146187 0.156703 0.0725217 9.9991E-05 0.0426653 0.581823
0.203329 0.420844 9.9991E-05 0.112009 0.0353325 0.228385
0.223932 0.0197413 9.9982E-05 0.641545 9.9982E-05 0.114583
0.305597 0.0285476 0.165001 0.0126962 9.9991E-05 0.488058
0.288191 0.471573 0.0714964 0.0554415 9.9991E-05 0.113198
0.213026 0.25408 0.136229 9.9991E-05 0.078308 0.318257
0.221708 0.182773 0.165942 0.181745 9.9991E-05 0.247732
0.610308 0.0287431 0.21118 0.0386818 0.0127756 0.0983116
0.164269 0.021439 0.0852743 9.9991E-05 0.0487066 0.680211
0.0405983 0.29363 0.232127 0.17653 9.9991E-05 0.257014
0.451571 0.195789 0.0849846 0.0952733 9.9991E-05 0.172283
0.0524309 0.624443 0.05964 0.263286 9.9982E-05 9.9982E-05
9.9964E-05 0.42092 0.57868 9.9964E-05 9.9964E-05 9.9964E-05
0.245008 0.294003 0.235911 0.153561 0.0714167 9.9991E-05
0.232484 0.429272 0.156435 0.181609 9.9982E-05 9.9982E-05
0.210146 0.451029 9.9982E-05 9.9982E-05 0.0388068 0.299818
0.208051 0.119983 9.9973E-05 9.9973E-05 9.9973E-05 0.671667
0.349491 0.112298 0.114451 0.0566387 0.0404946 0.326626
0.388283 0.0968386 0.111248 0.40343 9.9982E-05 9.9982E-05
0.175987 0.26018 0.201618 0.362015 9.9982E-05 9.9982E-05
0.160703 9.9973E-05 9.9973E-05 0.0955639 9.9973E-05 0.743433
0.183976 0.342181 0.247408 0.217945 0.00838975 9.9991E-05
0.172271 0.395695 0.194629 0.178887 0.0441357 0.0143819
0.0463226 0.491009 0.110886 0.149591 0.029464 0.172726
0.299934 0.436748 9.9982E-05 0.243125 0.0199925 9.9982E-05
0.471816 0.0764808 0.165414 0.176719 9.9991E-05 0.10947
0.360784 0.22871 0.0922308 0.317054 9.9991E-05 0.00112124
0.0885561 0.248459 0.464973 0.151229 9.9991E-05 0.0466825
0.0215739 0.570078 0.308038 0.10011 9.9982E-05 9.9982E-05
0.0511566 0.705702 0.116396 0.0926646 0.0339807 9.9991E-05
0.218341 0.0549839 0.279517 0.323449 9.9991E-05 0.123609
0.418145 0.0426368 9.9982E-05 0.094911 9.9982E-05 0.444108
0.406411 0.0237322 0.270317 0.0811767 9.9991E-05 0.218263
0.497665 0.0959674 0.13085 0.268797 0.00650697 0.000213863
0.292449 0.263921 0.185885 0.0846524 0.0734012 0.0996913
0.509811 0.443732 9.9973E-05 9.9973E-05 9.9973E-05 0.0461574
0.0837357 9.9964E-05 9.9964E-05 9.9964E-05 9.9964E-05 0.915864
0.363791 0.382558 9.9991E-05 0.15622 0.0432152 0.0541166
0.647881 0.0814733 0.0633417 9.9982E-05 9.9982E-05 0.207104
0.42747 0.0720739 0.340075 0.082434 0.077847 9.9991E-05
0.34183 0.393268 0.0782538 9.9982E-05 9.9982E-05 0.186447
0.289332 0.0686208 9.9991E-05 0.141951 0.00930858 0.490688
0.291972 0.138834 0.131928 0.0134011 9.9991E-05 0.423765
0.00140819 0.471343 9.9973E-05 9.9973E-05 9.9973E-05 0.526949
0.342178 0.629207 0.0283159 9.9973E-05 9.9973E-05 9.9973E-05
0.305918 9.9973E-05 9.9973E-05 0.0481535 9.9973E-05 0.645629
0.207402 0.260505 0.111517 0.0291805 9.9991E-05 0.391296
0.150354 0.365506 0.264128 0.181291 0.0386215 9.9991E-05
9.99641E-05 9.99641E-05 9.99641E-05 0.0467649 9.99641E-05 0.952835
0.515323 0.130001 9.9973E-05 9.9973E-05 9.9973E-05 0.354376
0.468279 0.251569 0.235516 0.0263385 9.9991E-05 0.0181983
0.511392 0.193027 0.0148152 9.9982E-05 9.9982E-05 0.280566
9.9982E-05 0.606239 0.0363681 0.162398 9.9982E-05 0.194795
0.218712 0.586831 0.0709629 0.0950707 0.0283237 9.9991E-05
0.253922 0.231996 0.0210796 0.221631 9.9991E-05 0.271271
0.162729 0.569694 0.224014 0.0428046 9.9991E-05 0.000657809
0.154504 0.579304 0.226571 0.0394209 9.9982E-05 9.9982E-05
0.0801535 0.527373 0.0682015 0.238076 0.0250851 0.0611107
0.371957 0.188586 9.9991E-05 0.156463 0.0974075 0.185486
9.9991E-05 0.601009 0.0799176 0.018816 0.0115275 0.28863
9.9982E-05 0.494683 0.25423 0.11627 0.134617 9.9982E-05
0.249359 0.529632 0.109418 9.9982E-05 9.9982E-05 0.111391
0.283855 0.0878283 0.306448 0.238387 0.0833812 9.9991E-05
0.330468 0.249669 0.233879 0.185785 9.9982E-05 9.9982E-05
0.206397 0.141881 0.195985 0.191751 9.9991E-05 0.263886
0.0655711 0.481796 0.387481 0.064952 9.9982E-05 9.9982E-05
0.374998 0.290644 0.221137 0.0954701 0.0176514 9.9991E-05
0.193889 0.274858 0.102339 0.404854 0.0239605 9.9991E-05
0.203992 0.194721 0.403732 9.9982E-05 0.197355 9.9982E-05
0.346638 0.00947917 0.307304 0.113374 9.9991E-05 0.223106
9.9982E-05 0.715484 0.167336 9.9982E-05 0.112579 0.00440035
0.564608 0.270999 9.9982E-05 0.103198 9.9982E-05 0.0609961
0.134966 0.442471 0.199728 0.215579 9.9991E-05 0.00715626
0.0526731 0.51491 0.425571 9.9982E-05 0.00664627 9.9982E-05
0.153251 0.383309 0.270563 0.189594 0.00318282 9.9991E-05
0.24183 0.145839 0.277906 9.9982E-05 9.9982E-05 0.334225
0.377825 0.166381 0.127725 9.9991E-05 0.00744295 0.320527
0.0529519 0.792503 0.0657532 0.0885921 9.9982E-05 9.9982E-05
0.0151844 0.528852 0.166064 0.289699 9.9982E-05 9.9982E-05
0.216882 0.574931 0.160765 9.9982E-05 0.0472224 9.9982E-05
0.332556 0.352445 0.229834 0.0701466 0.0149186 9.9991E-05
0.542207 0.180242 9.9982E-05 0.0521445 9.9982E-05 0.225207
0.446835 0.109355 0.309813 0.0355449 9.9991E-05 0.0983514
0.181887 0.336805 0.343432 0.0769831 0.0607922 9.9991E-05
0.195573 9.9982E-05 0.200837 0.0700933 9.9982E-05 0.533297
0.0424322 0.474922 9.9982E-05 0.247365 9.9982E-05 0.235081
0.499718 0.217489 0.0934633 0.0162536 0.142654 0.0304224
0.337484 9.9973E-05 9.9973E-05 0.0169024 9.9973E-05 0.645314
0.450342 0.193795 0.138756 0.184591 0.0324151 9.9991E-05
0.0832536 0.378034 0.303812 0.168047 9.9991E-05 0.066753
0.237664 0.537079 0.173655 0.0413483 9.9991E-05 0.0101535
0.11135 0.533687 0.16447 0.190293 9.9982E-05 9.9982E-05
0.510806 0.183887 0.149012 9.9982E-05 0.156096 9.9982E-05
0.400624 0.379307 0.113343 0.106526 9.9982E-05 9.9982E-05
0.0329239 0.694229 0.105788 0.141844 9.9991E-05 0.0251141
0.0990824 0.623757 0.261746 0.0152141 9.9982E-05 9.9982E-05
0.241103 0.194737 0.0756602 0.30107 9.9991E-05 0.18733
0.109518 0.50294 0.29022 0.0836572 0.0135653 9.9991E-05
0.154135 0.420394 0.298333 0.126938 9.9982E-05 9.9982E-05
0.743922 9.9973E-05 9.9973E-05 0.245298 9.9973E-05 0.01048
0.184497 0.452211 0.362992 9.9973E-05 9.9973E-05 9.9973E-05
0.186113 0.582562 0.220098 0.0110266 9.9982E-05 9.9982E-05
0.183398 0.239137 0.181492 0.0601706 9.9991E-05 0.335703
0.272839 0.494683 9.9973E-05 9.9973E-05 9.9973E-05 0.232178
0.173141 0.724438 0.0369555 0.0501212 9.9991E-05 0.0152448
0.111764 0.209631 0.154894 9.9982E-05 9.9982E-05 0.523511
0.374255 0.315034 0.134887 0.175624 9.9982E-05 9.9982E-05
0.305819 0.482397 0.00701499 9.9982E-05 9.9982E-05 0.204569
9.9991E-05 0.610499 0.112358 0.124113 0.103187 0.0497422
0.8027 9.9982E-05 0.0782308 0.109961 9.9982E-05 0.00890813
0.438112 0.214435 9.9982E-05 9.9982E-05 0.128322 0.218932
0.176689 0.217422 0.0356783 0.080367 9.9991E-05 0.489744
0.324963 0.370393 0.0863105 0.15344 9.9991E-05 0.064793
0.256271 0.364868 0.378562 9.9973E-05 9.9973E-05 9.9973E-05
0.257779 0.314699 0.0156121 0.136963 9.9991E-05 0.274846
0.180387 0.198202 0.477569 0.134824 9.9991E-05 0.00891868
0.241162 0.562916 0.173249 0.0224736 9.9982E-05 9.9982E-05
9.9973E-05 0.0342323 0.0644108 9.9973E-05 9.9973E-05 0.901057
0.244388 0.360758 0.242886 0.151768 9.9982E-05 9.9982E-05
0.250359 0.712679 9.9973E-05 9.9973E-05 0.0366621 9.9973E-05
0.145398 0.647836 0.204557 9.9982E-05 9.9982E-05 0.00200865
0.102941 0.545279 0.00773129 0.298666 9.9991E-05 0.0452824
0.119635 0.569026 0.150619 0.0799084 9.9991E-05 0.0807114
0.221112 0.382577 0.303463 0.0926488 9.9982E-05 9.9982E-05
0.153268 0.572674 0.0291443 0.199102 9.9991E-05 0.0457112
0.294339 0.491211 0.160273 0.0197096 9.9991E-05 0.0343677
0.267721 0.0004044 0.188031 0.0480488 0.0139345 0.48186
0.309581 0.66182 9.9973E-05 0.0282983 9.9973E-05 9.9973E-05
9.9973E-05 0.719731 0.25421 0.0257593 9.9973E-05 9.9973E-05
0.238775 0.181607 0.214773 0.194985 9.9991E-05 0.16976
0.16399 0.387298 0.0320686 0.055214 9.9991E-05 0.361329
0.0363422 0.443184 0.302471 0.217803 9.9982E-05 9.9982E-05
0.320855 0.521235 9.9973E-05 9.9973E-05 9.9973E-05 0.15761
0.0865706 0.619868 0.210812 0.067196 9.9991E-05 0.0154535
0.316121 0.343502 9.9982E-05 0.0793308 9.9982E-05 0.260846
0.400651 0.279078 0.107684 0.0560496 0.106044 0.0504921
0.511836 9.9973E-05 0.115751 9.9973E-05 9.9973E-05 0.372113
9.9973E-05 0.506915 0.21941 9.9973E-05 9.9973E-05 0.273375
0.274324 0.282279 0.129519 0.23577 0.0760639 0.00204322
0.267162 0.280726 0.222321 0.02595 0.034376 0.169464
0.264955 0.410344 0.272214 0.0522869 9.9982E-05 9.9982E-05
0.333018 0.454647 0.0318142 0.18032 9.9982E-05 9.9982E-05
0.516908 0.252275 9.9973E-05 0.230517 9.9973E-05 9.9973E-05
0.208231 0.381339 0.0952222 0.0358031 0.0275832 0.251822
0.457678 0.353701 0.15388 0.0345406 9.9982E-05 9.9982E-05
0.177131 0.162902 0.323585 0.336182 9.9982E-05 9.9982E-05
0.152399 0.56458 0.172658 0.110163 9.9982E-05 9.9982E-05
0.0135588 0.282565 0.0503565 0.0905107 0.0309012 0.532108
0.0433308 9.9982E-05 9.9982E-05 0.0814299 0.0241082 0.850931
0.309598 0.36108 0.0647999 0.156835 0.0223647 0.0853229
0.124361 0.244201 0.569265 9.9982E-05 9.9982E-05 0.0619725
0.476862 0.104174 0.258602 0.11278 0.0368401 0.0107417
0.489968 0.0705142 0.184032 0.0857538 9.9991E-05 0.169632
0.316445 0.353456 0.0778161 0.0605195 9.9991E-05 0.191664
9.9982E-05 0.394946 0.364499 0.132553 9.9982E-05 0.107803
0.188707 0.34038 0.233039 0.199842 0.0379317 9.9991E-05
0.15077 0.428133 0.263865 0.123394 0.0337388 9.9991E-05
0.0379529 0.641884 0.045227 0.230556 9.9991E-05 0.0442797
9.9982E-05 0.668778 0.106824 0.206013 0.0181846 9.9982E-05
0.30573 0.644027 9.9973E-05 0.0499434 9.9973E-05 9.9973E-05
0.175485 0.570131 0.103782 0.141974 0.00852803 9.9991E-05
0.505445 0.181479 0.130746 0.121599 0.0606307 9.9991E-05
0.159833 0.466916 0.15615 0.184659 0.0323427 9.9991E-05
0.099064 0.384754 0.301433 0.185565 9.9991E-05 0.0290836
0.102092 0.333734 0.247454 0.299547 9.9991E-05 0.0170731
0.306983 0.475125 0.0127129 0.204979 9.9982E-05 9.9982E-05
0.0696702 0.363986 0.270456 0.113374 9.9991E-05 0.182414
9.9982E-05 0.208318 0.0634082 9.9982E-05 0.139571 0.588503
0.175173 0.173125 0.150045 0.0784492 9.9991E-05 0.423108
9.9964E-05 0.13675 9.9964E-05 9.9964E-05 9.9964E-05 0.86285
0.153509 0.476756 0.147296 0.222239 9.9982E-05 9.9982E-05
9.9973E-05 0.199334 9.9973E-05 9.9973E-05 0.0335022 0.766864
0.234705 0.0246899 9.9982E-05 9.9982E-05 0.0657192 0.674686
0.252351 0.288015 0.282853 0.176581 9.9982E-05 9.9982E-05
9.9982E-05 0.603686 9.9982E-05 0.229548 0.106814 0.0597521
0.091347 0.518214 0.325012 0.0652273 9.9982E-05 9.9982E-05
0.219756 9.9973E-05 0.0890304 9.9973E-05 9.9973E-05 0.690914
0.0784047 0.73109 0.0716117 0.074443 0.0443505 9.9991E-05
0.443354 0.0286651 0.162532 0.0217779 9.9991E-05 0.34357
9.9982E-05 0.581037 0.0201677 0.359929 9.9982E-05 0.0386668
9.9973E-05 0.0573081 9.9973E-05 0.119726 9.9973E-05 0.822666
0.387999 0.246159 0.215741 9.9991E-05 0.0583569 0.091645
0.157558 0.644029 0.0782961 0.109388 9.9991E-05 0.0106294
0.131026 0.588252 0.274089 9.9982E-05 0.00643278 9.9982E-05
0.284765 0.335974 0.237766 0.141295 9.9982E-05 9.9982E-05
0.0716633 0.0650574 0.151901 9.9982E-05 9.9982E-05 0.711178
0.433558 0.391825 9.9982E-05 0.0400412 9.9982E-05 0.134376
0.414111 0.116423 9.9991E-05 0.0930616 0.0860549 0.29025
0.124952 0.468652 0.195042 0.0627683 0.148486 9.9991E-05
0.140406 0.103436 9.9991E-05 0.00632468 0.0595826 0.69015
0.171566 0.251698 0.158449 0.165006 0.189832 0.0634487
0.466344 0.00839593 9.9982E-05 0.220806 9.9982E-05 0.304254
0.158323 0.484477 0.283711 0.0524885 0.0209005 9.9991E-05
0.596925 0.0575318 9.9991E-05 0.208818 0.0189604 0.117665
0.0484715 0.306152 0.089608 0.0662812 9.9991E-05 0.489387
0.103076 0.425573 0.420905 0.000254124 0.0500928 9.9991E-05
0.110813 0.476571 0.26783 0.116337 0.0109216 0.0175273
0.149612 0.339916 0.405409 0.07495 0.0300127 9.9991E-05
0.0143292 0.563147 0.197874 0.189683 9.9991E-05 0.0348665
0.497425 0.0817713 9.9982E-05 0.13547 9.9982E-05 0.285133
0.22869 0.415301 0.204792 0.075789 0.0753278 9.9991E-05
9.9973E-05 0.671255 0.149953 0.178492 9.9973E-05 9.9973E-05
0.0757609 0.64654 0.228109 9.9982E-05 9.9982E-05 0.0493903
0.320534 0.24041 0.00512786 0.0269113 0.0223437 0.384674
0.357379 0.218504 0.23104 0.00977963 9.9991E-05 0.183197
0.134864 0.517488 0.330614 0.00322765 0.0137055 9.9991E-05
0.361345 9.9973E-05 0.426608 0.211747 9.9973E-05 9.9973E-05
0.270795 0.30799 0.112617 0.133229 9.9991E-05 0.175269
0.303405 0.222211 0.280235 0.193949 9.9982E-05 9.9982E-05
0.435441 0.0853504 9.9991E-05 0.185139 0.00610032 0.28787
0.5131 0.161426 0.115063 0.210211 9.9982E-05 9.9982E-05
0.209479 0.353217 9.9991E-05 0.00570466 0.0234146 0.408085
9.9982E-05 0.683017 0.211137 0.0704949 0.0351513 9.9982E-05
0.0292948 0.786073 0.146702 0.0377301 9.9982E-05 9.9982E-05
0.184574 0.624257 0.0509711 0.138021 9.9991E-05 0.00207703
9.9982E-05 0.696424 0.167948 0.0783727 0.0570561 9.9982E-05
0.107994 0.565391 0.0721925 0.1423 0.112022 9.9991E-05
0.185981 0.401154 0.225889 0.186776 9.9982E-05 9.9982E-05
0.323368 0.223688 0.0419376 0.127502 9.9991E-05 0.283404
0.683281 0.190365 0.0340442 0.0921099 9.9982E-05 9.9982E-05
0.104471 0.533616 0.256344 0.105369 9.9982E-05 9.9982E-05
0.115848 0.713996 0.103788 0.00248224 9.9991E-05 0.0637859
0.444337 0.195438 0.253888 0.0947418 9.9991E-05 0.0114956
0.53245 0.031057 0.0152042 0.123341 0.0994488 0.1985
0.139961 0.350537 0.169044 0.321036 0.0193212 9.9991E-05
0.00799855 0.627699 0.138877 0.123663 0.101663 9.9991E-05
0.153054 0.0024398 0.101375 0.0293569 9.9991E-05 0.713675
9.9982E-05 0.218682 0.0281596 0.0445328 9.9982E-05 0.708426
0.106812 0.562712 0.104868 0.225409 9.9982E-05 9.9982E-05
9.9982E-05 0.43483 0.0439865 0.186285 0.334699 9.9982E-05
0.113911 9.9982E-05 0.362023 9.9982E-05 0.509906 0.0139597
0.00743548 0.0650582 0.422647 0.0271726 0.43621 0.0414773
0.253126 0.428664 0.147423 0.0673258 0.103361 9.9991E-05
9.9982E-05 0.0857597 0.219641 0.249501 0.444899 9.9982E-05
9.9991E-05 0.198939 0.142335 0.11664 0.496211 0.045774
0.200773 0.214297 9.9982E-05 0.0819499 0.502781 9.9982E-05
9.9982E-05 9.9982E-05 0.292931 0.345582 0.355978 0.00530858
9.9991E-05 0.195136 0.132762 0.226377 0.391817 0.0538076
9.9991E-05 0.302679 0.217384 0.162331 0.297779 0.0197269
0.286199 0.293316 0.0802645 0.0863693 0.253751 9.9991E-05
0.121215 0.162524 0.0454597 0.183554 0.487146 9.9991E-05
0.100327 0.235009 0.28782 0.235268 0.141477 9.9991E-05
9.9982E-05 0.0189813 0.399514 0.399621 0.181684 9.9982E-05
9.9982E-05 0.0696908 0.381476 0.273933 0.2747 9.9982E-05
0.138968 9.9991E-05 0.204334 0.0572628 0.558077 0.0412577
0.139174 0.320736 0.0211052 0.0486762 0.470208 9.9991E-05
0.265127 0.037887 0.269395 0.115457 0.312034 9.9991E-05
9.9973E-05 0.0503383 9.9973E-05 9.9973E-05 0.180143 0.769219
0.0410386 0.34951 0.0104484 0.297059 0.279767 0.0221776
0.0341258 0.221833 0.0984036 0.252171 0.393367 9.9991E-05
0.184544 0.394348 0.223453 9.9991E-05 0.12305 0.0745053
9.9982E-05 0.0070208 0.221042 0.113622 0.658115 9.9982E-05
0.11282 9.9982E-05 0.140259 0.283241 0.463481 9.9982E-05
0.454605 0.20217 9.9982E-05 0.281369 0.0616557 9.9982E-05
9.9991E-05 0.148644 0.104992 0.218471 0.493084 0.0347094
0.103902 0.230492 0.240471 0.123354 0.301682 9.9991E-05
9.9982E-05 0.0603218 0.488114 0.241054 0.210311 9.9982E-05
9.9991E-05 0.143331 0.061511 0.212062 0.523277 0.0597186
0.097371 9.9991E-05 0.0953133 0.401648 0.353886 0.0516817
0.0335371 9.9982E-05 0.19233 0.272221 0.501712 9.9982E-05
0.00776289 9.9982E-05 0.24118 9.9982E-05 0.687283 0.0635746
0.0327316 0.0852308 0.277564 0.208388 0.360649 0.0354366
9.9982E-05 0.2699 0.0050126 0.404724 0.320164 9.9982E-05
0.1574 9.9991E-05 0.0865674 0.116611 0.562172 0.0771486
0.144402 9.9982E-05 0.094443 0.416944 0.34401 9.9982E-05
0.1136 9.9991E-05 0.213856 0.162965 0.437539 0.0719398
9.9973E-05 0.485902 0.107286 0.406512 9.9973E-05 9.9973E-05
0.0190329 0.11055 0.157062 0.255412 0.440056 0.0178873
9.9991E-05 0.297997 0.12027 0.220956 0.322772 0.0379047
0.183767 0.147236 0.287361 9.9982E-05 0.381436 9.9982E-05
0.0483324 0.167248 0.219017 0.199264 0.364167 0.00197205
9.9982E-05 0.00688469 0.208904 9.9982E-05 0.777139 0.00687209
0.175632 0.408133 0.160707 0.174876 0.080552 9.9991E-05
9.9991E-05 0.164804 0.290325 0.0620253 0.476596 0.00615059
0.366254 0.214643 0.00776195 0.0628505 0.0914926 0.256998
0.137657 0.150254 0.417654 0.294235 9.9982E-05 9.9982E-05
0.244289 0.441246 0.0762655 0.0540738 0.184026 9.9991E-05
0.00203079 0.254639 9.9991E-05 0.265973 0.44896 0.0282972
9.9982E-05 0.24488 0.134891 0.31982 0.300209 9.9982E-05
9.9982E-05 0.12123 9.9982E-05 0.305528 0.556555 0.0164871
0.148293 0.176005 0.237972 0.0698908 0.36774 9.9991E-05
0.0222467 0.0916218 0.216479 0.317539 0.300355 0.0517592
9.9991E-05 0.0905201 0.202584 0.313993 0.35935 0.0334536
0.0279615 0.348704 0.0978202 0.15345 0.371965 9.9991E-05
0.0341692 9.9982E-05 0.334369 0.041095 0.590167 9.9982E-05
0.0160843 0.292853 0.119264 9.9982E-05 0.571599 9.9982E-05
9.9982E-05 0.00980139 0.708135 0.250905 9.9982E-05 0.0309589
9.9991E-05 0.109033 0.141403 0.197334 0.540805 0.0113254
9.9991E-05 0.232565 0.0162823 0.1684 0.572552 0.0101002
9.9982E-05 9.9982E-05 0.204982 0.35475 0.41495 0.0251175
0.098676 0.0327644 0.18717 0.216499 0.464791 9.9991E-05
0.250358 0.397367 0.213964 0.0812413 0.0569697 9.9991E-05
9.9982E-05 0.133374 0.150949 0.31256 0.402917 9.9982E-05
0.378952 0.406319 0.0147321 0.0390562 0.0436038 0.117336
9.9991E-05 0.121023 0.187271 0.300214 0.350939 0.0404532
0.24753 0.0205098 0.0120882 0.253986 0.435717 0.0301701
0.451918 0.219946 0.0695483 0.195716 0.0237913 0.0390804
9.9982E-05 9.9982E-05 0.259166 0.340984 0.346279 0.0533712
0.173286 0.0562156 0.136455 0.151312 0.482632 9.9991E-05
9.9973E-05 9.9973E-05 0.671638 0.221296 0.106766 9.9973E-05
0.0395273 0.124672 0.116818 0.369057 0.349826 9.9991E-05
0.0606164 0.222846 0.181823 0.222692 0.311922 9.9991E-05
0.202299 0.103933 0.0780836 0.219825 0.395759 9.9991E-05
0.0572549 0.030571 0.269563 0.0253394 0.572126 0.0451456
9.9982E-05 0.202367 0.410537 0.103098 0.283798 9.9982E-05
0.188831 0.279433 0.34261 0.00164074 0.187385 9.9991E-05
0.164879 0.158652 0.0823288 0.187712 0.406328 9.9991E-05
0.241606 0.148781 0.0727631 0.194038 0.342713 9.9991E-05
0.188292 9.9982E-05 0.0455919 9.9982E-05 0.0225978 0.743319
9.9991E-05 0.217622 0.214637 0.217614 0.323703 0.0263233
0.161647 0.574408 0.018855 0.0848435 0.0250778 0.135168
0.12399 9.9982E-05 0.163976 0.134815 0.577018 9.9982E-05
0.142633 0.186157 0.12468 0.310651 0.235779 9.9991E-05
9.9982E-05 0.297423 0.389327 0.179032 0.134019 9.9982E-05
0.0274021 0.577765 0.13675 0.18011 0.0778728 9.9991E-05
0.129176 0.201585 0.229453 9.9982E-05 0.439586 9.9982E-05
9.9991E-05 0.173385 0.227281 0.137099 0.461085 0.00105052
0.0539502 0.147028 0.0528673 0.41161 0.334445 9.9991E-05
9.9991E-05 0.18977 0.192351 0.237312 0.365661 0.0148058
0.0967879 0.364834 0.320151 0.0989241 0.0783127 0.0409909
0.143489 9.9982E-05 0.150876 0.328581 0.376854 9.9982E-05
0.133171 0.190685 0.124292 0.162434 0.389318 9.9991E-05
0.126306 0.168234 0.242212 0.0897389 0.373408 9.9991E-05
0.253282 0.516974 0.184054 0.0429484 9.9991E-05 0.00264175
0.104236 9.9982E-05 0.245556 0.155573 0.494435 9.9982E-05
0.246377 9.9982E-05 0.0136217 0.29597 0.443832 9.9982E-05
9.9982E-05 0.120637 0.462339 0.179434 0.23739 9.9982E-05
9.9982E-05 0.152623 0.400014 0.256328 0.190835 9.9982E-05
0.374464 0.35975 0.0965842 0.169003 9.9982E-05 9.9982E-05
0.0207649 9.9973E-05 0.14983 9.9973E-05 9.9973E-05 0.829105
0.0958827 0.0365043 0.326522 0.219263 0.321728 9.9991E-05
9.9991E-05 0.379233 0.269729 0.154541 0.182236 0.014161
9.9982E-05 0.348305 0.345695 0.0162946 0.289506 9.9982E-05
9.9982E-05 0.221337 9.9982E-05 0.388576 0.367976 0.0219105
9.9982E-05 9.9982E-05 0.182682 0.25866 0.522249 0.0362081
9.9982E-05 0.259451 0.0631742 0.11381 0.563366 9.9982E-05
0.0478535 0.0487937 0.0474196 0.398221 0.457612 9.9991E-05
9.9991E-05 0.0673762 0.153947 0.172288 0.557902 0.048387
9.9991E-05 0.107698 0.243393 0.107394 0.47026 0.0711545
0.0937102 0.337534 0.0463412 0.172891 0.349424 9.9991E-05
0.270379 0.492998 0.106312 0.0397935 0.0904179 9.9991E-05
0.00567366 9.9982E-05 0.108008 0.497782 0.388337 9.9982E-05
9.9991E-05 0.169664 0.353461 0.149655 0.326766 0.000353781
9.9973E-05 0.395541 0.350218 0.253941 9.9973E-05 9.9973E-05
0.116293 9.9982E-05 0.183494 0.32435 0.375663 9.9982E-05
0.333417 0.3154 0.23986 0.111123 9.9982E-05 9.9982E-05
9.9991E-05 0.252406 0.30465 0.0910234 0.303367 0.0484538
9.9991E-05 0.0580384 0.313042 0.238843 0.36917 0.0208063
0.252231 0.40807 0.000437174 0.200617 0.138546 9.9991E-05
0.0391546 0.110341 0.184995 0.231131 0.420257 0.0141211
0.119458 0.287892 0.181446 0.197468 0.213636 9.9991E-05
9.9982E-05 9.9982E-05 0.214238 0.683305 0.0848082 0.0174481
9.9964E-05 9.9964E-05 9.9964E-05 0.418117 9.9964E-05 0.581483
9.9991E-05 0.129708 0.167846 0.368816 0.321008 0.0125227
9.9982E-05 0.0921153 0.369093 0.13349 0.405102 9.9982E-05
0.0492136 0.171245 0.0543454 0.31596 0.409136 9.9991E-05
0.127828 0.0725908 0.183294 0.273599 0.342466 0.000222331
9.9991E-05 0.122873 0.374109 0.0690981 0.430222 0.00359831
0.109723 0.0268927 0.189309 0.202672 0.471303 9.9991E-05
9.9982E-05 0.334443 0.111789 0.225573 0.327995 9.9982E-05
0.315954 0.548507 0.135239 9.9973E-05 9.9973E-05 9.9973E-05
0.089185 9.9991E-05 0.229821 0.372756 0.285798 0.0223398
0.0600207 0.178614 0.0935174 0.170457 0.473097 0.0242945
0.0796054 9.9973E-05 0.310243 9.9973E-05 0.609852 9.9973E-05
0.154053 0.125611 0.130338 0.101514 0.486736 0.00174754
0.0468565 9.9982E-05 0.60202 0.150652 0.200272 9.9982E-05
9.9991E-05 0.34068 0.184169 0.0297461 0.387917 0.0573887
9.9982E-05 0.564622 0.18798 0.135841 0.111357 9.9982E-05
0.331599 9.9982E-05 0.34841 0.0604981 0.259293 9.9982E-05
0.143027 0.162323 0.253629 0.125706 0.315215 9.9991E-05
0.239122 9.9973E-05 9.9973E-05 0.350287 0.410291 9.9973E-05
0.182982 0.447871 0.265716 0.0823947 9.9991E-05 0.0209362
9.9982E-05 0.321081 0.291939 0.186761 0.20002 9.9982E-05
0.112909 9.9982E-05 0.0701694 0.351253 0.465468 9.9982E-05
0.122647 0.0855206 0.200369 0.138474 0.435705 0.0172854
0.114522 9.9982E-05 0.366276 0.269416 0.249586 9.9982E-05
9.9973E-05 9.9973E-05 0.186944 0.50434 0.308415 9.9973E-05
0.201678 0.112892 0.176658 0.129964 0.378708 9.9991E-05
0.271026 0.463847 0.168872 0.0903082 0.00385562 0.00209165
0.130524 0.293199 0.285744 0.234155 0.00976756 0.0466102
0.127518 0.161292 0.198287 0.111188 0.401615 9.9991E-05
0.048422 0.106282 0.220708 0.19945 0.425037 9.9991E-05
0.0710441 0.162385 0.202641 0.217521 0.346309 9.9991E-05
0.0305603 0.212882 0.400124 0.0893603 0.266973 9.9991E-05
9.9982E-05 0.0906656 0.290707 0.176909 0.441519 9.9982E-05
0.231361 9.9982E-05 0.000598303 0.31311 0.454732 9.9982E-05
0.507472 0.0872101 0.0724951 0.163502 0.0240919 0.145228
9.9991E-05 0.234314 0.285296 0.156693 0.279641 0.0439548
0.238825 0.088315 0.0940639 0.179034 0.399662 9.9991E-05
0.373713 0.079655 0.0589718 0.194674 0.0795822 0.213404
0.266611 0.314258 0.00355387 0.182262 9.9991E-05 0.233215
9.9982E-05 0.00557932 0.367036 0.149196 0.477988 9.9982E-05
0.13629 0.0621131 0.254452 0.204734 0.284266 0.058145
9.9982E-05 0.00652732 0.419332 0.106923 0.467017 9.9982E-05
0.0837489 0.602702 0.151435 0.145295 0.0167191 9.9991E-05
0.0408973 0.230322 0.328435 0.0365285 0.363717 9.9991E-05
9.9982E-05 0.159742 0.178874 0.37934 0.281843 9.9982E-05
0.463673 0.137592 0.0690882 0.10052 0.022384 0.206743
0.201456 0.0913736 0.30453 9.9982E-05 0.40244 9.9982E-05
9.9991E-05 0.178919 0.19836 0.115965 0.49095 0.0157058
9.9982E-05 0.115748 0.228201 0.318602 0.337248 9.9982E-05
0.0314438 0.179773 0.0176081 0.443813 0.327262 9.9991E-05
0.0450377 0.0914258 0.113706 0.158214 0.591516 9.9991E-05
0.166324 0.104438 0.196939 0.155458 0.37674 9.9991E-05
9.9991E-05 0.163825 0.114817 0.245985 0.456088 0.0191856
0.0244983 0.119341 0.430732 0.154202 0.271127 9.9991E-05
9.9982E-05 0.0994813 0.319105 0.036769 0.544445 9.9982E-05
0.0949651 0.240308 0.0869725 0.146194 0.43146 9.9991E-05
0.480816 9.9973E-05 0.0143792 9.9973E-05 9.9973E-05 0.504505
9.9973E-05 9.9973E-05 0.0504662 0.572477 0.376757 9.9973E-05
9.9991E-05 0.156373 0.0339952 0.251335 0.548329 0.00986792
0.362459 0.176634 9.9982E-05 0.29772 0.162987 9.9982E-05
9.9973E-05 9.9973E-05 0.122202 0.504053 0.373445 9.9973E-05
0.12734 9.9982E-05 0.482822 0.00176246 0.387876 9.9982E-05
0.124745 0.0285756 0.255587 0.264721 0.326271 9.9991E-05
0.353434 0.173099 0.296859 9.9991E-05 0.164781 0.011727
0.0587376 0.0199075 0.275379 0.277284 0.368592 9.9991E-05
0.0551711 0.00733381 0.288086 0.122121 0.527188 9.9991E-05
0.0900473 9.9991E-05 0.249757 0.202767 0.440904 0.0164248
0.103112 0.100312 0.111306 0.358759 0.32641 9.9991E-05
0.128306 0.250645 0.0986558 0.22912 0.279897 0.0133755
9.9964E-05 9.9964E-05 9.9964E-05 9.9964E-05 0.0691132 0.930487
0.0394455 9.9982E-05 0.440107 0.259102 0.261145 9.9982E-05
0.049526 0.333159 0.0716442 0.349505 0.196066 9.9991E-05
0.0340287 0.187887 0.0484526 0.331921 0.384555 0.0131561
9.9982E-05 0.094322 0.138872 0.276815 0.489791 9.9982E-05
0.131454 9.9982E-05 0.0658159 0.331343 0.471188 9.9982E-05
0.0198652 0.219981 0.0727354 0.193443 0.455049 0.0389261
0.256869 9.9973E-05 0.17191 9.9973E-05 9.9973E-05 0.570921
9.9982E-05 0.153777 0.182109 0.319463 0.344451 9.9982E-05
0.196638 9.9982E-05 0.20235 0.329774 0.271038 9.9982E-05
9.9982E-05 0.141725 0.372033 0.201924 0.284117 9.9982E-05
0.0212381 0.188156 0.18529 0.305079 0.300138 9.9991E-05
0.11092 0.0301383 0.141755 0.282155 0.434931 9.9991E-05
0.0703118 9.9982E-05 0.247112 0.2453 0.437076 9.9982E-05
0.0913923 0.144109 0.228972 0.156766 0.37866 9.9991E-05
9.9982E-05 0.12098 0.293695 0.33013 0.254994 9.9982E-05
0.37818 9.9982E-05 0.0780055 0.234378 0.309237 9.9982E-05
9.9973E-05 0.232715 0.311874 9.9973E-05 0.455111 9.9973E-05
9.9991E-05 0.01538 0.0939425 0.499795 0.373715 0.0170675
9.9982E-05 0.266818 0.304423 0.22762 0.200939 9.9982E-05
9.9982E-05 0.279387 0.160464 0.221989 0.33796 9.9982E-05
0.0850884 0.100614 0.0441948 0.1749 0.543696 0.0515071
9.9982E-05 0.325739 0.200695 0.121323 0.352042 9.9982E-05
9.9982E-05 0.358569 0.384613 0.0711913 0.185426 9.9982E-05
0.0430257 0.309629 9.9982E-05 0.157091 0.490054 9.9982E-05
9.9991E-05 0.034382 0.076966 0.299416 0.529909 0.0592268
9.9991E-05 0.102054 0.410011 0.0730592 0.40374 0.0110363
0.0739899 0.151121 0.346529 0.056271 0.371988 9.9991E-05
0.18553 0.191044 0.244063 0.186196 0.193067 9.9991E-05
9.9973E-05 9.9973E-05 0.248076 0.383938 0.367686 9.9973E-05
9.9982E-05 0.346176 0.191561 0.212423 0.249639 9.9982E-05
9.9982E-05 0.392438 9.9982E-05 0.22021 0.368263 0.0188879
0.129507 0.0276744 9.9973E-05 9.9973E-05 9.9973E-05 0.842518
0.348683 0.215479 0.151788 0.0150683 0.0290684 0.239912
0.344471 0.290455 9.9991E-05 0.0815137 0.153717 0.129744
0.411431 0.0084853 9.9982E-05 0.133233 9.9982E-05 0.44665
0.384701 0.287226 0.0570641 0.0855823 0.185326 9.9991E-05
0.0736706 0.44009 0.209376 0.227785 0.0489786 9.9991E-05
0.573629 0.17582 0.145946 0.0252274 0.0792778 9.9991E-05
0.133679 9.9982E-05 0.150625 0.200635 0.514861 9.9982E-05
9.9991E-05 0.327485 0.260797 0.0864648 0.322832 0.00232102
0.119551 9.9982E-05 0.254907 0.198065 0.427277 9.9982E-05
0.0873383 0.365948 0.261421 0.0820567 0.203136 9.9991E-05
9.9991E-05 0.304745 0.0763145 0.180784 0.352907 0.0851496
9.9991E-05 0.226399 0.120309 0.30862 0.308428 0.0361433
0.155285 0.0836814 0.310207 0.24613 0.204596 9.9991E-05
9.9991E-05 0.215229 0.350914 0.103717 0.317139 0.0129005
0.0510979 0.147911 0.273898 0.217709 0.309284 9.9991E-05
0.137766 9.9991E-05 0.285279 0.151507 0.416143 0.00920465
0.109042 0.16329 0.141111 0.24064 0.345818 9.99942E-05
0.384533 0.251662 0.096871 0.129933 0.136902 9.9991E-05
0.00956202 9.9991E-05 0.310482 0.255596 0.317095 0.107164
9.9973E-05 9.9973E-05 0.181435 0.482457 0.335808 9.9973E-05
0.162182 9.9982E-05 0.315175 0.26208 0.260363 9.9982E-05
0.104857 0.035972 9.9982E-05 9.9982E-05 0.118888 0.740083
0.462409 0.329773 9.9982E-05 9.9982E-05 0.138273 0.0693449
9.9982E-05 0.149213 0.193709 0.171446 0.485431 9.9982E-05
9.9982E-05 0.139326 0.399359 0.159092 0.302023 9.9982E-05
0.284467 0.349186 0.114456 0.0613668 0.0350288 0.155495
9.9973E-05 0.16038 9.9973E-05 0.471372 0.367948 9.9973E-05
9.9991E-05 0.182578 0.0304884 0.254642 0.512148 0.0200434
0.453878 0.357062 0.14103 0.0478305 9.9982E-05 9.9982E-05
9.9982E-05 0.309119 0.0501429 0.078939 0.561599 9.9982E-05
9.9991E-05 0.0253997 0.230747 0.188076 0.49907 0.0566083
9.996E-05 9.996E-05 9.996E-05 0.9995 9.996E-05 9.996E-05
9.996E-05 9.996E-05 9.996E-05 0.9995 9.996E-05 9.996E-05
0.0157519 0.079295 0.290367 0.212416 0.30324 0.0989303
0.0320564 0.2109 0.0899414 0.216938 0.450065 9.9991E-05
0.48158 9.9991E-05 0.0324205 0.197347 0.0807205 0.207832
9.9982E-05 0.181109 0.23815 0.146094 0.434447 9.9982E-05
9.9991E-05 0.332321 0.0851037 0.183719 0.388231 0.010525
0.00579172 9.9982E-05 0.0689218 0.510871 0.414215 9.9982E-05
0.556659 0.109785 0.0814249 0.106036 0.0801899 0.0659056
0.176803 0.140724 0.428876 0.200537 0.0529607 9.9991E-05
0.315188 0.133975 0.414736 9.9982E-05 0.135901 9.9982E-05
9.9982E-05 0.20429 0.179176 0.171561 0.444773 9.9982E-05
0.246448 0.254013 0.327099 0.0610364 0.111303 9.9991E-05
9.9982E-05 0.260673 0.00533772 0.259202 0.474587 9.9982E-05
0.00538721 0.336143 0.163944 0.265277 0.22915 9.9991E-05
0.0319192 0.161068 0.0942476 0.285372 0.427293 9.9991E-05
0.124845 0.239514 0.114355 0.165485 0.3557 9.9991E-05
0.389205 0.120908 0.171551 0.145307 0.0124812 0.160548
0.0335551 9.9982E-05 0.27582 0.360292 0.330133 9.9982E-05
0.298112 9.9964E-05 9.9964E-05 9.9964E-05 9.9964E-05 0.701488
0.202266 0.141822 0.228495 0.0354333 0.391883 9.9991E-05
0.0478972 0.108632 0.272305 0.0206286 0.550438 9.9991E-05
9.996E-05 9.996E-05 9.996E-05 9.996E-05 9.996E-05 0.9995
0.0245961 9.9982E-05 0.0708891 9.9982E-05 0.110094 0.794221
0.205475 0.106352 0.163207 0.175924 0.348942 9.9991E-05
0.110149 0.38546 9.9991E-05 0.264702 0.237779 0.00181021
0.0679448 0.0391111 0.317168 0.285461 0.290214 9.9991E-05
0.0410341 0.0129244 0.308912 0.311625 0.273298 0.0522065
9.9982E-05 0.261278 0.18471 0.25993 0.293882 9.9982E-05
9.9982E-05 0.0174674 0.208007 0.16944 0.604886 9.9982E-05
0.221704 0.0504734 0.179256 0.331281 0.217186 9.9991E-05
0.220693 0.261815 0.0772304 0.0447882 0.0996118 0.295861
9.9982E-05 0.192296 0.230802 0.278364 0.298338 9.9982E-05
0.0322393 0.0179793 9.9991E-05 0.361156 0.550431 0.0380946
0.286952 0.045545 0.376744 0.057084 0.233575 9.9991E-05
0.0658757 0.120224 0.212795 0.297982 0.303023 9.9991E-05
0.103631 0.284985 0.116991 0.223946 0.179341 0.0911064
0.038276 0.0812352 0.199711 0.22402 0.456658 9.9991E-05
9.9991E-05 0.283943 0.278172 0.199929 0.188076 0.0497788
0.0925727 0.232722 0.245069 0.13237 0.288542 0.00872547
0.0235282 0.173694 0.092504 0.341597 0.29877 0.0699069
0.523432 0.230451 0.0474212 9.9991E-05 0.080179 0.118416
9.9991E-05 0.214504 0.138429 0.29175 0.316939 0.038278
9.996E-05 9.996E-05 0.9995 9.996E-05 9.996E-05 9.996E-05
9.996E-05 9.996E-05 0.9995 9.996E-05 9.996E-05 9.996E-05
9.9982E-05 0.459435 0.172348 0.0452426 0.322775 9.9982E-05
0.0227673 0.327833 0.110697 0.202006 0.336596 9.9991E-05
9.9982E-05 0.249942 0.344587 0.169105 0.236166 9.9982E-05
0.189471 9.9982E-05 0.289258 0.242876 0.278194 9.9982E-05
9.9982E-05 0.157806 0.134678 0.18309 0.524226 9.9982E-05
9.9982E-05 0.267108 0.117267 0.327665 0.28776 9.9982E-05
0.232457 0.124301 0.0919279 0.16835 0.38028 0.00268382
0.273281 0.405002 0.0431283 0.177541 0.100947 9.9991E-05
9.9991E-05 0.280153 0.0886975 0.0987701 0.451883 0.080397
0.0660654 0.184978 0.129181 0.301555 0.301048 0.0171725
0.268255 0.521668 9.9982E-05 0.156279 0.0535986 9.9982E-05
0.0283744 0.119372 0.297568 0.222857 0.331729 9.9991E-05
0.0948811 0.24615 0.249289 0.112198 0.290839 0.00664231
9.9982E-05 0.142957 0.326351 0.258507 0.271984 9.9982E-05
0.0926737 0.10675 0.195269 0.177546 0.427661 9.9991E-05
0.128012 0.159104 9.9982E-05 0.386285 0.326399 9.9982E-05
0.139009 0.624568 0.0636686 0.129681 0.0429728 9.9991E-05
0.0451598 9.9982E-05 0.0847512 0.407767 0.462122 9.9982E-05
0.354219 0.179618 0.315468 0.100358 0.0502363 9.9991E-05
