0.172213 0.586381 9.9991E-05 0.00547025 0.134822 0.101013
0.237723 0.43657 0.141041 0.00768208 0.164318 0.0126653
0.119852 0.279877 0.485908 9.9982E-05 0.114163 9.9982E-05
0.0197459 0.648452 0.119291 0.127442 0.0456151 0.0394538
0.250436 0.528264 0.176662 9.9982E-05 0.0444376 9.9982E-05
9.9964E-05 9.9964E-05 0.297323 0.702278 9.9964E-05 9.9964E-05
0.244514 0.603571 0.0739391 9.9991E-05 0.00356333 0.0743122
9.9973E-05 9.9973E-05 0.0598142 0.8633 0.076586 9.9973E-05
0.529419 0.261233 0.146893 0.0168512 0.0455049 9.9991E-05
0.302816 0.416445 0.201219 9.9982E-05 0.0793188 9.9982E-05
0.189063 0.599374 0.106682 0.00152608 0.0898576 0.0134978
0.297462 0.321082 0.132207 0.197556 0.0515933 9.9991E-05
0.63849 0.252495 9.9973E-05 9.9973E-05 0.108714 9.9973E-05
0.137401 0.434453 0.204817 0.0939269 0.11886 0.0105412
0.135241 0.0131208 0.208667 0.609278 0.0335943 9.9991E-05
0.16062 0.250148 0.372362 9.9982E-05 0.21667 9.9982E-05
0.242 0.302072 0.252553 0.15146 0.0518142 9.9991E-05
0.263375 0.574071 9.9982E-05 9.9982E-05 0.0105211 0.151834
0.584698 0.260994 0.127612 0.0179653 0.00863026 9.9991E-05
9.9964E-05 0.891729 9.9964E-05 9.9964E-05 0.107871 9.9964E-05
0.47542 0.49791 0.0021924 9.9982E-05 9.9982E-05 0.0242772
0.217044 0.329784 0.261275 0.0490121 0.079548 0.0633368
0.131538 0.448676 0.234492 9.9982E-05 0.185094 9.9982E-05
9.9982E-05 0.114189 0.194751 0.512817 0.178043 9.9982E-05
0.282042 0.578131 9.9982E-05 9.9982E-05 0.106813 0.0328142
0.128909 0.0235051 0.217507 0.577494 0.0524858 9.9991E-05
0.153156 0.0939911 0.32717 0.419464 9.9991E-05 0.00611856
0.0236066 0.593451 9.9973E-05 0.382642 9.9973E-05 9.9973E-05
9.9982E-05 0.0373446 0.381731 0.544088 0.0366361 9.9982E-05
0.0381416 0.61551 0.20782 0.138329 9.9982E-05 9.9982E-05
0.27478 0.0458604 0.0928302 0.429384 0.157045 9.9991E-05
0.102296 0.409801 0.338422 9.9991E-05 0.0489574 0.100423
0.0804521 0.130694 0.495701 0.111579 0.181474 9.9991E-05
9.9964E-05 0.123687 9.9964E-05 0.875914 9.9964E-05 9.9964E-05
9.9982E-05 9.9982E-05 0.106664 0.760435 0.0428587 0.089842
0.464999 0.344846 0.129089 0.0608656 9.9982E-05 9.9982E-05
0.14327 0.53791 0.0655933 0.128038 0.125089 9.9991E-05
0.434414 0.325171 0.151107 9.9991E-05 0.0723277 0.0168789
9.9991E-05 0.123348 0.0400372 0.718805 0.0146587 0.103051
0.25605 0.115359 0.106604 0.388399 0.133488 9.9991E-05
0.484264 0.0202685 0.271016 0.181633 0.0373604 0.00545786
0.373929 0.288138 0.337633 9.9973E-05 9.9973E-05 9.9973E-05
0.23229 0.477113 9.9982E-05 0.153614 0.136784 9.9982E-05
0.0292206 0.163741 0.121346 0.550913 0.134679 9.9991E-05
0.512402 0.287553 0.126387 9.9991E-05 0.00339623 0.0701616
0.534808 0.189588 9.9982E-05 9.9982E-05 0.206339 0.0690647
0.14569 0.391736 0.248715 0.0168491 0.118626 0.0783847
0.403618 0.239381 0.302985 0.0313919 9.9991E-05 0.0225239
0.391875 0.291375 0.137327 9.9982E-05 0.179223 9.9982E-05
0.181478 9.9982E-05 0.366049 0.437269 0.0150037 9.9982E-05
0.07347 0.541461 0.310798 9.9991E-05 0.0388705 0.0352997
0.00977383 0.217324 0.242999 0.403191 0.12441 0.00230317
0.349576 0.261881 0.191326 9.9991E-05 0.0972496 0.0998678
9.9964E-05 9.9964E-05 0.178993 0.820607 9.9964E-05 9.9964E-05
0.197983 0.135984 0.195152 0.389694 0.0810867 9.9991E-05
0.139192 0.632673 0.0661831 9.9982E-05 0.161752 9.9982E-05
0.192277 0.596061 0.11016 9.9982E-05 0.101303 9.9982E-05
9.9982E-05 0.513156 0.202563 0.12458 0.1595 9.9982E-05
0.149249 0.128002 0.334262 0.288701 0.0996858 9.9991E-05
0.153122 0.42706 0.0440205 0.375597 9.9982E-05 9.9982E-05
0.0140315 9.9982E-05 9.9982E-05 0.844336 0.109654 0.0317789
9.9964E-05 9.9964E-05 0.213069 0.786531 9.9964E-05 9.9964E-05
0.164582 0.710525 0.00759261 0.0137653 9.9991E-05 0.103435
9.9973E-05 9.9973E-05 0.0376232 0.917417 0.0446598 9.9973E-05
0.368471 0.38863 0.145181 0.00745313 0.0901646 9.9991E-05
9.9982E-05 0.155114 9.9982E-05 0.780088 0.0309165 0.0336811
0.108906 0.544167 0.117305 9.9982E-05 0.229421 9.9982E-05
0.308361 0.128665 0.30109 0.121815 0.139969 9.9991E-05
0.376235 0.385424 0.0540175 9.9982E-05 0.184124 9.9982E-05
9.9964E-05 9.9964E-05 0.389769 0.609831 9.9964E-05 9.9964E-05
0.182098 0.467972 0.0405223 9.9991E-05 0.255637 0.0536706
0.313568 0.411515 9.9982E-05 0.0967637 0.177954 9.9982E-05
0.0917948 0.260817 0.246443 0.191447 0.170286 0.0392128
0.357442 0.285014 0.224647 9.9991E-05 0.094077 0.0387204
0.281291 0.319644 0.0565194 0.0347294 0.264899 0.0429165
9.9982E-05 0.461031 0.097188 0.357073 0.0845081 9.9982E-05
0.205155 0.551337 0.16678 9.9982E-05 0.0765281 9.9982E-05
9.9991E-05 0.370947 0.405573 0.0605798 0.0693671 0.0934329
0.342878 0.21615 0.0975313 0.135828 0.160209 0.0474028
0.231992 0.571145 9.9991E-05 0.0257579 0.113829 0.0571768
0.523075 0.207923 0.0517915 9.9982E-05 0.21701 9.9982E-05
0.260131 0.356595 0.224765 9.9991E-05 0.150933 0.00747541
0.311875 0.365045 0.0957504 9.9982E-05 0.22713 9.9982E-05
0.0821225 0.731945 0.0525578 9.9991E-05 0.0951878 0.0380873
0.418157 0.43206 0.149483 9.9973E-05 9.9973E-05 9.9973E-05
0.350276 0.224428 0.0511301 0.0990401 0.275025 9.9991E-05
0.345253 0.0907797 0.262437 0.255494 0.0459359 9.9991E-05
0.122848 0.264802 0.473082 0.139068 9.9982E-05 9.9982E-05
9.9973E-05 9.9973E-05 0.147385 0.77267 0.0796446 9.9973E-05
0.271433 0.170265 0.227077 0.182301 0.0289606 0.119963
0.442161 0.158403 0.147901 0.0147672 0.185102 0.0516654
0.213403 0.0289712 0.139018 0.564503 0.0540041 9.9991E-05
0.385489 0.386128 0.176846 9.9982E-05 0.051337 9.9982E-05
0.121364 0.513948 0.0996878 0.2648 9.9982E-05 9.9982E-05
0.104226 0.214766 0.246467 0.43434 9.9982E-05 9.9982E-05
9.9973E-05 9.9973E-05 0.0613754 0.80736 0.130965 9.9973E-05
0.395846 0.271474 0.131736 0.0816843 0.11916 9.9991E-05
0.249452 0.146466 0.507695 9.9982E-05 0.096186 9.9982E-05
0.176941 0.389213 0.220326 0.00237565 0.211044 9.9991E-05
0.179662 0.543852 0.0564675 0.212978 0.00694024 9.9991E-05
0.0583915 9.9982E-05 0.354224 0.422299 0.164886 9.9982E-05
0.258774 0.595848 9.9982E-05 0.0605846 0.084593 9.9982E-05
9.9991E-05 0.555734 0.0964745 0.030896 0.202007 0.114788
0.278463 0.5901 9.9973E-05 9.9973E-05 0.131138 9.9973E-05
0.25419 0.258309 0.285833 9.9991E-05 0.172222 0.0293456
9.9973E-05 9.9973E-05 0.17305 0.681881 0.14477 9.9973E-05
9.9991E-05 0.0817304 0.32396 0.41925 0.07029 0.104669
0.0752277 0.770311 0.123037 9.9982E-05 0.031224 9.9982E-05
0.146598 0.519475 0.174297 9.9982E-05 0.15943 9.9982E-05
0.0325191 0.658374 0.148462 9.9982E-05 0.160445 9.9982E-05
0.491873 9.9973E-05 0.0903527 0.417474 9.9973E-05 9.9973E-05
9.9964E-05 0.0639675 9.9964E-05 0.935633 9.9964E-05 9.9964E-05
0.0840653 0.231601 0.302248 0.374528 0.00745751 9.9991E-05
0.376939 0.622661 9.9964E-05 9.9964E-05 9.9964E-05 9.9964E-05
0.165182 0.583471 0.0359596 0.0733521 0.141935 9.9991E-05
0.0979944 0.719907 9.9991E-05 0.0329181 0.124258 0.0248219
0.33333 0.487243 0.0841077 9.9982E-05 0.095119 9.9982E-05
9.9973E-05 9.9973E-05 0.01964 0.950606 9.9973E-05 0.0294537
0.0750554 0.689669 9.9991E-05 0.0566509 0.169868 0.00865597
9.9982E-05 0.663409 0.1717 9.9982E-05 0.0717602 0.092931
0.185837 0.52812 0.0284548 0.138276 0.119213 9.9991E-05
0.156204 9.99832E-05 0.231151 0.55935 0.0530949 9.99832E-05
0.102744 0.585121 0.25083 9.9982E-05 0.0611059 9.9982E-05
0.164865 0.484569 0.269496 9.9991E-05 0.052961 0.0280087
0.392437 0.431491 9.9982E-05 9.9982E-05 0.1312 0.0446718
0.28071 0.334354 0.0964164 0.0704239 0.217996 9.9991E-05
9.9982E-05 0.113626 0.212902 0.576776 0.0964961 9.9982E-05
9.9973E-05 9.9973E-05 0.177734 0.773723 0.0482432 9.9973E-05
0.445728 0.211779 0.210464 9.9982E-05 0.131829 9.9982E-05
0.236015 0.285172 0.105272 9.9991E-05 0.22476 0.148681
0.407164 0.354707 0.120125 0.0146837 0.00134512 0.101976
0.345438 0.200822 0.321236 9.9991E-05 0.0715332 0.0608702
0.0482222 0.284068 0.31914 0.345196 0.00327346 9.9991E-05
0.104456 0.370401 0.284896 0.0114912 0.0165223 0.212233
0.166467 0.529274 0.0673677 0.226965 9.9991E-05 0.00982557
9.996E-05 9.996E-05 9.996E-05 9.996E-05 0.9995 9.996E-05
9.9991E-05 0.286726 0.0744828 0.538743 0.0593631 0.040585
0.0914278 0.395724 0.191171 0.248086 0.0734918 9.9991E-05
9.996E-05 9.996E-05 9.996E-05 9.996E-05 0.9995 9.996E-05
0.216541 0.00551095 0.146493 0.502556 0.1288 9.9991E-05
0.181318 0.566207 0.109332 0.142943 9.9982E-05 9.9982E-05
9.9991E-05 0.0769411 0.440303 0.273441 0.194247 0.0149682
0.234435 0.128076 0.411172 0.17028 0.0559372 9.9991E-05
0.291068 9.9982E-05 0.566052 0.0706827 0.0719976 9.9982E-05
0.343822 9.9973E-05 0.074753 0.581125 9.9973E-05 9.9973E-05
0.16985 0.325677 9.9991E-05 0.28338 0.130338 0.0906553
0.236033 0.169905 0.323684 0.139058 0.13122 9.9991E-05
0.237209 0.411082 0.13939 9.9982E-05 0.212119 9.9982E-05
0.285425 0.590702 9.9982E-05 9.9982E-05 0.0935828 0.0300906
0.345154 0.315751 0.0297906 9.9991E-05 0.0844679 0.224737
0.311211 0.295855 0.392634 9.9973E-05 9.9973E-05 9.9973E-05
0.0705827 0.371766 0.19595 0.305809 0.0557919 9.9991E-05
0.122078 0.0653064 0.106662 0.683985 0.0218685 9.9991E-05
9.9991E-05 0.180338 0.229821 0.37698 0.06035 0.15241
0.153312 0.173762 0.267237 9.9991E-05 0.355323 0.050267
0.519793 0.180326 0.045215 9.9991E-05 0.223648 0.030917
9.9973E-05 9.9973E-05 0.213633 0.776004 9.9973E-05 0.0100631
0.439674 0.178424 0.155374 9.9991E-05 0.175587 0.0508412
0.0583315 0.557687 0.153177 9.9991E-05 0.161963 0.0687419
0.273868 0.256711 0.127398 0.159097 0.182825 9.9991E-05
9.9982E-05 0.573167 0.282011 9.9982E-05 0.10234 0.0422821
0.554852 9.9982E-05 0.138282 0.162914 0.143752 9.9982E-05
0.16316 0.249648 0.223529 0.00219993 0.361363 9.9991E-05
0.39196 0.318106 9.9982E-05 0.0333301 0.256404 9.9982E-05
0.435968 0.55179 9.9973E-05 9.9973E-05 0.0119424 9.9973E-05
0.187769 0.575264 0.0255027 9.9982E-05 0.211265 9.9982E-05
0.307346 0.206746 0.2177 0.0860546 0.182054 9.9991E-05
0.0291461 0.109222 0.323258 0.493383 0.0448917 9.9991E-05
0.416899 0.113567 0.0731511 0.264032 0.13225 9.9991E-05
0.279271 0.220359 0.211469 0.0306968 0.159254 0.0989506
0.228449 0.302747 0.0650209 0.141758 0.261925 9.9991E-05
9.9982E-05 0.450558 0.412574 0.037767 0.0989005 9.9982E-05
9.9964E-05 9.9964E-05 9.9964E-05 0.982844 9.9964E-05 0.0167561
0.365833 9.9973E-05 0.587049 9.9973E-05 0.0468175 9.9973E-05
9.9982E-05 0.239668 0.343898 0.282514 0.133719 9.9982E-05
0.401503 0.161726 0.18989 0.0161566 0.112524 0.118202
0.00326671 0.369545 0.42512 0.160672 0.0412975 9.9991E-05
0.0558314 0.180445 0.117058 0.560005 0.0865608 9.9991E-05
0.0677682 0.362268 0.14309 0.351159 0.0756144 9.9991E-05
0.0257799 0.361704 0.0740157 0.53721 0.00119048 9.9991E-05
0.285149 0.477423 0.237128 9.9973E-05 9.9973E-05 9.9973E-05
9.9964E-05 9.9964E-05 0.36611 0.63349 9.9964E-05 9.9964E-05
0.115976 0.388155 0.0350633 0.428682 9.9991E-05 0.0320242
0.438672 0.27922 0.0224396 0.0477374 0.140183 0.0717471
9.99641E-05 9.99641E-05 0.0391745 0.960426 9.99641E-05 9.99641E-05
0.0685219 9.9973E-05 0.508267 0.422911 9.9973E-05 9.9973E-05
0.41409 0.173991 0.36793 9.9991E-05 0.0315155 0.0123736
0.0484614 0.277844 0.32088 0.352614 9.9982E-05 9.9982E-05
0.237126 0.569186 9.9982E-05 0.151291 0.0421976 9.9982E-05
0.231504 0.504529 0.159234 9.9991E-05 0.0104927 0.0941398
9.9982E-05 0.272877 0.438235 0.271603 0.0170857 9.9982E-05
0.274992 0.62265 0.102058 9.9973E-05 9.9973E-05 9.9973E-05
0.433872 0.419601 0.132513 9.9982E-05 0.0138142 9.9982E-05
0.157731 0.470123 0.160795 9.9991E-05 0.1122 0.0990509
9.9991E-05 0.200417 0.450442 0.119663 0.15191 0.0774682
9.9991E-05 0.658859 0.0613289 0.230749 0.00676338 0.0422001
0.151721 0.437573 0.118305 9.9991E-05 0.164923 0.127379
9.9982E-05 0.558592 0.332801 0.0977863 0.0106201 9.9982E-05
0.400215 0.149219 0.177167 9.9991E-05 0.102736 0.170563
0.384754 0.158278 0.408276 9.9982E-05 9.9982E-05 0.0484925
0.322634 0.258627 0.00554324 0.282324 0.130772 9.9991E-05
0.368344 0.536719 9.9973E-05 9.9973E-05 0.0946376 9.9973E-05
0.574985 0.18923 0.131214 0.016986 0.0518856 0.0356997
0.223199 0.302344 0.11937 9.9991E-05 0.0692751 0.285712
0.238361 0.333243 0.109785 9.9991E-05 0.0620534 0.256457
0.143622 0.0300349 0.394464 0.167574 0.165191 0.0991133
0.334781 0.545896 9.9982E-05 0.0172368 9.9982E-05 0.101886
0.174499 0.327455 0.377413 0.120433 9.9982E-05 9.9982E-05
0.330909 0.351708 0.0794448 0.0284902 0.209348 9.9991E-05
0.165152 0.70082 9.9982E-05 9.9982E-05 0.042974 0.090854
0.34147 0.4387 0.0688356 9.9991E-05 0.0670227 0.0838718
0.280213 0.328641 9.9982E-05 0.348952 0.0419939 9.9982E-05
0.279215 0.206779 0.131921 0.381885 9.9982E-05 9.9982E-05
0.0254438 0.815876 0.0931796 9.9982E-05 0.0653007 9.9982E-05
0.175296 0.484215 9.9982E-05 9.9982E-05 0.167541 0.172749
0.0569384 0.60951 0.113442 9.9991E-05 0.16538 0.0546296
0.49612 0.216903 0.173659 9.9991E-05 0.0629396 0.0502781
0.0650721 0.0676254 0.430328 0.193719 0.243155 9.9991E-05
0.355136 0.0988911 0.280966 0.0883338 0.176573 9.9991E-05
0.605979 0.228889 0.0410059 9.9991E-05 0.0306261 0.0934002
9.9982E-05 0.071674 0.240933 0.447288 0.239905 9.9982E-05
0.305761 0.380733 0.0882083 0.224356 0.000840547 9.9991E-05
0.0436048 0.210302 0.554274 0.0202581 0.0916629 0.0798981
9.9973E-05 9.9973E-05 0.29076 0.656599 9.9973E-05 0.0523418
0.394033 0.0622807 0.434615 9.9991E-05 0.0989842 0.00998702
0.323378 0.363275 0.0794664 0.0212261 0.212554 9.9991E-05
0.207329 0.499646 0.135174 0.0472691 0.110482 9.9991E-05
0.281843 0.61555 9.9982E-05 9.9982E-05 0.0743389 0.0280684
0.139607 0.329067 0.307883 9.9991E-05 0.149676 0.0736678
0.277971 0.241906 0.334408 9.9982E-05 0.145515 9.9982E-05
0.194091 0.672824 0.036812 9.9982E-05 0.0960728 9.9982E-05
0.0560609 0.690319 0.0811254 9.9982E-05 0.172294 9.9982E-05
0.354098 0.121879 0.220446 0.134056 0.169421 9.9991E-05
0.262852 0.46056 0.144294 9.9982E-05 0.132094 9.9982E-05
0.158359 0.655264 0.0912677 9.9982E-05 0.0949097 9.9982E-05
0.191608 9.99731E-05 0.789199 0.0188927 9.99731E-05 9.99731E-05
0.451128 0.350045 0.0764801 0.031942 0.0641869 0.0262176
0.492347 0.372212 0.0590922 9.9982E-05 0.0761489 9.9982E-05
0.228194 0.306724 9.9982E-05 0.400659 0.0642236 9.9982E-05
0.0189328 0.408323 0.115057 0.27755 0.180038 9.9991E-05
0.110083 0.583174 0.236184 9.9982E-05 0.0703586 9.9982E-05
0.0767876 0.162051 0.0662124 0.545237 0.149611 9.9991E-05
0.189114 0.364291 0.313023 9.9991E-05 0.130675 0.00279704
0.0687539 0.378254 0.188623 0.329601 0.0346687 9.9991E-05
0.157146 0.527414 0.0968443 0.020111 0.096419 0.102067
0.156564 9.9982E-05 0.520637 0.0815854 0.241013 9.9982E-05
9.9982E-05 0.332159 0.297568 0.247107 9.9982E-05 0.122966
9.9982E-05 0.187827 0.147046 0.43879 0.226136 9.9982E-05
0.455155 0.279515 0.26503 9.9973E-05 9.9973E-05 9.9973E-05
0.543335 0.288814 0.0452181 9.9982E-05 0.122433 9.9982E-05
0.181668 0.364032 0.0957355 0.325601 0.0328634 9.9991E-05
0.345053 0.44541 0.0817732 0.0404872 0.0607467 0.0265301
0.156472 0.628373 0.185224 9.9982E-05 0.0297303 9.9982E-05
0.14196 9.9973E-05 9.9973E-05 0.810587 0.0471539 9.9973E-05
0.200797 0.484173 0.176693 9.9991E-05 0.111791 0.0264467
0.163098 0.464899 0.371703 9.9973E-05 9.9973E-05 9.9973E-05
0.164282 0.624021 0.122834 0.0233965 0.0653663 9.9991E-05
0.0273443 0.58144 0.2417 0.0408984 0.108518 9.9991E-05
0.27596 0.527271 0.11898 0.00289191 0.0747977 9.9991E-05
0.568776 0.410826 9.9973E-05 0.0200978 9.9973E-05 9.9973E-05
0.0321613 0.6057 0.173001 0.0858578 0.10318 9.9991E-05
0.277562 0.509525 0.0693856 0.121314 0.0221142 9.9991E-05
0.128926 0.152216 0.0492862 0.559397 0.0896581 0.0205168
0.384696 0.318818 0.271384 0.0249021 9.9982E-05 9.9982E-05
0.133957 0.685595 9.9973E-05 9.9973E-05 0.180148 9.9973E-05
0.196762 0.284497 0.193837 0.150165 0.17464 9.9991E-05
9.9982E-05 0.454953 0.0289651 0.392684 0.123198 9.9982E-05
0.58319 0.325802 9.9982E-05 9.9982E-05 0.0426048 0.0482031
9.9973E-05 0.522524 0.282861 0.194316 9.9973E-05 9.9973E-05
0.310884 0.617797 0.00939835 0.00532942 0.0472265 0.00936449
9.9991E-05 0.407167 0.240879 0.296891 0.0514077 0.00355562
0.166094 0.294818 0.22997 0.0937155 0.141409 0.0739941
0.017985 0.0652744 0.451595 0.322558 0.142487 9.9991E-05
0.17773 0.505951 9.9982E-05 0.239612 0.0765069 9.9982E-05
0.399401 0.332398 0.0436924 0.0296775 0.191698 0.00313398
0.290248 0.48669 9.9982E-05 0.216397 9.9982E-05 0.00646423
0.535906 0.263755 0.00231058 9.9982E-05 0.197828 9.9982E-05
0.0685507 0.542644 0.104101 0.0718974 0.212707 9.9991E-05
0.111291 0.192397 0.515262 9.9982E-05 0.18085 9.9982E-05
0.0878725 0.248935 0.231932 0.244224 0.186937 9.9991E-05
0.476831 0.261043 0.221179 9.9982E-05 0.0407474 9.9982E-05
0.431964 0.336068 0.0456655 9.9991E-05 0.144548 0.0416542
0.215407 0.634201 0.0608003 9.9991E-05 0.0702462 0.0192457
0.153815 0.0695963 0.199902 0.446453 9.9991E-05 0.130134
0.0880205 9.9973E-05 9.9973E-05 0.82648 9.9973E-05 0.0851995
0.0180886 0.422417 0.426381 0.0727511 0.0231967 0.0371654
0.509818 0.252281 0.0614154 0.0662732 0.0693163 0.0408962
0.278823 0.110295 0.402387 0.0410282 0.160547 0.00691937
0.423278 0.0442791 0.357156 0.175087 9.9982E-05 9.9982E-05
0.251274 0.226354 0.173093 0.245373 0.0504425 0.0534633
0.176433 0.54405 0.0579934 0.0755969 0.145826 9.9991E-05
0.0368016 0.276534 0.422732 9.9991E-05 0.205787 0.0580465
0.392803 0.332809 0.115418 9.9991E-05 0.0690334 0.0898363
0.188477 0.57162 0.0890463 0.0297664 0.12099 9.9991E-05
0.182942 0.714443 0.0173121 9.9982E-05 9.9982E-05 0.0851032
0.0767779 0.826359 0.0304194 0.056983 0.00936107 9.9991E-05
0.225998 0.584743 0.0980339 9.9982E-05 0.0910256 9.9982E-05
9.9982E-05 0.269966 0.454463 9.9982E-05 0.245323 0.0300486
0.106711 0.553666 0.137986 9.9982E-05 9.9982E-05 0.201438
0.197056 0.547888 0.0910957 0.0872347 0.0699028 0.00682301
0.331515 0.261913 0.194356 9.9991E-05 0.103386 0.10873
0.255979 0.199581 0.526532 9.9982E-05 9.9982E-05 0.0177072
0.138297 0.55699 9.9982E-05 0.186854 0.117658 9.9982E-05
9.9991E-05 0.170469 0.0574744 0.568977 0.104567 0.0984122
0.304484 0.140838 0.169944 0.384534 9.9982E-05 9.9982E-05
9.9982E-05 0.203405 9.9982E-05 0.748683 0.0265377 0.0211739
0.226989 0.438076 0.208703 9.9982E-05 0.126032 9.9982E-05
9.9973E-05 0.113625 9.9973E-05 0.741755 0.14432 9.9973E-05
9.9973E-05 9.9973E-05 0.393135 0.573678 0.0328868 9.9973E-05
0.0987783 0.325054 0.376967 9.9991E-05 0.196213 0.00288805
0.126027 0.439872 0.255328 9.9991E-05 0.136781 0.0418914
0.235118 0.476125 0.07447 9.9991E-05 0.118032 0.096155
0.178365 0.0933529 9.9973E-05 0.727982 9.9973E-05 9.9973E-05
0.253131 0.577539 0.16903 9.9973E-05 9.9973E-05 9.9973E-05
0.11188 9.9982E-05 0.411832 0.315417 0.160671 9.9982E-05
9.9991E-05 0.675156 0.133594 0.00947117 0.171761 0.0099178
0.0683307 9.9991E-05 0.124294 0.744364 0.0326558 0.0302553
0.217241 0.334431 0.29663 0.127417 9.9991E-05 0.0241815
0.3067 0.600664 0.0821101 0.0103261 9.9982E-05 9.9982E-05
0.305766 0.693834 9.9964E-05 9.9964E-05 9.9964E-05 9.9964E-05
0.263454 0.436312 0.160635 9.9982E-05 0.139399 9.9982E-05
9.9973E-05 0.237586 9.9973E-05 0.751526 9.9973E-05 0.0105886
0.208291 0.301794 0.261382 0.201607 0.0268267 9.9991E-05
9.9991E-05 0.232538 0.377112 0.26796 0.0746179 0.0476708
9.9982E-05 0.554376 0.086685 9.9982E-05 0.279662 0.0790768
9.9982E-05 0.0862147 0.112656 0.728148 9.9982E-05 0.0727808
0.168833 0.169128 0.273796 0.0200668 0.0542909 0.313885
0.0153898 0.134045 0.507911 0.316739 9.9991E-05 0.0258144
0.24347 0.386092 0.253331 9.9991E-05 0.0111746 0.105832
0.223587 0.00854364 0.601969 0.0854546 0.0803456 9.9991E-05
0.136696 0.203539 0.0665121 0.548589 0.0394118 0.00525242
0.338249 0.430248 9.9982E-05 9.9982E-05 0.142878 0.0884255
0.215188 0.485762 0.0604821 0.0024823 0.172193 0.0638926
0.715712 0.0493027 0.155914 9.9982E-05 0.0788712 9.9982E-05
0.429696 0.275335 0.0620585 0.00203677 0.17082 0.0600533
9.9982E-05 0.0181449 0.564793 0.292567 0.124295 9.9982E-05
0.284538 0.338286 0.243124 9.9991E-05 0.0971046 0.0368477
0.102641 0.720452 0.034295 9.9991E-05 0.097915 0.0445962
0.174827 0.646478 0.14689 0.00848253 9.9991E-05 0.0232216
0.00424116 0.318645 0.169384 0.425174 0.0824559 9.9991E-05
0.0741253 0.330262 0.253714 0.162328 0.172417 0.00715327
0.497354 0.427038 9.9991E-05 0.00409274 0.00202907 0.069387
0.365615 9.9982E-05 0.326028 0.061069 0.247088 9.9982E-05
0.356561 0.104781 0.246193 0.135814 0.156551 9.9991E-05
0.502644 0.255489 9.9973E-05 9.9973E-05 0.241568 9.9973E-05
0.0158091 0.196811 0.268086 0.269861 0.158207 0.091226
0.285881 0.135645 0.474176 0.0242474 0.00633329 0.0737171
9.9991E-05 0.257723 0.31698 0.342346 0.081193 0.00165813
0.179309 0.608086 9.9982E-05 9.9982E-05 0.199754 0.0126519
0.042445 0.774235 0.151008 9.9982E-05 0.0321118 9.9982E-05
0.240983 0.489115 0.158132 9.9982E-05 9.9982E-05 0.11157
0.0340384 0.638696 0.1529 9.9982E-05 0.174165 9.9982E-05
0.181154 0.428501 0.0814977 9.9991E-05 0.239812 0.0689362
0.0289224 0.580551 0.160272 9.9991E-05 0.133404 0.0967511
0.246556 0.186972 0.301514 0.240287 0.0245701 9.9991E-05
0.263453 0.192373 0.459188 9.9982E-05 0.0847863 9.9982E-05
0.186218 0.642703 0.133434 9.9982E-05 0.0374449 9.9982E-05
0.114951 0.706077 0.0255173 0.0434158 0.109939 9.9991E-05
0.182024 0.374073 0.188432 0.0432164 0.189201 0.0230545
0.177032 0.0300606 0.442252 0.245158 0.0596397 0.0458579
0.279099 0.287028 0.0422479 9.9991E-05 0.265994 0.125531
0.168104 0.557267 0.0363394 0.0113484 0.123328 0.103613
9.9982E-05 0.163163 0.0656758 0.752134 0.0188275 9.9982E-05
0.0756637 0.190495 0.148845 0.584796 9.9982E-05 9.9982E-05
0.114482 0.560657 0.117716 9.9991E-05 0.132818 0.0742279
0.0106899 0.445897 0.025157 9.9991E-05 0.0562149 0.461941
0.248219 9.9982E-05 9.9982E-05 0.0160639 0.172971 0.562546
0.295603 0.121533 9.9991E-05 0.0416633 0.0616829 0.479418
0.120567 0.569509 0.0948359 9.9982E-05 9.9982E-05 0.214888
0.236374 0.045023 9.9982E-05 9.9982E-05 0.113577 0.604826
0.12782 0.261568 9.9991E-05 0.0202859 0.0442966 0.545929
0.160924 0.0354251 0.23882 0.0126771 9.9991E-05 0.552053
0.231136 0.015285 9.9991E-05 0.0402249 0.0847586 0.628496
0.277387 9.9982E-05 0.169873 9.9982E-05 0.0162023 0.536337
0.0659811 0.365901 0.040027 9.9991E-05 0.189618 0.338373
0.0432999 0.240246 0.141337 9.9991E-05 0.306551 0.268466
0.132182 0.0893947 0.172498 9.9991E-05 0.0732207 0.532606
0.191761 0.34565 0.125002 9.9991E-05 0.142757 0.194731
0.53743 9.9982E-05 9.9982E-05 0.00166806 0.128366 0.332336
0.20548 0.185226 9.9982E-05 9.9982E-05 0.150177 0.458917
0.250298 9.9982E-05 9.9982E-05 0.0652383 0.0734075 0.610856
9.9982E-05 0.341859 0.0705575 9.9982E-05 0.161901 0.425482
0.326576 0.122201 0.0920185 9.9991E-05 0.00484654 0.454258
9.9982E-05 9.9982E-05 0.125023 0.658445 0.15418 0.0621524
0.103045 0.255245 0.14627 0.0238216 0.0931846 0.378434
0.0477095 0.188905 0.0688501 9.9991E-05 0.296264 0.398171
0.126323 0.424812 0.15986 0.0966981 0.0773313 0.114976
0.170859 9.9973E-05 9.9973E-05 9.9973E-05 0.070485 0.758356
0.0724849 9.9982E-05 0.0412178 9.9982E-05 0.258056 0.628041
0.210496 0.169681 0.36049 9.9991E-05 0.148721 0.110512
0.120358 0.172376 9.9991E-05 0.0264763 0.0854382 0.595251
0.349973 0.0458298 0.180863 9.9991E-05 0.0669604 0.356274
0.415723 9.9973E-05 9.9973E-05 9.9973E-05 0.129664 0.454313
0.143041 0.120935 0.0858486 0.0422007 0.00484348 0.603131
0.0536741 9.9991E-05 0.137211 0.0584527 0.160805 0.589757
9.9982E-05 0.146464 0.000126063 9.9982E-05 0.0710973 0.782113
9.9964E-05 9.9964E-05 9.9964E-05 9.9964E-05 0.748572 0.251028
0.167105 0.0203896 0.0632236 0.0161197 0.185633 0.547529
0.105139 0.0921047 0.161066 9.9991E-05 0.0575139 0.584076
0.113011 9.9991E-05 0.22928 0.0504511 0.0430247 0.564133
0.151063 0.0799643 0.0391297 9.9991E-05 0.0891415 0.640602
9.9991E-05 0.0839663 0.10483 0.106397 0.0630894 0.641618
0.272253 0.390268 0.045134 9.9991E-05 0.172821 0.119425
0.0867737 0.0163721 0.0320663 9.9991E-05 0.203823 0.660864
0.306086 0.147922 9.9982E-05 9.9982E-05 0.127168 0.418624
0.364887 0.112571 9.9982E-05 0.0340945 9.9982E-05 0.488247
0.367673 0.0972197 0.127391 9.9982E-05 9.9982E-05 0.407516
9.9964E-05 9.9964E-05 9.9964E-05 9.9964E-05 0.755261 0.244339
0.115722 0.556868 0.0672354 0.012601 0.0647112 0.182863
0.174617 0.249277 9.9991E-05 0.00279523 0.0241665 0.549044
9.9991E-05 0.182425 0.586653 0.167825 0.00982757 0.05317
0.341179 0.313448 0.0778713 0.00231806 0.163955 0.101229
0.145225 0.306632 0.385296 9.9991E-05 0.0121912 0.150556
0.0498683 0.0757331 0.150153 9.9991E-05 0.126339 0.597806
0.398015 0.0753868 9.9982E-05 0.00392678 9.9982E-05 0.522472
0.0435898 0.234433 9.9991E-05 0.037933 0.0240106 0.659933
0.293026 0.128538 0.0307836 9.9991E-05 0.0808189 0.466734
0.317898 0.188923 0.0034402 0.0421949 9.9991E-05 0.447444
0.153315 0.20682 9.9991E-05 0.0171197 0.0134756 0.60917
0.0541792 0.427499 0.00576388 9.9982E-05 9.9982E-05 0.512358
0.274369 9.9973E-05 9.9973E-05 9.9973E-05 0.0759556 0.649376
0.209052 0.106462 0.0849942 9.9991E-05 0.112286 0.487107
9.9982E-05 0.384213 0.144176 9.9982E-05 0.167124 0.304287
0.0899002 0.111704 9.9973E-05 9.9973E-05 9.9973E-05 0.798096
9.9982E-05 0.2178 9.9982E-05 0.0181182 0.0588562 0.705025
0.202969 0.0119082 9.9991E-05 0.0352051 0.167822 0.581996
0.263554 0.0155886 0.11318 9.9982E-05 9.9982E-05 0.607477
0.272808 0.469389 0.15373 9.9991E-05 0.0207925 0.0831804
0.19144 0.0401338 0.0845301 9.9991E-05 0.0810258 0.602771
9.9991E-05 0.314456 0.411955 0.158568 0.0250521 0.0898687
0.301475 0.109609 9.9982E-05 9.9982E-05 0.113494 0.475222
0.0111064 0.00340012 0.0810807 0.10148 0.193584 0.609349
0.0671769 0.162789 0.546699 0.0643499 0.0815895 0.0773958
0.252896 0.16361 9.9982E-05 0.0582965 9.9982E-05 0.524997
0.296294 0.0990735 0.121711 9.9991E-05 0.0434263 0.439395
9.9982E-05 0.169151 0.00205088 9.9982E-05 0.136067 0.692531
0.110607 0.0788889 0.137564 9.9991E-05 0.104767 0.568074
0.146959 0.273627 9.9982E-05 9.9982E-05 0.204862 0.374352
0.109053 0.199185 0.051285 9.9991E-05 0.0809926 0.559385
0.355187 0.0266939 0.0576265 0.0312072 9.9991E-05 0.529185
0.138607 0.320379 9.9991E-05 0.0278143 0.000504339 0.512595
0.369468 0.315285 0.0851798 9.9991E-05 0.0484825 0.181484
0.0808697 0.0549773 0.309006 9.9991E-05 0.0809295 0.474117
0.197924 0.146429 0.257772 9.9982E-05 9.9982E-05 0.397674
0.0294397 9.9973E-05 0.200213 0.770047 9.9973E-05 9.9973E-05
0.376197 0.0170623 0.0688411 9.9982E-05 9.9982E-05 0.5377
0.0299746 0.612098 0.164502 0.09866 0.00681334 0.0879525
0.189984 0.0027664 0.0356406 0.00538131 0.114037 0.652191
0.115272 0.104858 0.312843 9.9991E-05 0.0944488 0.372478
0.334377 0.368065 9.9973E-05 9.9973E-05 9.9973E-05 0.297258
0.259512 0.432676 9.9982E-05 9.9982E-05 0.0925795 0.215033
0.314595 0.100224 0.148868 9.9991E-05 0.0111346 0.425079
0.115275 0.246689 9.9982E-05 9.9982E-05 0.120708 0.517128
0.36549 0.0268368 0.0676106 9.9991E-05 0.0136785 0.526284
0.294592 0.0262923 9.9982E-05 9.9982E-05 0.171662 0.507254
0.329866 0.35828 9.9991E-05 0.0179315 0.207778 0.0860446
0.213763 0.179322 9.9991E-05 0.0119011 0.0640517 0.530862
0.234849 0.177642 0.141698 9.9982E-05 9.9982E-05 0.445611
0.354971 0.159298 9.9991E-05 0.00458538 0.00550789 0.475537
0.252294 0.524809 0.173842 0.0359133 9.9991E-05 0.0130411
0.209575 9.9982E-05 0.0578579 9.9982E-05 0.138501 0.593867
0.00344538 0.0556862 0.264323 9.9991E-05 0.167541 0.508904
0.290047 0.0933513 0.00963683 9.9991E-05 0.197693 0.409173
0.455248 0.0361754 9.9982E-05 9.9982E-05 0.117004 0.391373
0.14848 0.273997 0.440049 9.9982E-05 0.137274 9.9982E-05
0.167136 9.9973E-05 0.00751775 0.825047 9.9973E-05 9.9973E-05
0.337632 0.0919818 0.00624285 0.00119426 0.0423507 0.520599
0.369326 0.245308 9.9991E-05 0.00377107 0.0421893 0.339305
9.9973E-05 0.452831 9.9973E-05 9.9973E-05 0.101616 0.445253
9.9982E-05 0.0867225 0.158402 9.9982E-05 0.188992 0.565684
0.0784223 0.0806338 9.9991E-05 0.0532169 0.138594 0.649033
0.181533 0.141347 0.0798901 9.9991E-05 0.0762387 0.520891
0.134535 9.9982E-05 0.110687 9.9982E-05 0.0541426 0.700436
0.00993826 0.175305 9.9991E-05 0.045085 0.0463829 0.723189
0.273613 9.9982E-05 0.10945 0.0115546 9.9982E-05 0.605182
0.0880614 0.276023 9.9982E-05 9.9982E-05 0.27871 0.357005
0.0848715 0.435021 0.244331 9.9991E-05 0.0744955 0.161181
0.139307 0.0651573 0.0387097 9.9991E-05 0.0366153 0.720111
0.0331103 0.326368 9.9982E-05 9.9982E-05 0.172913 0.467409
0.28433 0.544196 9.9973E-05 9.9973E-05 0.171174 9.9973E-05
0.145061 0.0306234 0.0768318 9.9991E-05 0.100824 0.64656
0.263391 0.353402 0.155853 9.9982E-05 0.227153 9.9982E-05
0.268447 0.0922135 9.9991E-05 0.0597811 0.167367 0.412091
0.294655 0.0890534 0.05679 9.9991E-05 0.054832 0.50457
0.00910319 0.287131 0.49163 9.9982E-05 9.9982E-05 0.211936
0.311769 0.164042 9.9982E-05 0.0120177 9.9982E-05 0.511972
0.395567 0.164726 9.9991E-05 0.0589699 0.0926117 0.288025
0.161909 9.9973E-05 9.9973E-05 9.9973E-05 0.648227 0.189564
9.9964E-05 9.9964E-05 9.9964E-05 0.452539 0.547062 9.9964E-05
0.0855459 0.169208 0.0770227 9.9991E-05 0.144597 0.523526
0.258384 0.160418 9.9982E-05 9.9982E-05 0.114423 0.466576
0.445715 9.9973E-05 9.9973E-05 9.9973E-05 0.0637517 0.490233
0.197772 0.184494 0.0120353 0.0520008 0.0242748 0.529423
0.20511 0.16251 9.9991E-05 0.00634892 0.115013 0.510918
0.154934 9.9982E-05 0.0327771 9.9982E-05 0.192017 0.620072
0.0786713 0.202339 0.00235176 9.9991E-05 0.254864 0.461673
0.0460198 0.670706 0.161477 9.9982E-05 0.121597 9.9982E-05
0.423317 9.9982E-05 9.9982E-05 0.0106956 0.106331 0.459456
0.184845 0.268751 9.9991E-05 0.00494401 0.00718262 0.534177
0.305711 9.9973E-05 9.9973E-05 9.9973E-05 0.0974658 0.596523
0.257449 0.0624976 0.0229713 0.00444408 0.155155 0.497483
0.71376 9.9964E-05 9.9964E-05 9.9964E-05 9.9964E-05 0.28584
0.221707 0.286142 9.9991E-05 0.0928166 0.0181124 0.381122
0.0465294 0.603868 9.9982E-05 9.9982E-05 0.0117696 0.337633
0.226323 9.9982E-05 0.315605 9.9982E-05 0.14587 0.312002
0.361902 0.0713696 0.086828 9.9991E-05 0.00721397 0.472586
0.207526 9.9982E-05 0.155502 9.9982E-05 0.120797 0.515975
0.343696 0.379102 0.133659 9.9982E-05 0.143344 9.9982E-05
0.352918 0.263649 9.9991E-05 0.0101046 0.123963 0.249265
0.259471 9.9982E-05 0.0416543 9.9982E-05 0.134004 0.564671
0.0143624 0.144547 0.210178 0.00313103 9.9991E-05 0.627682
0.409906 9.9982E-05 0.0567812 9.9982E-05 0.22007 0.313043
0.0052143 0.096534 9.9982E-05 9.9982E-05 0.2126 0.685452
0.0990241 0.0312925 0.198283 9.9991E-05 0.200194 0.471107
0.252806 0.485981 0.208746 9.9982E-05 0.0522679 9.9982E-05
0.0639408 0.524452 0.0149985 0.0823026 0.207999 0.106307
0.108314 0.0742155 0.174515 0.0246843 0.0706043 0.547666
9.9982E-05 0.27918 0.0556302 9.9982E-05 0.0367633 0.628226
0.281085 0.161094 9.9973E-05 9.9973E-05 9.9973E-05 0.557521
0.27765 0.240013 9.9982E-05 9.9982E-05 0.169371 0.312766
0.18712 0.0306433 0.0190108 0.0320024 0.153241 0.577983
0.163563 9.9982E-05 0.182209 9.9982E-05 0.0832097 0.570818
0.15845 0.00498183 0.458187 0.15665 0.0698601 0.151871
0.288459 0.19697 9.9991E-05 0.0474126 0.0839456 0.383114
0.0608927 0.0400533 0.351025 9.9991E-05 0.105356 0.442573
0.127748 0.133817 0.308326 0.238855 9.9991E-05 0.191153
0.106328 0.215963 0.566683 0.110826 9.9982E-05 9.9982E-05
0.286842 9.9973E-05 0.119492 9.9973E-05 9.9973E-05 0.593365
0.411031 9.9991E-05 0.0722116 0.0416463 0.0812963 0.393715
0.396248 9.9973E-05 9.9973E-05 9.9973E-05 0.1191 0.484351
0.0736584 0.821858 0.0100916 0.00712953 9.9991E-05 0.0871621
0.0962261 0.152389 0.182199 0.00125121 0.110064 0.457871
0.0631266 0.188777 9.9991E-05 0.0181523 0.189922 0.539922
9.9991E-05 0.134422 0.576361 0.19357 0.00394628 0.0916013
0.244862 0.0779891 9.9991E-05 0.0394659 0.0835521 0.55403
0.135743 0.15393 9.9982E-05 9.9982E-05 0.0736428 0.636484
0.17821 0.10058 9.9991E-05 0.0265837 0.189263 0.505263
0.239558 0.123573 0.1446 9.9991E-05 0.0305615 0.461607
0.126612 0.0688419 0.0291782 9.9991E-05 0.0802629 0.695005
0.0493181 0.145998 0.0197286 9.9991E-05 0.216802 0.568053
9.9982E-05 0.145404 9.9982E-05 0.0292489 0.189942 0.635205
0.392419 0.0768315 9.9982E-05 9.9982E-05 0.0768599 0.45369
9.9982E-05 0.209032 0.0761709 9.9982E-05 0.109021 0.605576
0.371313 9.9973E-05 9.9973E-05 9.9973E-05 0.169663 0.458724
9.9973E-05 9.9973E-05 0.371756 0.580176 9.9973E-05 0.0477678
0.127504 9.9973E-05 9.9973E-05 9.9973E-05 0.23304 0.639156
9.9982E-05 0.138681 0.0418786 9.9982E-05 0.148873 0.670367
0.19508 0.127566 0.358802 9.9991E-05 0.0474992 0.270953
0.0330738 0.0888023 9.9982E-05 9.9982E-05 0.0890296 0.788894
0.458969 0.0728689 9.9982E-05 9.9982E-05 0.0318938 0.436068
0.358407 9.9982E-05 0.0594426 9.9982E-05 0.0482414 0.533709
0.291969 0.253008 0.0570489 0.0914011 0.163047 0.143527
0.37002 9.9982E-05 0.0693243 9.9982E-05 0.0792574 0.481199
9.9982E-05 0.180078 9.9982E-05 0.0398481 0.102618 0.677256
0.241163 9.9982E-05 0.113139 9.9982E-05 0.135241 0.510257
0.134987 0.139962 0.0603305 9.9991E-05 0.149791 0.51483
0.0953414 0.276826 0.221573 9.9982E-05 9.9982E-05 0.40606
9.9964E-05 9.9964E-05 9.9964E-05 0.961993 9.9964E-05 0.0376069
0.42906 9.9973E-05 9.9973E-05 9.9973E-05 0.131949 0.438692
0.00660841 0.384609 0.0940389 9.9991E-05 0.103662 0.410982
0.0823647 0.14181 0.0386751 9.9991E-05 0.29078 0.446271
0.0234562 0.11282 9.9982E-05 9.9982E-05 0.213913 0.649611
9.9991E-05 0.000321318 0.0825006 0.0402572 0.132784 0.744037
9.9991E-05 0.0744187 0.173051 0.0278544 0.230853 0.493723
0.0367162 9.9982E-05 0.183793 0.590786 0.188505 9.9982E-05
0.231043 0.0752529 0.0740589 9.9991E-05 0.0111955 0.60835
0.396706 9.9973E-05 0.0960214 9.9973E-05 9.9973E-05 0.506973
0.158681 0.298645 9.9982E-05 9.9982E-05 0.0780296 0.464445
0.328339 0.0956948 0.038316 9.9991E-05 0.0442537 0.493296
0.0279625 0.00421918 0.190251 9.9991E-05 0.229448 0.548019
0.249552 0.0851294 9.9982E-05 9.9982E-05 0.0846683 0.580451
0.462587 9.9982E-05 0.0479291 9.9982E-05 0.0561575 0.433127
0.148311 0.240632 9.9982E-05 9.9982E-05 0.138301 0.472557
0.131986 9.9982E-05 0.228956 9.9982E-05 0.160257 0.478602
0.216394 0.247637 0.07064 0.0169053 0.00838197 0.440041
9.9973E-05 9.9973E-05 0.115636 9.9973E-05 0.27026 0.613804
0.29986 0.238841 9.9982E-05 9.9982E-05 0.0387057 0.422393
0.150547 0.271175 0.0507233 9.9991E-05 0.141746 0.385708
0.216136 0.0982972 9.9991E-05 0.0436849 0.00857427 0.633207
0.20481 0.197597 0.087745 9.9991E-05 0.0114833 0.498265
0.358663 0.211986 0.0076096 0.0305143 0.0605536 0.330674
9.9982E-05 0.197094 0.0903276 9.9982E-05 0.207953 0.504425
0.0564622 0.0160355 0.139479 0.0260838 0.0675894 0.69435
0.133463 0.123369 0.00198889 0.0493136 0.163173 0.528693
0.426316 0.0455215 0.0168245 9.9991E-05 0.0415531 0.469685
0.32404 0.267862 0.089721 9.9991E-05 0.00488229 0.313395
9.9973E-05 0.017821 9.9973E-05 9.9973E-05 0.294958 0.686921
0.139608 0.362736 9.9991E-05 0.0196263 0.0911412 0.386788
0.0354381 0.374492 0.0670621 9.9982E-05 9.9982E-05 0.522808
9.9973E-05 0.00121346 0.175698 0.822788 9.9973E-05 9.9973E-05
0.186222 0.0178393 0.493025 0.239063 0.0426368 0.0212133
9.9991E-05 0.325241 0.292837 0.133243 0.10895 0.139628
0.25674 9.9973E-05 0.332853 0.410107 9.9973E-05 9.9973E-05
0.0599618 0.268641 0.382376 9.9991E-05 0.140409 0.148513
0.327932 0.332403 9.9982E-05 9.9982E-05 0.203722 0.135744
0.126223 0.305661 0.107031 0.0516951 0.376873 0.0325172
0.246238 9.9973E-05 9.9973E-05 9.9973E-05 0.260463 0.492998
0.314635 0.219826 0.0340896 0.0117654 0.0443365 0.375348
0.100409 0.00507611 0.0822994 9.9991E-05 0.136972 0.675143
0.383853 0.307248 0.0121074 9.9991E-05 0.0768582 0.219833
0.137489 0.256471 9.9991E-05 0.0681137 0.0443035 0.493522
0.298323 0.179535 9.9991E-05 0.053048 0.00143395 0.46756
0.474102 0.0440363 0.0330091 9.9991E-05 0.0750148 0.373738
0.100195 0.299863 9.9982E-05 9.9982E-05 0.119883 0.479859
0.457975 0.0865466 9.9991E-05 0.00360607 0.0434193 0.408353
0.181855 0.0635563 0.137915 0.00988022 0.118631 0.488163
0.264975 0.0244045 0.264564 9.9982E-05 9.9982E-05 0.445856
9.9991E-05 0.321158 0.393648 0.00817568 0.0495292 0.227389
0.361367 9.9991E-05 0.117242 0.0400339 0.0955174 0.385739
9.9982E-05 0.0366919 9.9982E-05 0.00143701 0.329766 0.631905
0.297063 0.0549951 9.9982E-05 9.9982E-05 0.254383 0.393359
9.9973E-05 9.9973E-05 0.3049 0.62748 9.9973E-05 0.0673203
0.229754 0.150081 0.440808 0.106015 9.9991E-05 0.0732421
0.255256 0.088924 0.0167383 9.9991E-05 0.0634431 0.575539
0.134668 0.11692 9.9982E-05 9.9982E-05 0.285753 0.462459
9.9991E-05 0.332152 0.318335 0.135433 0.101565 0.112416
0.237651 0.0484362 9.9982E-05 9.9982E-05 0.114083 0.59963
0.118116 0.140042 9.9991E-05 0.0286301 0.0393902 0.673721
0.151615 0.397828 0.266793 9.9982E-05 0.183564 9.9982E-05
9.9982E-05 0.255419 0.0656939 9.9982E-05 0.0940494 0.584638
0.1322 9.9982E-05 9.9982E-05 0.0262353 0.237694 0.603671
9.9982E-05 0.338004 0.0485037 9.9982E-05 0.107777 0.505515
9.9982E-05 0.257037 0.0362243 9.9982E-05 0.119486 0.587053
0.163851 0.157038 0.074145 0.121006 9.9991E-05 0.483861
0.050545 0.0705179 0.129177 9.9991E-05 0.0970034 0.652657
0.369058 9.9982E-05 0.313943 0.2094 9.9982E-05 0.1074
0.0162143 0.332787 9.9982E-05 9.9982E-05 0.157638 0.49316
0.0212372 0.294342 9.9982E-05 9.9982E-05 0.19937 0.48485
0.0298057 9.9982E-05 0.195496 9.9982E-05 0.0723521 0.702146
0.0349521 0.12716 0.451093 0.0678563 0.172078 0.14686
0.138935 0.329748 0.0283243 9.9991E-05 0.321449 0.181444
0.405103 0.29657 0.0661407 9.9991E-05 0.0944197 0.137666
0.0830327 0.259219 9.9982E-05 9.9982E-05 0.158947 0.498602
0.133989 0.358808 0.20956 9.9991E-05 0.20038 0.0971637
9.9973E-05 0.235737 0.0971168 9.9973E-05 9.9973E-05 0.666846
0.290323 0.309255 0.0334177 0.00786873 9.9991E-05 0.359035
0.135904 0.119488 0.103188 9.9991E-05 0.120608 0.520711
0.186244 0.191719 0.00913037 0.00698322 0.042064 0.56386
0.261808 9.9991E-05 0.323498 0.166123 0.126535 0.121936
0.160588 0.243999 9.9982E-05 9.9982E-05 0.0670497 0.528163
9.99641E-05 9.99641E-05 0.297774 0.701826 9.99641E-05 9.99641E-05
0.454761 9.9982E-05 0.0597631 9.9982E-05 0.103385 0.381891
0.138234 0.134747 0.0503196 9.9991E-05 0.0475564 0.629043
9.996E-05 9.996E-05 9.996E-05 0.9995 9.996E-05 9.996E-05
9.9964E-05 9.9964E-05 9.9964E-05 0.84184 9.9964E-05 0.157761
0.217394 9.9982E-05 0.326609 9.9982E-05 0.0504448 0.405352
0.089152 0.261081 0.138562 9.9991E-05 0.192459 0.318645
0.225965 0.0811036 0.0844207 0.0353313 0.0200272 0.553152
0.213931 0.00970486 0.0647367 9.9991E-05 0.183639 0.527888
0.315195 0.15218 9.9982E-05 9.9982E-05 0.141877 0.390548
9.9973E-05 0.189232 9.9973E-05 9.9973E-05 0.104608 0.705859
0.223937 0.0647844 0.178021 9.9991E-05 0.141977 0.391181
0.0499237 0.119466 0.470643 0.228002 0.0115701 0.120396
9.9982E-05 0.171188 0.122406 9.9982E-05 0.314885 0.391321
9.9973E-05 9.9973E-05 0.240082 9.9973E-05 0.113787 0.645832
0.411487 0.0597049 0.168554 9.9991E-05 0.0449686 0.315185
0.172362 0.125596 9.9982E-05 9.9982E-05 0.282153 0.419689
0.226733 0.189449 0.195404 0.0324152 0.0822598 0.273739
0.225469 0.0487365 0.0174822 9.9991E-05 0.0854013 0.622811
0.357066 0.0854129 9.9991E-05 0.0347309 0.0930554 0.429635
0.41507 0.0200152 0.130095 9.9991E-05 0.0307821 0.403937
0.37831 0.0418968 0.0494974 0.0586045 0.0551483 0.416543
0.288582 0.106191 0.302082 0.156253 0.120385 0.0265067
0.114104 0.279523 9.9991E-05 0.0161696 0.199563 0.39054
0.677871 9.9973E-05 9.9973E-05 9.9973E-05 0.182129 0.139699
0.621417 9.9973E-05 9.9973E-05 9.9973E-05 0.182546 0.195737
0.22396 0.323989 0.00222394 9.9991E-05 0.0259456 0.423782
0.229923 0.178482 0.176574 9.9991E-05 0.0275801 0.38734
0.222258 0.321628 9.9982E-05 9.9982E-05 0.0501087 0.405805
0.193746 0.0226938 0.0855085 0.0128645 0.214996 0.470191
0.04958 0.0824697 0.14133 9.9982E-05 9.9982E-05 0.72642
0.109313 0.248385 9.9982E-05 9.9982E-05 0.199062 0.44304
0.181251 0.0497578 0.0804148 0.0262237 0.133126 0.529226
0.163312 0.391852 0.2526 9.9991E-05 0.022394 0.169742
9.9982E-05 0.362058 9.9982E-05 0.0670498 0.137257 0.433434
0.161083 0.141812 0.0499349 0.0474634 0.145665 0.454042
9.9982E-05 0.430473 0.457166 9.9982E-05 0.0229873 0.0891745
0.25724 0.153584 0.0404372 9.9982E-05 9.9982E-05 0.548539
0.196194 0.224512 9.9991E-05 0.0828036 0.0997314 0.39666
0.137427 0.259418 9.9982E-05 9.9982E-05 0.187147 0.415808
0.0740228 0.0421827 0.178628 9.9991E-05 0.176743 0.528323
0.0760336 0.0713487 0.251263 9.9991E-05 0.0633318 0.537923
0.262383 0.55689 0.138357 9.9991E-05 0.0282944 0.013976
0.233956 0.0213486 9.9982E-05 9.9982E-05 0.101617 0.642879
0.370978 0.0868748 0.314675 9.9991E-05 0.185885 0.0414864
