0.167076 0.0195098 9.9982E-05 9.9982E-05 0.102999 0.710216
9.999E-05 0.170736 0.0370913 0.147451 0.304807 0.339815
9.9982E-05 9.9982E-05 0.0624847 0.151063 0.353799 0.432454
9.9982E-05 0.0991316 0.105885 9.9982E-05 0.21488 0.579903
0.00212457 0.124358 0.0319832 9.9991E-05 0.143595 0.69784
0.0590084 9.9973E-05 0.775361 9.9973E-05 0.16533 9.9973E-05
0.0825948 9.9991E-05 0.0335361 0.103132 0.0204748 0.760162
0.0400162 9.9982E-05 0.892461 9.9982E-05 0.00895494 0.0583683
9.9982E-05 9.9982E-05 0.0284655 0.0992266 0.23127 0.640838
0.0168038 0.208049 0.0032044 9.9991E-05 0.254786 0.517058
0.0368829 9.9982E-05 0.015611 9.9982E-05 0.339264 0.608042
9.9982E-05 0.160337 0.185024 9.9982E-05 0.278027 0.376412
9.9982E-05 0.0791109 9.9982E-05 0.0668137 0.309579 0.544297
9.9982E-05 9.9982E-05 0.0928856 0.11462 0.140786 0.651508
9.9973E-05 0.168326 0.649667 9.9973E-05 0.181707 9.9973E-05
9.9982E-05 9.9982E-05 0.000616359 0.160901 0.367316 0.470966
0.0796748 9.9982E-05 0.113178 9.9982E-05 0.336027 0.47092
9.9973E-05 0.0337673 9.9973E-05 0.2374 9.9973E-05 0.728533
9.999E-05 0.0615139 0.0285586 0.0608466 0.115443 0.733538
0.0308 0.112405 9.9982E-05 9.9982E-05 0.214381 0.642214
9.9973E-05 0.0618869 9.9973E-05 0.109021 9.9973E-05 0.828792
9.9991E-05 0.121747 0.130314 0.0642472 0.156636 0.526955
0.0409122 0.0217117 9.9982E-05 9.9982E-05 0.349086 0.58809
9.9982E-05 0.0567249 0.590035 9.9982E-05 0.288732 0.0643073
9.9982E-05 9.9982E-05 0.0126968 0.173672 0.155027 0.658403
9.9982E-05 0.128519 0.608 9.9982E-05 0.137997 0.125285
9.9982E-05 9.9982E-05 0.46388 0.135896 0.152113 0.247911
9.9964E-05 9.9964E-05 0.310422 9.9964E-05 9.9964E-05 0.689178
9.9973E-05 0.0539671 0.652963 9.9973E-05 0.29277 9.9973E-05
9.999E-05 0.0272284 0.148353 0.0386178 0.0600159 0.725684
0.0999558 0.0175467 0.463709 9.9991E-05 0.228068 0.190621
9.999E-05 0.0277745 0.0656718 0.213612 0.110531 0.582311
0.011661 0.0126164 0.159614 9.9991E-05 0.487215 0.328793
9.9973E-05 9.9973E-05 0.856625 0.117316 9.9973E-05 0.0257584
9.9964E-05 9.9964E-05 0.833608 0.165992 9.9964E-05 9.9964E-05
9.9991E-05 0.0275067 0.120433 0.200635 0.0911722 0.560153
9.9982E-05 0.128841 0.138563 9.9982E-05 0.107608 0.624789
9.9982E-05 0.0141909 9.9982E-05 0.260801 0.175592 0.549216
9.9982E-05 0.181426 0.749025 9.9982E-05 0.0677944 0.00155383
0.117366 0.0861543 0.42632 9.9991E-05 0.213203 0.156857
9.9991E-05 0.117365 0.22269 0.158513 0.193946 0.307386
9.9982E-05 0.023142 0.0116639 9.9982E-05 0.378865 0.586129
9.9973E-05 9.9973E-05 0.121659 9.9973E-05 0.156114 0.721928
0.0307501 0.0344481 0.597705 0.185299 9.9991E-05 0.151697
0.0533133 0.169163 9.9982E-05 9.9982E-05 0.267638 0.509686
9.9982E-05 0.15186 9.9982E-05 0.146666 0.249901 0.451373
0.0758471 0.0140642 0.0908355 0.0506361 0.114906 0.653711
0.0463239 0.0172102 0.026525 9.9991E-05 0.511592 0.398249
9.9991E-05 0.0479359 0.0253451 0.16449 0.395135 0.366994
0.0281759 0.0537579 0.529013 9.9991E-05 0.340199 0.048754
9.9973E-05 9.9973E-05 9.9973E-05 0.114351 0.20896 0.676389
0.0809013 0.0836517 0.397401 9.9991E-05 0.210763 0.227183
0.00707808 0.184229 9.9991E-05 0.083538 0.291261 0.433794
9.9973E-05 9.9973E-05 0.892303 0.0706298 0.0367674 9.9973E-05
9.9982E-05 9.9982E-05 0.408632 0.0185419 0.343873 0.228753
0.00687531 0.0896035 9.9982E-05 9.9982E-05 0.129916 0.773405
0.0738715 9.9973E-05 9.9973E-05 9.9973E-05 0.154645 0.771183
0.0545427 9.9991E-05 0.151359 0.0193857 0.116551 0.658061
9.9982E-05 0.0254309 0.310739 9.9982E-05 0.425028 0.238602
0.00537281 9.9973E-05 0.386889 9.9973E-05 9.9973E-05 0.607439
0.0659386 9.9973E-05 0.755249 9.9973E-05 0.178512 9.9973E-05
9.9973E-05 0.0677182 0.804646 9.9973E-05 0.127336 9.9973E-05
0.0597668 0.0399154 0.0786657 0.114894 0.0715533 0.635204
9.9964E-05 9.9964E-05 0.920841 9.9964E-05 0.0787588 9.9964E-05
0.0528872 0.0608109 0.0202897 9.9991E-05 0.31753 0.548382
9.9973E-05 0.113267 0.843604 0.0428284 9.9973E-05 9.9973E-05
9.9982E-05 0.0472033 9.9982E-05 0.059222 0.178062 0.715312
9.9982E-05 0.122825 0.123781 9.9982E-05 0.468537 0.284656
0.029586 9.9982E-05 9.9982E-05 0.0805314 0.339746 0.549937
9.9964E-05 9.9964E-05 0.761166 9.9964E-05 0.238434 9.9964E-05
0.109785 0.0671362 9.9991E-05 0.00828197 0.35372 0.460977
0.0435873 0.0271435 0.0570016 0.077788 0.212865 0.581615
0.0822664 0.0320351 0.275016 9.9991E-05 0.195195 0.415387
0.0400759 0.104591 0.0180426 9.9991E-05 0.253692 0.583499
0.0449699 9.9991E-05 0.0229722 0.062623 0.298497 0.570838
9.9982E-05 0.0439817 0.373071 9.9982E-05 0.10487 0.477878
9.9982E-05 0.145488 9.9982E-05 0.0119961 0.271867 0.570449
0.0750212 0.0680219 0.173963 0.0191007 0.369981 0.293912
9.9982E-05 9.9982E-05 0.0673593 0.0431447 0.565815 0.323481
9.9991E-05 0.0502946 0.0118025 0.255198 0.119028 0.563577
9.9973E-05 0.259952 9.9973E-05 9.9973E-05 0.209487 0.530261
9.9991E-05 0.00302045 0.0219165 0.154583 0.41972 0.40066
0.017224 0.135021 0.0417097 9.9991E-05 0.282886 0.52306
9.9973E-05 0.102655 9.9973E-05 9.9973E-05 0.158912 0.738133
9.9973E-05 0.149504 9.9973E-05 9.9973E-05 0.277394 0.572802
9.9991E-05 0.134344 0.125504 0.0132822 0.380757 0.346013
9.9991E-05 0.0670509 0.250348 0.0373001 0.408318 0.236883
9.9982E-05 0.18603 0.200219 9.9982E-05 0.439741 0.17381
9.99641E-05 9.99641E-05 0.883881 0.115719 9.99641E-05 9.99641E-05
0.0073911 0.140873 0.203601 0.0193004 0.298462 0.330373
9.9982E-05 0.00842091 9.9982E-05 0.206901 0.551352 0.233126
9.9991E-05 0.00224416 0.53679 0.0142645 0.195578 0.251023
9.9982E-05 0.0184024 0.010373 9.9982E-05 0.318335 0.65269
9.9982E-05 0.065209 0.25542 9.9982E-05 0.0691768 0.609994
0.0802106 9.9982E-05 0.463548 9.9982E-05 0.254099 0.201943
0.000727345 9.9973E-05 0.857461 9.9973E-05 0.141512 9.9973E-05
9.9991E-05 0.16883 0.0766574 0.0573927 0.149093 0.547927
9.9991E-05 0.0970088 0.0572987 0.0304206 0.533836 0.281336
0.0669897 0.161797 0.0632715 9.9991E-05 0.332418 0.375424
0.0278371 9.9982E-05 0.24599 0.0244662 9.9982E-05 0.701506
0.0457757 9.9982E-05 0.43848 9.9982E-05 0.414712 0.100832
9.9991E-05 0.164339 0.0654753 0.034846 0.0751336 0.660106
0.0420859 0.0501113 9.9991E-05 0.150112 0.134783 0.622808
0.15209 0.00563271 9.9982E-05 9.9982E-05 0.216237 0.625841
9.9973E-05 9.9973E-05 9.9973E-05 0.272806 0.277593 0.449301
9.9982E-05 0.0729605 0.727243 9.9982E-05 0.197439 0.00215718
9.9991E-05 0.110936 0.441594 0.143211 0.301678 0.00248108
9.9973E-05 0.0657386 9.9973E-05 9.9973E-05 0.220266 0.713695
9.9982E-05 0.0373522 9.9982E-05 0.0428508 0.28019 0.639407
9.9973E-05 9.9973E-05 9.9973E-05 0.0986231 0.267188 0.633889
9.9991E-05 0.0351795 0.403707 0.0628167 0.446754 0.0514422
0.135521 9.9964E-05 0.864079 9.9964E-05 9.9964E-05 9.9964E-05
9.9982E-05 9.9982E-05 0.441908 0.0614811 0.27406 0.222351
9.9973E-05 9.9973E-05 9.9973E-05 0.234753 0.0536945 0.711253
9.9982E-05 0.155014 0.0624256 9.9982E-05 0.306464 0.475897
0.0527083 0.165557 0.0279308 9.9982E-05 9.9982E-05 0.753604
0.0951852 9.9973E-05 9.9973E-05 9.9973E-05 0.22287 0.681645
9.9973E-05 9.9973E-05 0.876415 0.105177 0.0181083 9.9973E-05
0.0424942 0.0644067 0.0108761 0.0472524 0.022312 0.812659
9.9973E-05 9.9973E-05 9.9973E-05 0.147835 0.276301 0.575565
9.9991E-05 0.027668 0.117994 0.0694066 0.0176375 0.767194
9.9982E-05 9.9982E-05 0.629384 0.0125709 0.118543 0.239302
9.9973E-05 9.9973E-05 9.9973E-05 0.0620198 0.144035 0.793645
9.9991E-05 0.00844339 0.0733374 0.11463 0.159859 0.64363
9.9982E-05 0.10589 9.9982E-05 0.074788 0.156115 0.663007
0.0108579 0.14408 0.019391 9.9991E-05 0.336153 0.489418
0.0225893 0.0210716 0.632098 9.9982E-05 9.9982E-05 0.324041
0.109469 9.9973E-05 0.829584 9.9973E-05 0.0606465 9.9973E-05
9.9982E-05 0.104475 9.9982E-05 0.200237 0.32285 0.372238
0.0641934 0.123038 9.9991E-05 0.0393888 0.392141 0.381138
9.9982E-05 0.0559554 9.9982E-05 0.172382 0.20565 0.565813
9.9982E-05 0.0556869 9.9982E-05 0.20993 0.331132 0.403052
9.9991E-05 0.0168644 0.365797 0.0517219 0.2488 0.316716
0.165294 0.00572193 0.0106328 0.0625938 0.32806 0.427697
0.025016 0.0850185 0.1768 9.9991E-05 0.0385729 0.674493
9.9964E-05 9.9964E-05 9.9964E-05 0.0139062 0.985694 9.9964E-05
0.0748979 0.0379539 0.559711 9.9991E-05 0.0603875 0.26695
9.9982E-05 9.9982E-05 0.289385 0.0924037 0.112457 0.505555
9.996E-05 9.996E-05 9.996E-05 9.996E-05 0.9995 9.996E-05
0.0621842 9.9982E-05 0.521947 9.9982E-05 0.362801 0.0528681
9.9982E-05 9.9982E-05 0.134759 0.0173807 0.243778 0.603883
0.130357 0.0608869 0.388489 0.0377568 0.193681 0.18883
9.9991E-05 0.0223085 0.288755 0.214914 0.125424 0.348498
0.00898859 0.0981281 0.185119 0.0833678 0.351699 0.272698
0.0722188 9.9982E-05 0.668456 9.9982E-05 0.255137 0.0039884
0.0213589 0.0750411 0.309083 0.145756 0.112777 0.335983
9.9982E-05 9.9982E-05 0.151189 0.00323725 0.586911 0.258463
9.9982E-05 0.0534195 9.9982E-05 0.0929283 0.274039 0.579413
0.0172207 0.221531 9.9973E-05 9.9973E-05 9.9973E-05 0.760948
0.0875388 0.0708392 9.9991E-05 0.0424155 0.307244 0.491862
9.9991E-05 0.145717 0.0536269 0.217042 0.143996 0.439517
0.0586371 0.0099698 0.375094 9.9991E-05 0.00207048 0.554128
0.000210838 9.9982E-05 0.706463 0.0369993 9.9982E-05 0.256127
0.063174 0.0433269 0.460148 0.0917072 0.241525 0.100119
9.9982E-05 0.0841423 9.9982E-05 0.282463 0.444869 0.188325
0.000995709 0.0984654 9.9991E-05 0.188229 0.343961 0.368249
9.9973E-05 0.12632 0.855448 9.9973E-05 0.0179319 9.9973E-05
9.9982E-05 0.0435796 9.9982E-05 0.245843 0.220464 0.489913
9.9982E-05 0.0651704 9.9982E-05 0.110615 0.32024 0.503774
9.9991E-05 0.0788451 0.150216 0.129178 0.197701 0.443961
0.0285911 9.9982E-05 9.9982E-05 0.144159 0.274185 0.552865
0.0114747 9.9991E-05 0.148873 0.194945 0.449291 0.195316
9.9991E-05 0.0591441 0.0286139 0.0744151 0.623595 0.214131
9.9991E-05 0.208934 0.0179826 0.00906438 0.382146 0.381773
9.9982E-05 0.131302 9.9982E-05 0.0862034 0.10195 0.680344
0.00799887 0.0330209 9.9991E-05 0.085014 0.091494 0.782372
9.9991E-05 0.0929377 0.0945891 0.127543 0.494358 0.190472
9.9982E-05 9.9982E-05 0.517441 0.0666917 0.354732 0.0609356
9.9982E-05 0.0886108 0.259686 9.9982E-05 0.326204 0.3253
0.0856007 0.0809089 0.100615 0.0391934 0.505959 0.187723
0.085845 9.9982E-05 0.0997701 9.9982E-05 0.532355 0.281829
9.9982E-05 0.0453008 0.0883866 9.9982E-05 0.294452 0.57166
9.9964E-05 0.0582571 0.941343 9.9964E-05 9.9964E-05 9.9964E-05
9.9982E-05 9.9982E-05 0.0690378 0.132072 0.524408 0.274282
0.045578 0.0267937 0.206936 9.9982E-05 0.720493 9.9982E-05
0.112198 9.9982E-05 9.9982E-05 0.0969657 0.559732 0.230904
0.0247092 0.0682394 0.156769 9.9991E-05 0.379896 0.370286
9.9991E-05 0.00128639 0.525704 0.297556 0.159653 0.015701
9.9973E-05 9.9973E-05 0.449987 0.177405 9.9973E-05 0.372308
0.0051269 9.9973E-05 0.562603 9.9973E-05 9.9973E-05 0.43197
9.9964E-05 9.9964E-05 9.9964E-05 9.9964E-05 0.272275 0.727325
9.9973E-05 9.9973E-05 0.722105 0.213811 0.0637843 9.9973E-05
9.9991E-05 0.0560049 0.361431 0.0595849 0.139213 0.383666
0.0307026 9.9991E-05 0.0124993 0.14846 0.23009 0.578149
9.99641E-05 9.99641E-05 0.947743 0.0518576 9.99641E-05 9.99641E-05
9.9982E-05 9.9982E-05 0.505846 0.0472857 0.410852 0.0358162
0.0421637 0.00127316 9.9982E-05 9.9982E-05 0.463963 0.4924
0.0435904 0.000163161 0.442393 9.9991E-05 0.2198 0.293954
9.9982E-05 9.9982E-05 0.147102 0.0058101 0.241916 0.604972
0.0274835 0.0442085 9.9991E-05 0.186759 0.231935 0.509514
9.9991E-05 0.13748 0.305297 0.209944 0.106212 0.240967
9.9982E-05 0.0673861 0.00755804 9.9982E-05 0.248025 0.67683
9.9973E-05 0.00639049 9.9973E-05 9.9973E-05 0.26748 0.72583
0.0593756 0.0595274 0.0287757 0.0654338 0.367964 0.418924
0.0714412 0.108958 0.215665 9.9991E-05 0.363204 0.240631
0.0522306 0.0572765 0.248073 9.9991E-05 0.012123 0.630197
0.144997 0.0746951 9.9991E-05 0.136968 0.0922009 0.551038
0.0576197 0.137454 0.107858 9.9991E-05 0.206313 0.490656
0.0284659 0.149098 0.00092358 0.15091 0.391636 0.278967
9.9982E-05 0.0472874 9.9982E-05 0.146016 0.389797 0.4167
9.9991E-05 0.0911543 0.287918 0.102783 0.292745 0.2253
9.9973E-05 0.175026 9.9973E-05 9.9973E-05 0.253186 0.571488
0.104926 9.9982E-05 9.9982E-05 0.0797395 0.38925 0.425884
9.9982E-05 0.134547 9.9982E-05 0.263255 0.283687 0.318311
0.211024 0.131868 9.9991E-05 0.0604414 0.0551238 0.541443
9.9991E-05 0.144683 0.231293 0.191291 0.359822 0.0728119
0.135874 0.0164246 0.0286943 9.9982E-05 9.9982E-05 0.818807
9.9973E-05 9.9973E-05 0.12351 9.9973E-05 0.371769 0.504421
9.9973E-05 9.9973E-05 9.9973E-05 0.133463 0.287736 0.5785
9.9964E-05 0.202928 9.9964E-05 9.9964E-05 9.9964E-05 0.796672
0.0141386 0.0529617 9.99999E-05 0.11372 0.16561 0.65347
0.0029233 0.187146 0.395461 9.9991E-05 0.134539 0.279831
9.9991E-05 0.111196 0.425081 0.0386335 0.135193 0.289797
9.9982E-05 0.0167045 9.9982E-05 0.0672507 0.0827519 0.833093
9.9973E-05 9.9973E-05 9.9973E-05 0.236778 0.104928 0.657994
0.0950927 0.0163824 9.9982E-05 9.9982E-05 0.219905 0.66842
0.0590719 0.0175328 9.9982E-05 9.9982E-05 0.470211 0.452984
9.9973E-05 9.9973E-05 0.236832 9.9973E-05 0.559347 0.203521
0.0348022 0.140444 0.124709 9.9991E-05 0.40313 0.296814
0.100575 0.0681141 9.9991E-05 0.0488574 0.260962 0.521391
9.9991E-05 0.0834559 0.552085 0.0144215 0.269992 0.0799448
9.9982E-05 9.9982E-05 0.217439 0.134571 0.172623 0.475167
0.133078 0.0532115 0.0732662 9.9991E-05 0.567512 0.172833
9.9982E-05 9.9982E-05 0.759784 0.148097 0.0876876 0.0042312
9.9982E-05 0.0143627 9.9982E-05 0.0828307 0.4812 0.421407
0.00913625 0.181845 0.0206297 9.9991E-05 0.372267 0.416022
9.9982E-05 0.0948911 0.0575032 9.9982E-05 0.188459 0.658946
0.00893962 0.122209 9.9982E-05 9.9982E-05 0.0821897 0.786462
0.172144 0.0316809 9.9991E-05 0.0488878 0.418617 0.32857
9.9982E-05 0.0405462 9.9982E-05 0.0790973 0.300195 0.579962
9.9982E-05 0.00368317 9.9982E-05 0.146298 0.0830539 0.766765
0.00855665 9.9973E-05 9.9973E-05 9.9973E-05 0.25578 0.735364
9.9982E-05 9.9982E-05 0.178063 0.11403 0.383906 0.323801
0.00362331 0.0744635 9.9991E-05 0.0558208 0.259961 0.606031
9.9973E-05 0.154398 9.9973E-05 9.9973E-05 0.319418 0.525884
9.9982E-05 9.9982E-05 0.0459608 0.0401632 0.909272 0.00440397
9.9973E-05 0.187215 9.9973E-05 9.9973E-05 0.304495 0.507991
0.104735 0.0215415 0.00344133 9.9991E-05 0.187433 0.682749
0.0202863 0.000312173 0.416849 0.0154057 0.0899965 0.457151
9.9973E-05 9.9973E-05 0.236701 9.9973E-05 0.427448 0.335551
9.9982E-05 0.0234826 0.0170877 9.9982E-05 0.157557 0.801672
9.9982E-05 0.0159355 0.628244 0.0129583 9.9982E-05 0.342662
9.9982E-05 0.0693636 9.9982E-05 0.0473717 0.366939 0.516126
9.9973E-05 9.9973E-05 0.33003 9.9973E-05 0.204134 0.465536
0.046055 0.0587534 0.0461238 0.218332 0.0187616 0.611974
0.00799438 0.0889672 0.128864 9.9991E-05 0.706915 0.0671591
0.173213 9.9982E-05 0.260949 9.9982E-05 0.248356 0.317283
9.9982E-05 0.081593 0.499655 9.9982E-05 0.264833 0.153719
9.9991E-05 0.0782596 0.0599474 0.170502 0.135097 0.556094
0.0531905 0.0152184 9.9982E-05 9.9982E-05 0.424919 0.506472
9.9982E-05 0.00868768 0.316527 9.9982E-05 0.215279 0.459306
9.9991E-05 0.278026 0.0492388 0.0623897 0.130933 0.479313
9.9982E-05 0.106557 9.9982E-05 0.0228505 0.0584936 0.811899
0.0886391 0.0521032 0.858958 9.9973E-05 9.9973E-05 9.9973E-05
9.9982E-05 0.202178 9.9982E-05 0.101913 0.215803 0.479906
0.0378324 0.0172545 9.9982E-05 9.9982E-05 0.221835 0.722878
9.9991E-05 0.0144686 0.0745335 0.116425 0.0207945 0.773679
9.9982E-05 0.0425798 9.9982E-05 0.0877992 0.354102 0.515319
9.9991E-05 0.160093 0.0234699 0.00290803 0.307137 0.506292
9.9982E-05 0.0821739 9.9982E-05 0.0198094 0.266571 0.631246
9.9982E-05 9.9982E-05 0.0329801 0.127315 0.225149 0.614356
9.9982E-05 9.9982E-05 0.145081 0.0450779 0.198404 0.611238
9.9982E-05 0.185871 0.541837 9.9982E-05 0.10254 0.169552
9.9982E-05 9.9982E-05 0.01764 0.0321604 0.242995 0.707005
0.0715231 0.0384122 9.9982E-05 9.9982E-05 0.0550582 0.834807
9.9991E-05 0.0743105 0.136549 0.0670519 0.376575 0.345413
9.9982E-05 0.0878019 0.368066 9.9982E-05 0.210048 0.333884
9.9982E-05 0.159357 9.9982E-05 0.0706566 0.199322 0.570465
9.9973E-05 9.9973E-05 0.295533 9.9973E-05 0.129053 0.575114
9.9991E-05 0.0575796 0.0237869 0.0663199 0.110073 0.74214
0.0207641 9.9982E-05 0.28352 9.9982E-05 0.247354 0.448163
0.0161467 0.126207 0.131141 0.0790464 0.207203 0.440256
9.9982E-05 0.157081 0.457746 9.9982E-05 0.286106 0.0988667
9.9982E-05 0.103804 0.244833 9.9982E-05 0.0166847 0.634478
0.0640406 9.9982E-05 9.9982E-05 0.185396 0.345195 0.405169
9.9991E-05 0.10064 0.241269 0.0317309 0.270414 0.355846
9.9982E-05 0.145884 9.9982E-05 0.0115146 0.371234 0.471168
9.9982E-05 9.9982E-05 0.00360492 0.000977962 0.280318 0.714899
9.9982E-05 0.0341237 9.9982E-05 0.0704626 0.593299 0.301915
0.103077 0.0230738 0.254089 9.9991E-05 0.481127 0.138532
9.9973E-05 9.9973E-05 9.9973E-05 0.0101885 0.535202 0.45431
9.9982E-05 0.112493 9.9982E-05 0.298658 0.128271 0.460378
0.0154549 9.9982E-05 9.9982E-05 0.104446 0.193312 0.686587
9.9982E-05 0.0319395 0.544465 0.0916643 9.9982E-05 0.331731
9.9973E-05 9.9973E-05 0.900527 0.0754166 9.9973E-05 0.0237565
9.9991E-05 0.113728 0.121163 0.0506274 0.255231 0.459151
0.0112479 0.172736 0.119342 0.0512055 0.0295852 0.615883
9.9991E-05 0.104939 0.0995152 0.211799 0.401566 0.18208
9.9991E-05 0.104717 0.175319 0.0511701 0.43097 0.237724
9.9991E-05 0.0110128 0.264144 0.130549 0.175051 0.419143
9.9973E-05 0.233616 0.17708 9.9973E-05 9.9973E-05 0.589005
0.0806059 9.9982E-05 9.9982E-05 0.107376 0.223737 0.58808
0.0384832 0.0412987 9.9991E-05 0.056845 0.265274 0.597999
9.9982E-05 0.0253311 9.9982E-05 0.108395 0.318637 0.547437
9.9973E-05 0.0875275 9.9973E-05 0.266927 9.9973E-05 0.645246
0.0256654 9.9973E-05 9.9973E-05 9.9973E-05 0.242996 0.731038
9.9982E-05 0.00531462 9.9982E-05 0.048565 0.225367 0.720553
0.0777157 9.9973E-05 9.9973E-05 9.9973E-05 0.603356 0.318628
9.9982E-05 0.0137139 9.9982E-05 0.182519 0.182122 0.621446
9.9982E-05 0.165399 0.0613136 9.9982E-05 0.189777 0.58331
9.9982E-05 0.150007 9.9982E-05 0.207322 0.288293 0.354178
9.9991E-05 0.0491688 0.0644343 0.21766 0.263572 0.405065
9.9991E-05 0.108384 0.103039 0.115633 0.0877121 0.585132
0.136999 0.012826 0.555467 9.9982E-05 9.9982E-05 0.294509
0.00718068 0.149116 0.431087 0.0205297 0.149457 0.24263
0.017584 9.9982E-05 0.850082 0.0953571 9.9982E-05 0.0367767
9.9991E-05 0.0676458 0.0152461 0.114306 0.226809 0.575893
0.00570361 9.9973E-05 0.781847 9.9973E-05 9.9973E-05 0.21215
0.0164847 9.9982E-05 0.756962 0.0376646 0.188689 9.9982E-05
9.9982E-05 0.139425 9.9982E-05 0.0189536 0.289058 0.552363
9.9991E-05 0.221599 0.011159 0.0972821 0.163512 0.506348
0.00925493 0.185979 9.9991E-05 0.0200459 0.176713 0.607907
0.0467088 0.0488335 0.689619 9.9991E-05 0.115344 0.0993951
0.038784 9.9982E-05 9.9982E-05 0.0125775 0.215632 0.732806
0.0256444 0.0878299 0.404391 9.9991E-05 0.3812 0.100835
9.9991E-05 0.234058 0.0453356 0.0673356 0.128303 0.524868
9.9973E-05 0.017112 0.800593 0.181995 9.9973E-05 9.9973E-05
0.0725309 0.103009 0.121589 9.9991E-05 0.214982 0.487789
9.9982E-05 9.9982E-05 0.0236717 0.0649506 0.16089 0.750287
0.0154021 0.0480657 9.9982E-05 9.9982E-05 0.0118404 0.924492
9.9982E-05 0.0313911 9.9982E-05 0.0122565 0.422625 0.533527
9.9973E-05 0.169779 0.772041 9.9973E-05 9.9973E-05 0.0578801
9.9991E-05 0.0180331 0.183969 0.0285972 0.331219 0.438081
0.0766206 9.9991E-05 0.408931 0.0871675 0.1445 0.282681
0.0793377 0.147457 9.9982E-05 9.9982E-05 0.190284 0.582721
0.0204483 9.9991E-05 0.697821 0.064425 0.197899 0.0193075
0.140848 0.0675979 0.122838 0.081177 0.161615 0.425923
9.9982E-05 9.9982E-05 0.33382 0.208464 0.336052 0.121464
9.9991E-05 0.106055 0.0416751 0.121736 0.0516032 0.67883
9.9982E-05 9.9982E-05 0.135154 0.177731 0.562012 0.124903
9.9991E-05 0.00166669 0.555815 0.0304959 0.096918 0.315004
0.0270254 0.171466 9.9991E-05 0.0631207 0.244027 0.49426
0.0869657 0.128376 0.00979141 9.9991E-05 0.219091 0.555675
0.0603458 0.0892039 9.9991E-05 0.00887643 0.234443 0.60703
9.9991E-05 0.13375 0.00204586 0.110942 0.0498546 0.703308
9.9982E-05 0.0516943 0.374688 9.9982E-05 0.383505 0.189913
9.9982E-05 0.0439866 9.9982E-05 0.146978 0.385772 0.423064
9.9982E-05 0.143597 0.0101816 0.118648 9.9982E-05 0.727374
9.9982E-05 0.146304 0.0470988 9.9982E-05 0.0957164 0.710681
0.00821092 9.9982E-05 0.370049 9.9982E-05 0.491794 0.129746
0.000953848 0.111105 0.215757 9.9991E-05 0.361876 0.310208
0.0190859 0.0809123 0.0154282 0.0381345 0.120013 0.726426
0.0090028 0.266076 0.0699674 0.039954 0.564231 0.050769
9.9991E-05 0.136917 0.206168 0.179683 0.350009 0.127123
9.9982E-05 0.0946347 9.9982E-05 0.0557672 0.410675 0.438723
0.065008 9.9991E-05 0.278097 0.0414792 0.411062 0.204253
9.9991E-05 0.0596647 0.0922492 0.113384 0.51714 0.217462
9.9982E-05 9.9982E-05 0.431591 0.106094 0.256411 0.205703
0.107511 9.9982E-05 9.9982E-05 0.0333219 0.0121095 0.846858
9.9982E-05 0.0605882 9.9982E-05 0.00942228 0.107182 0.822608
9.9991E-05 0.0253183 0.013084 0.0591669 0.301967 0.600364
9.9973E-05 0.120761 9.9973E-05 9.9973E-05 0.117964 0.760975
0.141461 9.9982E-05 9.9982E-05 0.0716606 0.207544 0.579135
9.9982E-05 0.153642 9.9982E-05 0.108684 0.289209 0.448265
9.9991E-05 0.0397451 0.247433 0.110948 0.205926 0.395848
9.9982E-05 0.0394841 9.9982E-05 0.0129211 0.707383 0.240012
9.9991E-05 0.0475393 0.00378298 0.0481897 0.101665 0.798723
0.063707 9.9991E-05 0.110568 0.0492584 0.0242157 0.752151
9.9991E-05 0.146099 0.0968316 0.0804444 0.328056 0.348469
0.103657 9.9991E-05 0.303945 0.103537 0.347124 0.141637
0.14353 0.18592 9.9982E-05 9.9982E-05 0.208157 0.462192
0.0912351 0.0339795 0.0094612 0.0791935 0.174246 0.611884
9.9982E-05 0.0653866 0.764593 9.9982E-05 0.151972 0.0178476
0.0209142 9.9982E-05 0.720996 9.9982E-05 0.0179699 0.23992
9.9982E-05 0.101731 9.9982E-05 0.222745 0.27562 0.399704
0.275613 0.0453479 0.011022 0.156555 9.9991E-05 0.511361
0.4453 0.275427 0.0191041 0.029861 0.11983 0.110478
0.295955 0.132679 0.0245916 0.234343 9.9991E-05 0.312331
0.0806726 0.0908962 9.9991E-05 0.0773023 0.105585 0.645444
0.336714 0.174402 9.9982E-05 0.206173 9.9982E-05 0.282511
0.363183 9.9982E-05 0.0468876 0.264396 9.9982E-05 0.325333
0.348328 9.9991E-05 0.00714469 0.305273 0.169926 0.169229
0.264898 0.197244 0.0125552 0.35873 9.9991E-05 0.166473
0.272538 0.11384 0.0214441 0.358093 9.9991E-05 0.233985
0.265112 0.0217388 9.9991E-05 0.226333 0.0740404 0.412676
0.224753 0.00191331 9.9991E-05 0.180007 0.269468 0.323758
0.379705 0.131443 0.0351607 0.151645 0.00573393 0.296313
0.0544781 0.040389 9.9991E-05 0.273532 0.0686647 0.562836
0.114512 0.210665 0.0012944 0.379143 9.9991E-05 0.294286
0.181859 0.178193 9.9982E-05 0.347249 9.9982E-05 0.292499
0.307396 0.140127 0.0287904 0.323633 0.0837583 0.116295
0.358665 0.0719894 9.9982E-05 9.9982E-05 0.102637 0.466509
0.160452 0.124284 9.9991E-05 0.202103 0.251193 0.261869
0.0643305 0.102876 0.768793 0.0438182 0.0200819 9.9991E-05
0.243291 9.9991E-05 0.0126229 0.284286 0.0427053 0.416995
0.272729 9.9991E-05 0.0163951 0.287324 0.121743 0.301708
0.102936 9.9991E-05 0.150412 0.0282418 0.106335 0.611975
0.587555 0.130888 0.00861717 0.158644 0.0236438 0.0906527
0.41318 0.042947 9.9982E-05 0.235644 0.308029 9.9982E-05
0.0641379 0.036476 9.9991E-05 0.169156 0.425069 0.305061
0.321738 0.106568 0.00390468 0.289962 9.9991E-05 0.277727
0.220689 0.160583 9.9991E-05 0.148388 0.0066562 0.463584
0.214465 0.220844 9.9991E-05 0.200939 0.088553 0.275099
0.29844 0.0957278 0.0379484 0.366961 9.9991E-05 0.200823
0.331137 0.145802 0.0345136 0.375194 0.113253 9.9991E-05
0.334486 0.27188 9.9991E-05 0.324039 0.032851 0.0366435
0.824206 9.9973E-05 0.0250209 9.9973E-05 9.9973E-05 0.150473
0.232811 0.286737 0.0245645 0.249475 0.0050813 0.201331
0.138911 0.137246 9.9982E-05 0.411456 9.9982E-05 0.312188
0.404819 9.9991E-05 0.0906371 0.401993 0.0613123 0.0411389
0.197439 0.0696443 0.0134114 0.477583 0.0649056 0.177017
0.292131 0.278386 0.0906217 0.227543 0.015096 0.0962227
9.9982E-05 0.117612 9.9982E-05 0.294838 0.0870462 0.500303
0.295997 0.109543 9.9991E-05 0.336904 0.100988 0.156469
0.148295 0.233485 9.9991E-05 0.24061 0.0697571 0.307753
0.366763 0.0225157 0.0124349 0.163316 0.0493627 0.385607
0.135964 0.279778 9.9991E-05 0.168738 0.136102 0.279318
0.839652 0.0127656 9.9973E-05 9.9973E-05 9.9973E-05 0.147283
0.146621 9.9982E-05 9.9982E-05 0.0772848 0.116633 0.659261
0.393845 0.135171 9.9982E-05 0.131496 9.9982E-05 0.339287
0.01026 0.0140496 0.30314 0.164841 0.257579 0.25013
0.00991574 0.274162 9.9991E-05 0.0374565 0.269913 0.408452
0.107242 0.0615044 0.00215476 0.0699315 0.160954 0.598214
0.286521 9.9991E-05 0.0324071 0.408823 0.0459862 0.226162
0.29659 0.0332771 9.9991E-05 0.322193 0.0317387 0.316101
0.307042 9.9982E-05 0.00622409 0.475024 9.9982E-05 0.21151
0.3867 0.0701396 9.9991E-05 0.0991788 0.161352 0.28253
0.212768 0.179904 9.9991E-05 0.230332 0.211815 0.165081
0.169334 0.060454 9.9982E-05 0.432857 9.9982E-05 0.337155
0.262293 0.132835 9.9982E-05 0.102838 9.9982E-05 0.501834
0.45692 0.280411 9.9991E-05 0.0997052 0.079264 0.0835993
0.358091 9.9982E-05 9.9982E-05 0.16313 0.0404669 0.438112
9.9964E-05 0.99319 0.00640975 9.9964E-05 9.9964E-05 9.9964E-05
0.352936 0.0917507 9.9982E-05 0.363956 9.9982E-05 0.191157
0.340729 0.0839614 9.9982E-05 0.285534 9.9982E-05 0.289576
0.407215 0.105028 0.0525528 0.220389 0.0206762 0.194139
0.337215 0.179925 9.9991E-05 0.18529 0.093015 0.204455
0.090323 0.0212017 9.9991E-05 0.00909938 0.230205 0.649071
0.257211 0.298619 9.9991E-05 0.268455 0.0177663 0.157849
0.0292508 0.00542431 0.196341 0.106823 0.182845 0.479316
0.16808 0.0664045 0.0191594 0.427141 9.9991E-05 0.319115
0.190168 0.0775056 0.0612557 0.410895 0.20174 0.0584353
9.9991E-05 0.109798 0.178391 0.123397 0.290404 0.29791
0.164563 0.233976 0.0594162 0.372808 9.9991E-05 0.169137
0.279176 0.140522 9.9991E-05 0.16335 0.17721 0.239642
9.996E-05 0.9995 9.996E-05 9.996E-05 9.996E-05 9.996E-05
0.167658 0.144775 0.0016725 0.539827 0.0116411 0.134427
0.287783 0.0775887 9.9991E-05 0.0939838 0.200364 0.34018
0.232987 0.0854695 9.9982E-05 0.398517 9.9982E-05 0.282827
0.45489 0.111554 0.0394333 0.0816894 9.9991E-05 0.312334
0.382207 0.136701 9.9982E-05 0.0687896 9.9982E-05 0.412103
0.176114 0.111856 9.9982E-05 9.9982E-05 0.162073 0.549756
0.30815 0.187598 9.9991E-05 0.180127 0.222291 0.101734
0.152172 0.0857258 0.024111 0.295896 0.0699435 0.372152
0.0524632 0.0890289 0.858208 9.9973E-05 9.9973E-05 9.9973E-05
0.137286 0.110214 0.00789441 0.402397 9.9991E-05 0.342108
0.0506571 0.0208476 0.147489 0.07205 0.105621 0.603335
0.472432 0.134413 9.9982E-05 0.252218 0.140737 9.9982E-05
0.138871 0.136604 0.0300671 0.317534 0.216267 0.160658
0.00393306 0.250718 9.9991E-05 0.200835 0.0223378 0.522076
0.0110391 0.128002 9.9991E-05 0.166646 0.0453581 0.648855
0.28911 0.197655 9.9991E-05 0.147936 0.0803876 0.284811
0.26433 0.135011 9.9991E-05 0.219886 0.0146852 0.365988
0.278763 0.0621487 9.9991E-05 0.327914 0.0209273 0.310146
0.353654 0.245562 0.017312 0.162142 9.9991E-05 0.22123
0.0586033 0.0871944 0.0146051 0.131248 0.181405 0.526944
0.26475 0.0353504 0.0227115 0.393388 0.133548 0.150252
0.215992 9.9982E-05 9.9982E-05 0.363932 0.0477742 0.372101
0.351895 0.102449 9.9991E-05 0.214451 0.035875 0.295231
0.0190119 9.9991E-05 0.000904519 0.0595594 0.16605 0.754374
0.344639 0.188935 9.9991E-05 0.151972 0.189199 0.125156
0.219438 0.0852272 9.9991E-05 0.459703 0.129035 0.106496
0.265425 0.280738 9.9982E-05 0.0888989 9.9982E-05 0.364738
0.134884 0.235028 9.9991E-05 0.315838 0.0902197 0.223929
9.99782E-05 9.99782E-05 9.99782E-05 0.0849095 0.490685 0.424105
9.9973E-05 0.0760226 0.902541 9.9973E-05 0.0211363 9.9973E-05
0.173934 0.229939 9.9991E-05 0.309164 0.193346 0.0935182
0.185192 0.111322 9.9982E-05 0.169817 9.9982E-05 0.533469
0.236164 0.208365 9.9991E-05 0.147531 0.0733049 0.334534
0.289925 0.0460878 0.0050266 0.380108 0.0693271 0.209526
0.301007 0.208203 0.0211665 0.303457 9.9991E-05 0.166067
0.402815 0.0771691 9.9991E-05 0.120348 0.0141324 0.385435
0.23143 0.162609 0.0195863 0.51156 0.00339888 0.0714155
0.409429 0.185395 0.0523346 0.171668 9.9991E-05 0.181073
0.356306 0.148668 0.049347 0.204224 9.9991E-05 0.241354
0.207033 9.9982E-05 9.9982E-05 0.238458 0.220082 0.334227
0.00106858 0.180468 9.9991E-05 0.0785617 0.188316 0.551486
0.205578 0.232327 9.9982E-05 0.434707 9.9982E-05 0.127188
0.283387 0.125541 0.00333003 0.13159 9.9991E-05 0.456052
9.9982E-05 0.178946 9.9982E-05 0.0647613 0.0361634 0.71993
0.307641 0.145054 0.00904485 0.342266 0.195894 9.9991E-05
9.9973E-05 0.0744179 9.9973E-05 9.9973E-05 0.42185 0.503432
0.401616 0.228637 0.0200554 9.9991E-05 0.0857949 0.263797
0.208923 0.239523 9.9982E-05 0.286061 9.9982E-05 0.265293
0.0690167 0.111725 9.9991E-05 0.106575 0.243217 0.469366
0.38352 0.0305193 0.00117227 0.224289 0.121434 0.239065
0.308176 9.9982E-05 9.9982E-05 0.139953 0.326442 0.225229
9.9973E-05 0.0165296 9.9973E-05 0.890186 9.9973E-05 0.0929843
9.9964E-05 9.9964E-05 0.485307 0.514293 9.9964E-05 9.9964E-05
0.139889 0.218244 9.9982E-05 0.360851 9.9982E-05 0.280816
0.370074 0.0958368 0.0209575 0.216375 9.9991E-05 0.296657
0.254863 0.0573506 9.9991E-05 0.46557 0.148317 0.0737988
0.248576 0.17687 0.0174757 0.274233 0.0630376 0.219808
0.259742 0.253368 9.9982E-05 0.180485 9.9982E-05 0.306205
0.348587 0.264799 9.9991E-05 0.210668 0.0627922 0.113053
0.348535 0.109513 9.9991E-05 0.14984 0.0658161 0.326196
0.0426285 9.9973E-05 9.9973E-05 9.9973E-05 0.254393 0.702678
0.145853 0.204673 0.0305782 0.419849 0.16123 0.0378167
0.3141 0.153275 9.9982E-05 0.318235 9.9982E-05 0.21419
0.439543 0.193554 0.0368877 0.22141 0.021599 0.0870067
0.423742 0.182368 0.0430442 0.118949 0.0529931 0.178903
0.13171 0.363723 0.0132229 0.235746 9.9991E-05 0.255499
0.301078 9.9991E-05 0.0450754 0.181525 0.0278592 0.444362
0.158046 0.0689032 9.9982E-05 0.123174 9.9982E-05 0.649677
0.239085 0.206216 0.0182148 0.10429 0.273017 0.159177
0.227816 0.23297 9.9991E-05 0.136168 0.149316 0.25363
0.281136 9.9973E-05 9.9973E-05 0.340444 0.37812 9.9973E-05
9.9991E-05 0.0112558 0.0316791 0.13334 0.301215 0.52241
0.0802168 0.12606 0.0404366 0.274189 9.9991E-05 0.478998
0.341264 0.0107962 9.9982E-05 0.406593 0.241147 9.9982E-05
0.469625 0.157917 0.014233 0.123974 0.0819147 0.152336
0.212662 0.116266 0.0169167 0.224484 0.0718318 0.35784
0.179871 0.210912 9.9982E-05 0.541891 0.067125 9.9982E-05
0.256761 0.0942741 9.9991E-05 0.215308 0.262137 0.171419
9.9982E-05 0.0784362 9.9982E-05 0.0818802 0.240805 0.598679
0.102381 0.151607 0.0497108 9.9991E-05 0.21174 0.484461
0.335843 0.065839 0.0352316 0.174899 0.00992761 0.378259
0.33481 0.112532 9.9991E-05 0.265097 0.0830917 0.20437
0.176578 0.0722754 9.9982E-05 0.357018 9.9982E-05 0.393928
0.18891 0.215186 9.9991E-05 0.153411 0.152798 0.289596
0.258418 0.258378 0.000122698 0.296306 9.9991E-05 0.186675
0.405892 0.00308391 0.0147677 0.412537 0.0501691 0.11355
0.0912214 9.9991E-05 0.204346 0.0616328 0.510095 0.132605
0.261501 0.21065 0.0275462 0.081824 9.9991E-05 0.418379
0.24801 0.149149 9.9991E-05 0.137313 0.12231 0.343118
0.0477011 0.0633781 0.195507 0.161381 0.42211 0.109922
9.9991E-05 0.0846305 0.239506 0.0529793 0.141704 0.48108
0.240918 0.115502 0.0148397 0.400496 9.9991E-05 0.228144
0.0892659 0.180178 0.0518416 0.312306 0.135823 0.230585
0.380613 0.382885 9.9982E-05 0.129787 9.9982E-05 0.106515
9.9973E-05 0.163064 9.9973E-05 0.0946631 9.9973E-05 0.741973
0.335069 0.215619 9.9991E-05 0.0408327 0.045997 0.362382
0.249807 0.134742 0.00764449 0.303413 9.9991E-05 0.304293
9.9991E-05 0.111724 0.230312 0.0841 0.344343 0.229422
0.328314 0.229564 0.0292328 0.106785 0.0528987 0.253205
0.42883 0.0626995 0.0195924 0.205679 9.9991E-05 0.283099
0.266575 0.128561 0.0134324 0.340468 0.00863413 0.24233
0.113903 0.166469 9.9991E-05 0.402885 0.19079 0.125853
0.370911 0.112593 9.9982E-05 0.265607 9.9982E-05 0.250689
0.313488 0.238006 9.9991E-05 0.185997 0.102272 0.160137
0.318149 0.181866 0.0272311 0.25517 9.9991E-05 0.217484
0.190768 0.226248 9.9982E-05 0.274565 9.9982E-05 0.308219
0.533974 0.225231 0.0105587 9.9982E-05 9.9982E-05 0.230036
0.340831 0.070578 9.9991E-05 0.130535 0.28493 0.173027
0.0243841 0.190385 0.562841 9.9982E-05 0.22219 9.9982E-05
0.272463 0.0533769 9.9982E-05 0.538291 0.135669 9.9982E-05
0.428597 9.9973E-05 9.9973E-05 0.27782 9.9973E-05 0.293283
0.00452285 0.00411489 9.9991E-05 0.327156 0.313097 0.351009
0.179155 0.289308 0.00228212 0.529055 9.9982E-05 9.9982E-05
0.296354 0.120444 9.9991E-05 0.19116 0.113103 0.278838
0.161579 0.3959 9.9982E-05 0.234601 0.20772 9.9982E-05
0.333309 9.9982E-05 0.0546804 9.9982E-05 0.349351 0.262459
0.340641 0.0818827 9.9991E-05 0.312216 0.0110467 0.254114
0.429349 0.224224 0.0316261 0.081536 9.9991E-05 0.233165
0.261942 0.148558 9.9991E-05 0.219716 0.191713 0.177971
0.251815 0.0854839 9.9991E-05 0.346835 0.132945 0.182821
0.221656 0.102595 0.0223733 0.264393 0.00775892 0.381224
0.0725884 9.9964E-05 0.927012 9.9964E-05 9.9964E-05 9.9964E-05
0.181048 0.273484 9.9991E-05 0.344827 0.111814 0.0887282
0.105332 0.118687 9.9982E-05 0.29115 9.9982E-05 0.48463
0.22543 0.0628026 9.9991E-05 0.2896 0.186543 0.235525
0.35666 0.0523429 9.9991E-05 0.305439 0.102708 0.18275
0.393908 0.0588033 0.0390871 0.329407 0.0470188 0.131776
0.367879 9.9982E-05 9.9982E-05 0.253315 0.0274136 0.351192
0.00991441 0.115215 0.493668 9.9982E-05 0.381002 9.9982E-05
0.224579 0.192844 9.9982E-05 0.269356 9.9982E-05 0.313021
0.201742 0.146645 0.023129 0.333267 0.0867753 0.208442
0.142394 0.204737 9.9982E-05 0.290164 9.9982E-05 0.362506
0.257426 0.061333 9.9991E-05 0.269376 0.0920572 0.319708
0.240058 0.203204 0.0492945 0.303512 0.124616 0.0793167
0.325055 0.204266 0.00394387 0.279595 9.9991E-05 0.18704
0.261416 0.261634 9.9991E-05 0.135708 0.0482834 0.292859
0.182874 0.101137 0.000565437 0.278666 9.9991E-05 0.436657
0.200772 0.0873639 9.9991E-05 0.258018 0.234479 0.219267
0.409888 0.0655129 9.9982E-05 0.0676806 9.9982E-05 0.456719
0.210529 0.136613 9.9991E-05 0.488195 0.116826 0.0477376
0.156814 0.0701846 9.9991E-05 0.350581 0.00446843 0.417851
0.228051 0.142196 9.9991E-05 0.147351 0.0533456 0.428956
0.376007 0.109221 0.0574669 0.186033 0.0303395 0.240933
0.261441 0.0981134 9.9991E-05 0.14094 0.0830055 0.4164
0.23918 0.17076 0.0151472 0.070278 9.9991E-05 0.504534
0.253809 0.0367955 9.9991E-05 0.259398 0.147777 0.30212
0.341677 0.0874961 0.0611837 0.328503 9.9991E-05 0.18104
0.236989 0.306593 0.0385012 0.139941 9.9991E-05 0.277876
0.328683 0.319126 0.0042123 9.9991E-05 0.133486 0.214393
0.177363 0.148626 9.9991E-05 0.126869 0.152204 0.394839
0.102482 0.255896 9.9982E-05 0.517159 9.9982E-05 0.124262
0.244214 0.152359 9.9991E-05 0.173695 0.0374061 0.392226
0.192078 0.0176684 9.9982E-05 0.364199 9.9982E-05 0.425855
0.0104588 9.9973E-05 0.925598 9.9973E-05 0.0636436 9.9973E-05
9.9991E-05 0.0816731 0.31095 0.0387379 0.292036 0.276503
0.191969 0.00695876 0.167312 9.9991E-05 0.359747 0.273913
9.9982E-05 0.0565345 0.497782 0.0237028 0.421781 9.9982E-05
0.117793 0.0480057 0.00441971 0.0936285 0.272649 0.463504
0.0428933 0.0621326 9.9991E-05 0.178985 0.154494 0.561395
0.0139872 0.0487121 0.0321023 9.9991E-05 0.634322 0.270776
0.437884 0.0840731 9.9991E-05 0.150452 0.249443 0.0780478
0.202346 0.158177 0.0365225 0.147664 9.9991E-05 0.455191
0.28935 0.319671 9.9982E-05 0.324815 9.9982E-05 0.0659628
0.241911 0.125188 9.9982E-05 9.9982E-05 0.190854 0.441846
0.238894 0.145209 0.0793058 0.189182 9.9991E-05 0.347309
0.126979 0.178049 0.0417066 0.337963 0.00207317 0.31323
0.216826 0.222604 0.00253872 0.228792 0.172872 0.156367
0.355141 0.0195155 9.9982E-05 0.169323 9.9982E-05 0.455821
0.219157 0.188068 9.9991E-05 0.144499 0.0828262 0.365351
0.30417 0.271866 0.00524371 0.129866 0.092505 0.19635
0.265982 0.0344253 0.00496649 0.403216 0.081296 0.210115
0.193391 0.0310892 9.9982E-05 9.9982E-05 0.442081 0.333238
0.208839 0.214314 0.0854364 0.390214 0.0869644 0.0142311
0.252876 0.366667 9.9991E-05 0.204652 0.0172464 0.158459
0.242329 0.188168 0.0154832 0.190856 0.248477 0.114687
0.184984 9.9973E-05 0.785968 9.9973E-05 9.9973E-05 0.028748
0.051337 0.0111414 0.191128 9.9991E-05 0.256351 0.489942
0.178197 0.104619 9.9991E-05 0.337824 0.0111031 0.368156
0.333278 0.234014 9.9991E-05 0.0768757 0.111239 0.244492
0.145002 0.0556847 0.210152 9.9991E-05 0.220267 0.368794
0.1938 0.137484 9.9982E-05 0.380379 9.9982E-05 0.288137
0.470688 0.0675936 0.0256265 0.190352 0.00325252 0.242487
9.9982E-05 0.0367389 9.9982E-05 0.0502747 0.380115 0.532671
0.440864 0.111126 9.9982E-05 0.117143 9.9982E-05 0.330668
0.286293 0.118156 0.026161 0.417043 9.9991E-05 0.152247
9.996E-05 9.996E-05 9.996E-05 0.9995 9.996E-05 9.996E-05
9.996E-05 9.996E-05 9.996E-05 0.9995 9.996E-05 9.996E-05
0.0786814 0.141224 0.0596988 0.394287 9.9991E-05 0.326009
0.263612 0.287704 9.9991E-05 0.209694 0.113649 0.125241
0.0584641 9.9991E-05 0.302143 0.214934 0.397802 0.0265576
0.275935 0.24251 9.9982E-05 0.0905763 9.9982E-05 0.39078
0.352556 0.0514088 9.9991E-05 0.102245 0.0385766 0.455114
0.338898 0.168308 9.9982E-05 0.400421 0.0921735 9.9982E-05
0.10023 9.9991E-05 0.0837644 0.133535 0.501683 0.180688
0.0731226 0.180425 9.9991E-05 0.149888 0.235769 0.360695
0.195189 0.0663189 9.9982E-05 9.9982E-05 0.29473 0.443562
0.3298 0.272312 9.9991E-05 0.0962077 0.0247995 0.276781
0.0837913 0.137778 9.9991E-05 0.0160003 0.342648 0.419682
0.321231 0.0980123 9.9982E-05 0.253757 9.9982E-05 0.3268
0.187478 0.0257248 9.9991E-05 0.264642 0.0296786 0.492376
0.270342 0.0344988 9.9991E-05 0.452592 0.0756142 0.166853
0.37931 0.105685 0.0627796 0.0487866 9.9991E-05 0.403339
0.0368599 0.0182062 0.285532 0.180478 0.14393 0.334993
0.187659 0.27384 9.9991E-05 0.229586 0.0717371 0.237079
0.0312524 0.00517745 0.838853 0.00105817 0.123559 9.9991E-05
0.420983 0.137975 0.00425233 0.0242208 0.230077 0.182492
0.353549 0.203346 9.9991E-05 0.0826312 0.0494175 0.310956
9.996E-05 9.996E-05 0.9995 9.996E-05 9.996E-05 9.996E-05
0.166262 9.9964E-05 0.833338 9.9964E-05 9.9964E-05 9.9964E-05
0.175883 0.0646293 9.9991E-05 0.22655 0.211628 0.32121
0.217884 9.9991E-05 0.0110317 0.180413 0.128835 0.461737
0.272365 0.180123 0.0245371 0.282238 9.9991E-05 0.240637
0.255368 0.196277 0.0376743 0.282889 9.9991E-05 0.227692
0.165024 0.260979 9.9982E-05 0.179578 9.9982E-05 0.394219
0.430415 0.113026 9.9982E-05 0.264967 9.9982E-05 0.191392
0.174244 0.224272 9.9991E-05 0.2026 0.327496 0.0712875
0.0955271 0.0506676 0.332217 0.0475442 0.121305 0.352739
0.266008 0.327193 9.9991E-05 0.106382 0.169099 0.131218
0.312103 0.146102 0.0537676 0.404754 0.0442015 0.0390714
0.264815 0.130156 9.9991E-05 0.0615694 0.177427 0.365932
0.199916 0.131366 9.9991E-05 0.221023 0.106662 0.340933
0.126518 9.9991E-05 0.0706211 0.273659 0.161654 0.367447
0.285959 0.222943 0.0203938 0.24221 9.9991E-05 0.228394
0.10853 0.0794498 0.0338163 0.363592 9.9991E-05 0.414512
0.169047 0.235878 0.0491685 0.207747 0.0235156 0.314644
0.254388 9.9991E-05 0.043426 0.311325 0.0497676 0.340993
0.0748069 9.9991E-05 0.179485 0.0459492 0.40285 0.29681
0.269364 0.0730946 0.0290024 0.158561 9.9991E-05 0.469878
9.996E-05 0.9995 9.996E-05 9.996E-05 9.996E-05 9.996E-05
9.996E-05 0.9995 9.996E-05 9.996E-05 9.996E-05 9.996E-05
0.347856 0.129655 9.9991E-05 0.0368 0.0444632 0.441126
0.228426 0.146908 9.9991E-05 0.166589 0.00796571 0.45001
0.211492 0.326765 9.9982E-05 0.178349 9.9982E-05 0.283194
0.24408 0.183121 9.9982E-05 0.312996 0.259602 9.9982E-05
0.39271 0.124195 9.9982E-05 0.294008 9.9982E-05 0.188887
0.149243 0.180745 9.9991E-05 0.265747 0.0749562 0.329208
0.247772 0.0661716 9.9991E-05 0.348486 0.211185 0.126285
0.0933768 9.9991E-05 0.0250998 0.170851 0.279782 0.43079
0.325418 0.0657693 0.0357416 0.0694841 0.105558 0.398029
0.227739 0.109764 0.0266667 0.339249 0.0048291 0.291752
0.0154209 0.0787807 9.9991E-05 0.0712153 0.402297 0.432186
0.246036 0.170082 9.9991E-05 0.28997 0.0333211 0.260491
0.260695 0.212777 0.0392566 0.161065 9.9991E-05 0.326107
0.20018 0.155893 9.9982E-05 0.271568 9.9982E-05 0.372159
0.290104 0.199995 9.9991E-05 0.147477 0.176043 0.186281
0.195846 0.208236 9.9991E-05 0.246291 0.229341 0.120186
0.139999 9.9982E-05 9.9982E-05 0.0313075 0.0849801 0.743514
0.23361 0.10233 9.9991E-05 0.412556 0.186796 0.0646073
0.0981142 0.0844603 0.0242357 0.065272 0.372548 0.35537
