0.466559 0.273746 0.194821 0.0302671 9.9991E-05 0.0345081
0.395127 0.246642 0.158773 9.9982E-05 9.9982E-05 0.199258
0.526882 0.131621 0.0398771 9.9991E-05 0.10737 0.19415
0.518499 0.0646059 0.113067 9.9991E-05 0.163767 0.139961
0.642927 9.9982E-05 0.058767 9.9982E-05 0.0532793 0.244827
9.9973E-05 0.09518 9.9973E-05 0.0536954 0.850825 9.9973E-05
0.668612 0.104575 0.0691619 0.125032 0.0325181 9.9991E-05
9.9973E-05 9.9973E-05 0.0498141 9.9973E-05 0.916654 0.0332325
0.611473 0.101936 9.9991E-05 0.0438895 0.0143361 0.228266
0.479957 0.172295 0.24077 9.9991E-05 0.0126697 0.0942083
0.587587 0.283447 9.9982E-05 0.00980577 9.9982E-05 0.11896
0.353307 0.166371 0.0930303 9.9991E-05 0.16176 0.225432
0.381184 9.9973E-05 0.179975 9.9973E-05 9.9973E-05 0.438541
0.650808 0.200215 9.9982E-05 0.0722533 0.0765233 9.9982E-05
9.9982E-05 0.0929009 0.148024 9.9982E-05 0.657562 0.101313
0.362857 0.243557 9.9991E-05 0.0230841 0.0724589 0.297943
0.484924 0.331437 9.9982E-05 9.9982E-05 0.134902 0.0485372
0.697153 9.9982E-05 0.105091 0.0738765 9.9982E-05 0.12368
0.454549 0.0643706 0.0919439 9.9991E-05 0.0273776 0.361659
0.715971 0.20413 0.0795993 9.9973E-05 9.9973E-05 9.9973E-05
0.610465 9.9973E-05 0.126237 9.9973E-05 9.9973E-05 0.262998
0.368565 0.0862275 0.222024 9.9991E-05 0.0924387 0.230645
0.522584 0.310863 9.9973E-05 9.9973E-05 9.9973E-05 0.166252
9.9982E-05 0.318549 0.0341549 9.9982E-05 0.629233 0.0178632
0.51144 0.184051 0.0629289 0.0812534 9.9991E-05 0.160226
0.0721353 9.9982E-05 0.20615 9.9982E-05 0.632051 0.0894634
0.191888 0.084235 9.9991E-05 0.0112183 0.425769 0.28679
0.547542 9.9982E-05 0.0383457 9.9982E-05 0.356151 0.0577617
9.9973E-05 0.202617 9.9973E-05 9.9973E-05 0.652634 0.144449
0.715821 0.173345 9.9973E-05 9.9973E-05 0.110534 9.9973E-05
0.161454 0.187521 0.0440973 9.9991E-05 0.495052 0.111775
0.551745 0.119414 0.161152 9.9991E-05 0.00522114 0.162368
0.161645 0.233019 9.9982E-05 9.9982E-05 0.161464 0.443673
0.0997631 9.9973E-05 9.9973E-05 0.0411283 0.858809 9.9973E-05
9.9982E-05 9.9982E-05 0.0686179 0.0717084 0.84637 0.0131033
0.654046 9.9982E-05 9.9982E-05 0.0178524 0.131675 0.196227
0.536054 0.0936194 0.176929 9.9991E-05 0.134118 0.0591794
0.490398 0.111567 0.0489651 0.0479536 9.9991E-05 0.301016
9.9973E-05 0.089569 0.162499 9.9973E-05 0.747632 9.9973E-05
0.107073 0.217133 0.093768 0.0354358 0.38467 0.161921
0.189047 0.0606182 0.0438487 0.0598056 0.253983 0.392698
0.463159 0.193988 9.9982E-05 9.9982E-05 0.0631336 0.279519
0.565067 0.0441279 9.9982E-05 9.9982E-05 0.172045 0.21856
0.101448 0.0055162 0.188286 0.00871561 0.674894 0.0211392
0.447235 0.19124 0.146418 0.0900245 9.9991E-05 0.124982
0.17502 0.232702 0.207419 9.9982E-05 9.9982E-05 0.384659
0.53014 0.21561 0.146268 0.0284017 0.0465347 0.0330455
0.352583 0.148617 9.9991E-05 0.0270465 0.0675908 0.404063
0.429854 0.305782 0.0182589 9.9982E-05 9.9982E-05 0.245905
0.0473612 0.105311 0.0325002 9.9991E-05 0.524911 0.289817
0.645347 0.214492 0.0232878 0.0990636 0.00138481 0.016425
0.204372 0.255505 0.089701 0.0595494 0.390773 9.9991E-05
0.21807 0.136947 0.364223 9.9991E-05 0.0423565 0.238304
0.0259168 9.9982E-05 0.0121947 0.000905751 0.960783 9.9982E-05
0.18665 0.0856941 9.9982E-05 9.9982E-05 0.421241 0.306215
0.634173 0.0347034 0.199887 9.9982E-05 9.9982E-05 0.131037
0.570034 0.348917 0.0296074 0.0512413 9.9982E-05 9.9982E-05
0.539577 0.14829 9.9991E-05 0.0126273 0.124138 0.175268
0.163181 0.23084 9.9982E-05 9.9982E-05 0.297583 0.308195
0.488296 9.9982E-05 0.072092 9.9982E-05 0.388991 0.0504209
9.9964E-05 9.9964E-05 9.9964E-05 0.0762265 0.923374 9.9964E-05
9.9973E-05 0.0116763 0.0511348 9.9973E-05 0.936889 9.9973E-05
0.456652 0.0353279 0.00371039 0.0745479 0.0970477 0.332714
9.9964E-05 0.16264 9.9964E-05 9.9964E-05 0.836961 9.9964E-05
0.426806 0.110134 0.107194 9.9991E-05 0.0292506 0.326515
9.9964E-05 9.9964E-05 0.18315 9.9964E-05 0.81645 9.9964E-05
0.623866 0.0622476 0.166119 9.9982E-05 9.9982E-05 0.147567
0.256671 0.240003 0.116613 9.9991E-05 0.134427 0.252186
0.328888 0.291122 0.0251719 9.9982E-05 9.9982E-05 0.354618
9.9991E-05 0.0662996 0.0144925 0.0323381 0.792762 0.0940076
0.422781 0.363756 0.149894 0.0430147 9.9991E-05 0.0204537
0.367602 0.129538 0.0539198 9.9991E-05 0.0522264 0.396613
0.198352 0.150706 0.0913032 0.0423106 0.287599 0.22973
0.338032 0.194599 0.216701 9.9982E-05 9.9982E-05 0.250468
0.353382 0.111633 0.161198 9.9991E-05 0.0540241 0.319664
0.290954 0.11844 0.138816 9.9991E-05 0.390698 0.0609913
0.595831 0.087993 0.185148 9.9991E-05 0.0211613 0.109766
0.397229 0.382025 9.9991E-05 0.024834 0.154267 0.041545
0.202759 0.358259 9.9982E-05 9.9982E-05 0.0964572 0.342325
0.378321 0.18996 0.0109867 0.013093 9.9991E-05 0.407539
0.252145 0.197385 0.317142 9.9982E-05 9.9982E-05 0.233128
0.455196 0.166977 0.00649844 0.0647171 0.0135892 0.293023
0.332608 0.1982 0.138057 9.9991E-05 0.0310778 0.299957
0.66959 0.112866 0.211533 9.9982E-05 0.00581082 9.9982E-05
0.640997 0.100997 0.137467 9.9982E-05 9.9982E-05 0.120338
0.176047 0.331921 0.119262 9.9991E-05 0.126383 0.246287
0.43354 0.040817 0.0347169 9.9991E-05 0.362138 0.128688
0.334689 0.239413 0.0541504 0.0051173 0.249857 0.116774
0.0420056 0.0149633 9.9982E-05 9.9982E-05 0.890115 0.0527159
0.271208 0.170709 0.152814 9.9991E-05 0.254612 0.150556
0.105308 0.494611 0.0206206 0.0448603 0.000845053 0.333755
0.175761 0.130837 0.0132784 9.9991E-05 0.495344 0.184679
0.605704 0.083917 0.0697569 9.9991E-05 0.00240575 0.238116
0.459765 0.129126 0.0695221 9.9991E-05 0.269551 0.0719359
0.124239 0.25639 9.9982E-05 9.9982E-05 0.501122 0.118049
9.9973E-05 0.174122 0.00802265 9.9973E-05 0.817555 9.9973E-05
0.398219 0.0305324 0.210104 9.9991E-05 0.166856 0.194188
0.27288 0.210127 0.140156 9.9991E-05 0.106003 0.270734
0.289621 0.311845 0.269428 9.9991E-05 0.0264684 0.102538
0.692197 9.9982E-05 0.0518347 9.9982E-05 0.24195 0.0138182
9.9982E-05 0.159132 0.00266516 9.9982E-05 0.446763 0.391239
0.570741 0.151173 0.138617 9.9991E-05 0.0670681 0.0723004
0.590475 0.178375 0.132003 0.0605736 0.00646496 0.0321089
0.521626 0.221829 0.162055 9.9982E-05 9.9982E-05 0.09429
0.449292 0.274262 0.0910408 0.0359607 9.9991E-05 0.149345
9.9973E-05 0.208421 0.0559837 9.9973E-05 0.735295 9.9973E-05
0.0923311 0.242759 0.0822636 0.0966679 0.485879 9.9991E-05
0.619405 0.277009 0.0880832 9.9982E-05 0.0153036 9.9982E-05
0.436901 0.372753 0.0845993 9.9991E-05 0.0265092 0.0791381
0.773036 0.120501 0.0189995 9.9982E-05 9.9982E-05 0.0872641
0.0740337 0.0770149 0.078705 9.9991E-05 0.456776 0.31337
9.9964E-05 0.0779786 9.9964E-05 9.9964E-05 0.921622 9.9964E-05
0.171941 0.128639 9.9982E-05 9.9982E-05 0.471481 0.227739
0.776874 0.0218106 9.9982E-05 0.0460335 9.9982E-05 0.155082
0.455352 0.134595 0.173118 9.9991E-05 0.129792 0.107043
0.574819 0.102169 0.311682 9.9991E-05 0.00869311 0.00253666
0.610501 0.254949 0.0299004 9.9982E-05 9.9982E-05 0.104449
9.9964E-05 9.9964E-05 9.9964E-05 0.0504462 0.949154 9.9964E-05
0.683548 0.0190196 0.120153 0.0415508 9.9991E-05 0.135629
0.500411 0.396903 9.9982E-05 0.0939761 9.9982E-05 0.00851014
0.657531 0.0310122 0.0877956 9.9991E-05 0.0743846 0.149177
0.129561 0.0971292 9.9982E-05 9.9982E-05 0.606517 0.166593
0.748739 0.0866946 9.9982E-05 9.9982E-05 0.00634589 0.158021
0.583293 0.1671 0.0821218 0.0911825 0.0529899 0.0233133
0.703553 0.0318721 0.191975 9.99865E-05 9.99865E-05 0.0724002
0.373633 0.139726 0.142018 9.9991E-05 0.0235885 0.320933
0.217074 0.0394101 0.0686391 0.0264246 0.648352 9.9991E-05
9.9973E-05 0.0441143 9.9973E-05 0.0281184 0.927467 9.9973E-05
0.381204 0.219872 9.9982E-05 0.0489911 9.9982E-05 0.349733
0.387557 0.117261 0.0938901 0.0374773 9.9991E-05 0.363715
0.447581 0.13504 0.149808 9.9991E-05 0.0250511 0.242419
0.24254 0.0856131 0.128788 0.00152143 9.9991E-05 0.541437
0.322587 0.0632257 0.0007553 9.9991E-05 0.412222 0.20111
0.396958 0.137904 0.0276653 0.185579 0.0615025 0.190392
0.524103 0.0134607 0.119018 9.9991E-05 0.262744 0.0805743
9.996E-05 0.9995 9.996E-05 9.996E-05 9.996E-05 9.996E-05
0.133863 0.16204 0.020055 0.0961929 0.577727 0.010122
0.467482 0.128146 0.000822721 9.9991E-05 0.267443 0.136006
9.996E-05 0.9995 9.996E-05 9.996E-05 9.996E-05 9.996E-05
0.0723156 0.237103 0.0156104 0.00626767 0.602062 0.0666412
0.630272 0.0973886 9.9982E-05 9.9982E-05 0.164693 0.107446
0.207197 9.9982E-05 0.0295192 9.9982E-05 0.352913 0.41017
0.311241 9.9982E-05 0.0367753 9.9982E-05 0.294793 0.356991
0.269917 0.290472 0.0491036 0.0417334 0.210377 0.138397
9.9964E-05 9.9964E-05 9.9964E-05 9.9964E-05 0.748947 0.250654
0.306921 9.99855E-05 0.269581 9.99855E-05 0.298971 0.124327
0.460971 0.103393 9.9991E-05 0.0192102 0.247413 0.168913
0.336585 0.0831013 0.10454 9.9982E-05 9.9982E-05 0.475574
0.550575 0.132205 0.316921 9.9973E-05 9.9973E-05 9.9973E-05
0.308313 0.246585 0.174319 0.129149 9.9991E-05 0.141534
0.619731 9.9982E-05 0.120555 9.9982E-05 0.0464433 0.213071
0.408229 0.0803085 0.0971617 0.0855532 0.328647 9.9991E-05
0.126541 9.9973E-05 9.9973E-05 9.9973E-05 0.81496 0.058199
0.140566 0.125709 0.0777586 0.0731217 0.424145 0.158699
0.233334 0.275821 0.106733 0.0197546 9.9991E-05 0.364257
0.286232 0.204525 0.159719 0.000144837 9.9991E-05 0.349279
9.9982E-05 0.0376208 0.000234867 9.9982E-05 0.878819 0.0831257
0.411771 0.150212 0.120115 0.0207639 9.9991E-05 0.297037
0.329273 0.268612 0.103537 0.0937484 9.9991E-05 0.204729
0.450638 0.161672 0.0509584 9.9991E-05 0.220471 0.116161
0.506722 0.250555 9.9982E-05 0.0862843 9.9982E-05 0.156239
0.250824 0.118387 9.9991E-05 0.0624567 0.177936 0.390296
0.299766 0.311404 0.0982534 9.9991E-05 0.012293 0.278184
0.3403 0.202971 0.25924 9.9991E-05 0.0365407 0.160849
0.599282 0.0817203 0.137481 9.9982E-05 9.9982E-05 0.181317
0.58355 0.285119 0.00659618 0.078333 9.9991E-05 0.0463015
0.216129 0.182231 0.168172 9.9991E-05 0.161253 0.272115
0.230231 0.236157 9.9982E-05 0.000336188 0.533076 9.9982E-05
0.195411 0.219173 9.9982E-05 9.9982E-05 0.240419 0.344798
0.170584 0.397669 0.0570215 0.0802137 0.011173 0.283339
0.215225 0.295063 0.0700841 0.0477852 0.121632 0.25021
0.439997 0.196187 9.9982E-05 9.9982E-05 0.0776874 0.285928
9.9964E-05 0.0600462 9.9964E-05 9.9964E-05 0.939554 9.9964E-05
0.269693 0.287806 9.9973E-05 9.9973E-05 9.9973E-05 0.442201
0.142889 0.49662 9.9982E-05 9.9982E-05 0.346254 0.0140377
0.144073 0.415346 0.0243142 0.0665207 9.9991E-05 0.349646
0.469806 0.0431064 0.0426436 0.0302011 0.286757 0.127486
0.150375 0.131711 0.00845818 0.036435 0.633138 0.0398823
0.19663 0.150494 9.9982E-05 9.9982E-05 0.519158 0.133519
0.309573 0.0773073 9.9982E-05 9.9982E-05 0.574307 0.0386124
0.66416 0.0511587 0.00312221 9.9991E-05 0.0340356 0.247424
9.9982E-05 9.9982E-05 0.0236526 0.00236623 0.868727 0.105054
0.382931 0.0464475 0.00719389 0.0551305 0.496603 0.011694
0.468429 0.0603026 0.122276 0.0226852 0.0058115 0.320496
9.996E-05 9.996E-05 9.996E-05 9.996E-05 0.9995 9.996E-05
9.9973E-05 0.149429 9.9973E-05 9.9973E-05 0.450941 0.39933
0.222085 0.328013 0.101918 9.9991E-05 0.0702008 0.277683
0.139579 0.139848 9.9982E-05 9.9982E-05 0.393504 0.326869
0.631898 0.106388 9.9982E-05 9.9982E-05 0.175671 0.085843
0.667024 9.9973E-05 9.9973E-05 0.0862253 9.9973E-05 0.246451
0.31655 0.000316856 0.168696 0.0962063 0.418131 9.9991E-05
0.667012 0.0402715 9.9973E-05 9.9973E-05 9.9973E-05 0.292416
0.655217 0.13999 0.00674137 9.9982E-05 9.9982E-05 0.197852
0.434317 0.143158 0.0309398 0.0737779 0.0337388 0.284068
0.157049 0.224944 0.0829714 0.0625972 0.28504 0.187399
0.623483 0.0957134 9.9982E-05 0.0533374 0.227266 9.9982E-05
0.433292 0.0963706 0.153619 0.203145 9.9991E-05 0.113474
0.554912 0.130634 0.102235 9.9991E-05 0.147221 0.0648976
0.13792 0.226177 0.00887686 0.0879309 9.9991E-05 0.538995
0.414534 0.157634 0.0147628 0.0366028 9.9991E-05 0.376366
0.295743 0.246387 0.0434856 0.00562726 0.288941 0.119815
0.640343 0.131789 0.122883 9.9982E-05 9.9982E-05 0.104785
0.371101 0.170636 0.0122142 9.9991E-05 0.0175518 0.428397
0.329592 0.168307 0.175466 0.187433 9.9991E-05 0.139102
0.132196 0.123323 0.164939 0.236494 9.9991E-05 0.342948
0.11935 0.290778 0.277568 9.9991E-05 0.265506 0.0466976
0.759615 9.9982E-05 0.126051 0.11399 9.9982E-05 0.000143345
0.386005 0.14225 9.9982E-05 9.9982E-05 0.180178 0.291366
0.408839 0.0966438 0.207183 9.9991E-05 0.0295375 0.257697
0.720747 0.0718304 0.133162 0.059952 9.9991E-05 0.0142085
0.333757 0.11485 0.198293 9.9982E-05 9.9982E-05 0.3529
0.256491 9.9982E-05 0.127826 9.9982E-05 0.409853 0.20563
0.354233 9.9982E-05 0.0518399 9.9982E-05 0.462215 0.131512
0.809337 0.0497213 0.140642 9.9973E-05 9.9973E-05 9.9973E-05
0.633267 0.111091 0.0964135 0.142591 0.0165379 9.9991E-05
0.426849 0.0641744 0.0731471 9.9982E-05 9.9982E-05 0.43563
0.252862 0.222814 9.9973E-05 9.9973E-05 9.9973E-05 0.524023
0.169679 0.421171 9.9982E-05 9.9982E-05 0.348309 0.0606418
0.348353 0.1328 0.12647 9.9991E-05 0.180198 0.21208
0.374658 0.0989184 0.136951 0.152811 0.00727317 0.229389
0.0460665 0.287476 0.0611161 9.9991E-05 0.539009 0.0662323
0.580292 0.0320125 9.9991E-05 0.00577266 0.15792 0.223902
0.236458 0.290269 0.0147733 0.112192 0.102096 0.244211
0.0484561 0.148911 9.9982E-05 0.026842 0.775591 9.9982E-05
0.215789 0.219285 0.0840107 9.9982E-05 9.9982E-05 0.480715
0.346146 0.172037 0.111251 9.9982E-05 9.9982E-05 0.370366
0.684839 0.111673 0.0907018 9.9991E-05 0.0284366 0.0842495
0.552608 0.0405462 0.145389 9.9982E-05 9.9982E-05 0.261256
0.318024 0.240606 9.9982E-05 0.146385 9.9982E-05 0.294785
0.415732 0.26039 0.0910529 9.9982E-05 9.9982E-05 0.232625
0.751873 0.000975341 9.9973E-05 9.9973E-05 9.9973E-05 0.246851
0.583399 0.191134 0.0814879 9.9982E-05 9.9982E-05 0.143779
0.316859 0.110924 9.9982E-05 9.9982E-05 0.178485 0.393532
0.555695 0.12474 0.15885 9.9982E-05 9.9982E-05 0.160516
0.560762 0.23799 0.194938 9.9982E-05 9.9982E-05 0.00610928
0.00854151 0.4436 9.9982E-05 9.9982E-05 0.162842 0.384817
0.506647 0.141334 0.162813 9.9991E-05 0.0188692 0.170237
0.547159 0.258348 0.00801067 9.9982E-05 9.9982E-05 0.186283
0.379634 0.118404 9.9982E-05 9.9982E-05 0.337643 0.164119
0.258635 0.247264 9.9982E-05 9.9982E-05 0.317864 0.176037
0.635051 9.9973E-05 9.9973E-05 9.9973E-05 0.00687176 0.357777
0.18826 0.0529016 0.0552273 9.9991E-05 0.599617 0.103894
0.38346 0.257253 0.0928623 9.9982E-05 9.9982E-05 0.266224
0.537063 0.114037 9.9973E-05 9.9973E-05 0.3486 9.9973E-05
0.626737 9.9991E-05 0.0660597 0.0904477 0.0305317 0.186124
9.9982E-05 0.418686 0.0455329 9.9982E-05 0.160521 0.375059
0.222485 0.165353 9.9991E-05 0.110964 0.351741 0.149358
0.0905761 0.212735 0.163227 9.9982E-05 0.533262 9.9982E-05
0.555196 0.000280951 0.0332299 9.9991E-05 0.0498777 0.361315
0.287889 0.238587 9.9973E-05 9.9973E-05 9.9973E-05 0.473224
0.461178 0.105268 0.00233542 9.9991E-05 0.34554 0.0855791
0.448934 0.113822 0.254968 9.9982E-05 9.9982E-05 0.182076
0.630694 0.0396123 0.159814 0.00390367 0.0553657 0.110611
0.0560218 9.9973E-05 9.9973E-05 9.9973E-05 0.893067 0.0506109
0.502915 0.116754 0.319227 9.9991E-05 0.0192539 0.0417502
0.678932 9.9982E-05 0.0395177 0.0177328 9.9982E-05 0.263617
0.725578 0.0788339 0.145665 9.9991E-05 0.0436401 0.00618324
0.4742 0.188912 0.0925543 9.9991E-05 0.0361311 0.208102
0.506643 0.133465 0.0838935 9.9991E-05 0.0581255 0.217773
0.502865 0.209646 0.0887744 9.9982E-05 9.9982E-05 0.198515
0.742015 0.111247 9.9982E-05 0.0292042 9.9982E-05 0.117334
0.546753 0.131914 0.0578915 9.9991E-05 0.102961 0.16038
0.101075 0.0483522 0.168217 9.9991E-05 0.535942 0.146313
0.751837 0.128777 9.9973E-05 9.9973E-05 9.9973E-05 0.119086
0.689713 0.098911 0.10643 9.9982E-05 9.9982E-05 0.104746
0.208673 0.186847 0.0566804 0.0273122 0.140797 0.379691
0.259892 0.27599 0.0387989 9.9982E-05 0.425119 9.9982E-05
0.566132 0.194999 0.182093 0.0430943 9.9991E-05 0.0135822
0.609557 0.0600598 9.9982E-05 9.9982E-05 0.315184 0.0149988
0.507606 9.9973E-05 0.128429 9.9973E-05 9.9973E-05 0.363665
0.449397 0.046413 0.0222156 9.9991E-05 0.378498 0.103377
0.347696 0.310628 0.0608001 0.128731 0.11013 0.0420145
0.123191 0.211925 0.16687 9.9982E-05 0.497814 9.9982E-05
0.447436 0.162415 0.117778 9.9982E-05 0.27217 9.9982E-05
0.356909 0.287424 0.0461609 0.113307 0.0118238 0.184375
0.459041 0.0632414 0.110028 9.9991E-05 0.217948 0.149643
0.389041 0.219637 0.0988198 9.9982E-05 9.9982E-05 0.292302
0.53886 0.342817 9.9982E-05 9.9982E-05 0.0155867 0.102536
0.467646 0.337421 0.0270376 0.067727 0.0136437 0.0865252
0.294081 0.312687 0.0776146 0.0133129 0.302205 9.9991E-05
0.312845 0.281503 0.0062988 9.9991E-05 0.0370458 0.362207
0.558064 0.0484157 0.21133 0.0697312 9.9991E-05 0.11236
0.586039 0.17397 0.0686359 9.9982E-05 9.9982E-05 0.171155
0.185313 9.9982E-05 0.108851 0.0641978 0.641438 9.9982E-05
9.9964E-05 9.9964E-05 9.9964E-05 9.9964E-05 0.946854 0.052746
0.604282 0.0738114 0.101157 0.0541 0.124977 0.0416727
0.211547 9.9982E-05 0.190082 9.9982E-05 0.0901929 0.507978
0.184773 0.146919 0.0783514 0.0165984 0.0984845 0.474874
0.234241 0.109686 0.1411 9.9991E-05 0.240034 0.27484
0.414138 0.0762666 9.9991E-05 0.111186 0.230783 0.167527
0.379837 0.0611028 0.219397 9.9991E-05 0.0869121 0.252651
0.392791 0.130642 9.9982E-05 0.107034 9.9982E-05 0.369333
0.453431 0.100272 0.193387 0.0537567 0.0034401 0.195712
0.540934 0.0423789 9.9982E-05 0.00968186 9.9982E-05 0.406805
0.759518 0.0428845 0.024161 0.147865 9.9991E-05 0.0254716
0.782444 0.217156 9.9964E-05 9.9964E-05 9.9964E-05 9.9964E-05
0.594197 0.159968 0.027335 9.9982E-05 9.9982E-05 0.2183
0.211426 0.535297 9.9982E-05 0.0113937 9.9982E-05 0.241683
0.560541 0.114649 0.0500886 0.14504 9.9991E-05 0.129582
0.471462 0.239223 0.271155 9.9982E-05 0.0179598 9.9982E-05
0.304942 0.0394597 0.134827 0.00999152 9.9991E-05 0.51068
0.444879 9.9991E-05 0.0437072 0.0360331 0.0398143 0.435466
0.551601 0.105167 0.171969 0.0108018 0.159722 0.000739172
0.119969 0.0238856 0.227497 0.0255427 0.603006 9.9991E-05
0.128803 0.0780064 0.172911 9.9991E-05 0.425549 0.194631
0.110298 9.9973E-05 9.9973E-05 0.0217617 0.86764 9.9973E-05
0.485441 0.0687647 0.0787625 9.9982E-05 9.9982E-05 0.366832
0.151224 0.0118606 9.9991E-05 0.034917 0.784863 0.017035
0.0370634 0.157925 9.9991E-05 0.0855384 0.658261 0.0611123
0.398732 0.065837 0.272689 9.9982E-05 9.9982E-05 0.262541
0.461307 0.0544597 0.199321 0.00907992 9.9991E-05 0.275732
0.427974 0.0961631 0.360225 9.9982E-05 9.9982E-05 0.115438
0.055814 9.9973E-05 9.9973E-05 9.9973E-05 0.727899 0.215987
0.655711 0.107594 0.00284501 0.0425995 9.9991E-05 0.191151
9.9982E-05 0.187757 0.109366 9.9982E-05 0.463704 0.238972
0.601516 0.118892 0.273586 9.9982E-05 0.00580559 9.9982E-05
0.0700913 9.9991E-05 0.0300321 0.00240234 0.784919 0.112455
0.411599 0.183009 0.136007 0.025319 0.127403 0.116663
0.698822 0.169827 9.9991E-05 0.0170892 0.025607 0.0885549
0.818492 0.0250164 0.132251 9.9991E-05 0.0104486 0.0136923
0.38848 0.268037 0.0858709 0.0146342 9.9991E-05 0.242878
0.0942173 9.9973E-05 0.141637 9.9973E-05 0.763846 9.9973E-05
0.400331 0.148659 9.9991E-05 0.0478694 0.253037 0.150004
0.199729 0.138786 9.9991E-05 0.120347 0.408574 0.132465
0.498525 0.192667 0.264551 0.0425501 9.9991E-05 0.00160699
0.0504012 0.00161525 0.0122434 0.103724 0.780476 0.0515402
0.285357 0.105579 0.251876 0.187048 0.144537 0.0256035
0.146289 0.0882367 9.9991E-05 0.0306447 0.436349 0.298381
0.422553 0.150113 0.178699 0.0219306 9.9991E-05 0.226605
0.125806 0.217142 9.9991E-05 0.082807 0.174247 0.399898
0.142314 0.157022 0.117654 9.9991E-05 0.571792 0.0111172
0.434343 0.196276 0.267123 0.028929 9.9991E-05 0.0732293
0.464419 0.046407 0.199334 9.9991E-05 0.0111176 0.278623
0.520234 0.0710259 0.157167 0.0158438 9.9991E-05 0.23563
0.47438 9.9973E-05 0.287584 9.9973E-05 9.9973E-05 0.237736
0.142241 0.247652 0.0992786 9.9991E-05 0.41304 0.0976888
0.404592 0.0746849 0.0376135 0.0247077 0.0208582 0.437544
0.620048 9.9973E-05 0.171167 9.9973E-05 9.9973E-05 0.208485
0.679547 0.159189 0.122756 0.0281554 0.0102525 9.9991E-05
0.219939 0.202588 9.9982E-05 9.9982E-05 0.451487 0.125786
0.230602 0.288734 9.9982E-05 9.9982E-05 0.220354 0.26011
0.508293 9.9973E-05 0.168957 9.9973E-05 9.9973E-05 0.32245
0.0163984 0.287334 0.317309 9.9991E-05 0.126011 0.252848
0.0576888 9.9982E-05 0.115156 9.9982E-05 0.262142 0.564813
0.399582 0.201794 0.0648652 0.0207077 9.9991E-05 0.312952
0.181367 0.214907 9.9991E-05 0.107381 0.375971 0.120275
0.348475 0.305884 9.9991E-05 0.0569774 0.0809122 0.207651
0.280578 0.0543148 9.9991E-05 0.0314668 0.476451 0.15709
0.66846 9.9973E-05 9.9973E-05 0.0342424 9.9973E-05 0.296997
0.790147 0.0293398 0.0628109 0.0481111 9.9991E-05 0.0694917
0.781761 9.9991E-05 0.0162783 0.042761 0.05027 0.108829
0.591945 0.0418136 0.214661 0.00595655 9.9991E-05 0.145523
0.397848 0.236726 0.0341944 0.113865 9.9991E-05 0.217266
0.555715 0.16128 0.170043 0.0693279 9.9991E-05 0.0435348
0.272514 9.9991E-05 0.0964285 0.00825474 0.333933 0.28877
0.180173 0.25342 9.9973E-05 9.9973E-05 9.9973E-05 0.566108
0.710398 0.0659585 0.190245 9.9982E-05 9.9982E-05 0.0331992
0.613315 0.0882601 9.9982E-05 9.9982E-05 0.031489 0.266736
0.327358 0.155079 0.139264 9.9991E-05 0.0626063 0.315593
0.0629435 0.0589928 0.0560557 0.0524698 0.292399 0.477139
0.372387 0.265347 0.171332 0.154442 9.9991E-05 0.0363931
0.565384 0.0746021 0.0543394 0.0513604 0.0517479 0.202566
9.9973E-05 0.10153 0.115258 9.9973E-05 0.782913 9.9973E-05
0.127481 0.1386 0.110579 0.00458281 0.618657 9.9991E-05
0.601024 0.149515 0.21041 9.9982E-05 9.9982E-05 0.0388518
0.381141 9.9982E-05 0.171322 0.387286 9.9982E-05 0.0600503
9.9982E-05 0.06131 0.289819 0.299862 9.9982E-05 0.348809
0.232408 9.9991E-05 0.300396 0.37844 0.00320844 0.0854472
0.482947 0.205471 0.137934 0.173447 9.9982E-05 9.9982E-05
0.0900844 0.119079 0.292793 0.431042 9.9991E-05 0.066901
0.168552 9.9982E-05 0.137949 0.49192 9.9982E-05 0.201379
0.212517 9.9991E-05 0.0168144 0.509688 0.0479709 0.21291
0.0804832 9.9991E-05 0.398584 0.458398 0.00293818 0.0594964
0.128279 9.9982E-05 0.214128 0.45644 9.9982E-05 0.200953
0.349245 0.0954305 0.0900202 0.386708 0.0185319 0.0600645
0.225671 0.142776 0.152991 0.268716 9.9991E-05 0.209747
0.0338541 0.0340284 0.24329 0.418193 0.0194649 0.251169
0.220553 0.0262099 0.270064 0.143941 9.9991E-05 0.339132
0.197669 9.9982E-05 0.440428 0.244739 9.9982E-05 0.116964
0.106815 9.9982E-05 0.327658 0.367595 9.9982E-05 0.197731
9.9982E-05 9.9982E-05 0.119513 0.446254 0.00492416 0.429109
0.278626 0.141577 0.100649 0.395404 9.9991E-05 0.0836446
0.133362 0.154257 0.138091 0.347716 9.9991E-05 0.226473
9.9982E-05 0.00369328 0.0707026 0.0778012 0.847603 9.9982E-05
0.25262 0.0945025 9.9982E-05 0.38619 9.9982E-05 0.266488
0.211518 0.0949672 0.188954 0.332681 9.9991E-05 0.17178
0.477024 0.0636429 0.0397877 0.090577 0.0976399 0.231329
9.9982E-05 0.0298852 0.1679 0.665892 9.9982E-05 0.136123
9.9982E-05 0.225772 0.0683975 0.511561 9.9982E-05 0.194069
0.300555 0.242328 9.9991E-05 0.181492 0.0225612 0.252964
0.219889 9.9991E-05 0.164709 0.547412 0.0133889 0.0545008
0.0730395 9.9982E-05 0.182983 0.25259 9.9982E-05 0.491188
0.0288134 9.9982E-05 0.331186 0.252737 9.9982E-05 0.387063
0.125108 0.0131465 0.0398938 0.599901 0.0393719 0.182579
0.0922653 9.9991E-05 0.166897 0.478134 0.058493 0.204111
0.00995546 0.121523 0.311686 0.556636 9.9982E-05 9.9982E-05
9.9964E-05 9.9964E-05 9.9964E-05 0.286927 9.9964E-05 0.712673
0.0111411 0.0428901 0.292859 0.336875 0.00288096 0.313354
0.277158 9.9982E-05 0.236333 0.376747 9.9982E-05 0.109562
0.0945986 0.10097 0.00112009 0.602659 0.12326 0.0773923
0.0980711 9.9982E-05 0.100775 0.503008 9.9982E-05 0.297946
0.0128658 0.14115 0.237131 0.545029 0.0637233 9.9991E-05
0.53114 0.0588294 0.281204 9.9982E-05 9.9982E-05 0.128627
0.0437915 0.0284844 0.341493 0.500583 9.9991E-05 0.0855481
0.173886 0.00676952 0.308246 0.262359 9.9991E-05 0.24864
0.110724 0.144543 0.153446 0.400916 0.0122256 0.178144
0.193014 9.9991E-05 0.205303 0.318122 0.00337538 0.280085
9.9964E-05 9.9964E-05 9.9964E-05 0.344786 9.9964E-05 0.654814
0.472515 0.16077 0.0394859 0.111653 0.0138295 0.201747
0.180185 9.9991E-05 0.25403 0.473751 0.0105951 0.081339
0.206117 0.108898 9.9991E-05 0.0463741 0.312405 0.326106
0.304384 9.9982E-05 0.256506 0.0321328 9.9982E-05 0.406776
0.489234 0.134485 0.0477167 0.173249 0.040074 0.115242
0.239219 0.0153987 0.122146 0.592046 0.0310908 9.9991E-05
0.0904104 0.0435666 0.148511 0.330667 9.9991E-05 0.386745
0.290241 9.9973E-05 0.124264 0.585195 9.9973E-05 9.9973E-05
0.125009 0.0953583 0.0634349 0.457463 0.0119262 0.246809
0.304409 9.9991E-05 0.228713 0.398687 0.0623903 0.00570093
0.181198 9.9991E-05 0.150998 0.472444 0.0395768 0.155682
0.319916 0.0782242 0.202133 0.399527 9.9982E-05 9.9982E-05
9.9973E-05 9.9973E-05 0.165072 0.516795 9.9973E-05 0.317833
0.152988 9.9973E-05 9.9973E-05 0.4413 9.9973E-05 0.405412
9.9964E-05 9.9964E-05 0.992804 9.9964E-05 0.00679654 9.9964E-05
0.0871491 9.9982E-05 0.10558 0.655571 9.9982E-05 0.1515
0.216151 9.9991E-05 0.123236 0.637798 0.0187045 0.00401015
0.124562 0.0431688 0.296268 0.463352 0.02396 0.0486891
9.9982E-05 0.175073 0.250415 0.462714 9.9982E-05 0.111598
0.495866 0.187885 0.0993335 0.0926452 9.9991E-05 0.12417
0.141801 9.9982E-05 0.32498 0.452884 9.9982E-05 0.0801349
0.390065 0.332137 9.9991E-05 0.0389641 0.194722 0.0440116
0.241367 0.052475 0.196553 0.31812 9.9991E-05 0.191385
0.0543044 0.174709 0.152012 0.547422 0.0714531 9.9991E-05
0.331668 0.143615 9.9991E-05 0.0252952 0.131939 0.367383
0.0924859 9.9982E-05 0.246672 0.332325 9.9982E-05 0.328317
0.111157 0.0936494 0.156529 0.341793 0.0285532 0.268318
9.996E-05 9.996E-05 0.9995 9.996E-05 9.996E-05 9.996E-05
0.193702 9.9991E-05 0.0821381 0.506546 0.0286093 0.188905
0.226897 0.175222 0.0416056 0.326475 0.0514805 0.178321
0.289071 9.9982E-05 0.147121 0.434382 9.9982E-05 0.129226
0.134793 9.9991E-05 0.131336 0.478762 0.0789155 0.176093
0.219872 0.120901 0.276027 0.383 9.9982E-05 9.9982E-05
0.267859 0.215195 0.228612 0.119017 9.9991E-05 0.169217
0.0845146 0.0892048 0.245247 0.437604 9.9991E-05 0.14333
0.275515 9.9991E-05 0.167442 0.34767 0.0153627 0.193911
9.9982E-05 0.0301831 0.163947 9.9982E-05 0.784351 0.0213187
0.262927 9.9982E-05 0.161636 0.332676 9.9982E-05 0.242561
0.640136 0.0260072 9.9991E-05 0.104627 0.127471 0.101659
0.0083318 0.080787 0.228084 0.587274 0.0224965 0.0730262
0.250009 0.146622 0.247225 0.252855 9.9991E-05 0.103189
0.241602 0.0287086 0.477049 0.169529 9.9991E-05 0.0830112
0.575978 0.0121699 0.133106 0.127021 9.9991E-05 0.151624
0.199044 9.9982E-05 0.11326 0.37384 9.9982E-05 0.313655
0.128122 9.9982E-05 0.177306 0.351266 9.9982E-05 0.343106
0.0529996 9.9982E-05 0.107844 0.461869 9.9982E-05 0.377087
0.135551 9.9982E-05 0.345677 0.37881 9.9982E-05 0.139762
0.331001 0.237441 0.173047 0.0431007 9.9991E-05 0.21531
0.0885436 0.114576 0.192333 0.531641 9.9991E-05 0.0728061
0.233385 0.0185026 0.00591847 0.462027 9.9991E-05 0.280067
0.249867 0.0376413 0.240907 0.303375 9.9991E-05 0.16811
0.515011 0.150458 0.046238 9.9991E-05 0.0350439 0.253149
0.109656 0.100661 0.183285 0.413075 9.9991E-05 0.193222
0.10989 0.139372 0.0344574 0.496852 9.9991E-05 0.219328
0.151505 9.9982E-05 0.401098 0.285594 9.9982E-05 0.161604
0.119293 9.9982E-05 0.262056 0.24804 9.9982E-05 0.370411
0.407881 0.342259 0.0212879 9.9982E-05 9.9982E-05 0.228372
9.9973E-05 9.9973E-05 0.0402467 9.9973E-05 0.925859 0.0335945
0.146837 0.0447132 0.196467 0.350398 9.9991E-05 0.261485
0.333629 0.0410779 0.310313 0.29438 0.0205 9.9991E-05
0.344365 0.0318092 0.259535 0.36409 9.9982E-05 9.9982E-05
0.162614 0.234202 0.100708 0.497736 0.00195854 0.00278163
0.0538234 9.9991E-05 0.195625 0.54657 0.0440244 0.159857
0.137991 0.0769048 0.173233 0.387742 9.9991E-05 0.224029
0.0246439 9.9982E-05 0.152441 0.522531 9.9982E-05 0.300183
0.0621226 0.136998 0.194019 0.549806 0.0569541 9.9991E-05
0.0511838 9.9991E-05 0.188642 0.463159 0.0152575 0.281657
0.1811 0.0929647 0.127843 0.227744 9.9991E-05 0.370249
0.494659 0.319872 0.141464 0.042199 9.9991E-05 0.00170612
0.174439 0.0294249 0.131788 0.603864 9.9991E-05 0.0603847
0.16606 0.160894 0.207072 0.361263 9.9991E-05 0.10461
0.567496 0.232856 0.15433 9.9982E-05 9.9982E-05 0.0451177
0.0321216 0.187237 0.205954 0.455029 0.00793159 0.111726
0.373528 0.241323 0.0503004 9.9982E-05 9.9982E-05 0.334649
0.111353 0.124479 0.302609 0.371075 0.0205876 0.0698972
0.206633 9.9982E-05 0.303745 0.355334 9.9982E-05 0.134088
0.457414 0.0505296 0.0671464 0.153233 9.9991E-05 0.271577
0.191799 0.120026 0.028142 0.490169 0.001564 0.168299
0.322754 0.217832 9.9982E-05 0.371093 9.9982E-05 0.0881203
9.9973E-05 9.9973E-05 0.168712 0.19339 9.9973E-05 0.637598
9.9964E-05 9.9964E-05 9.9964E-05 9.9964E-05 0.468067 0.531533
0.121225 9.9991E-05 0.34937 0.391679 0.000132227 0.137493
0.0857575 9.9982E-05 0.192536 0.39116 9.9982E-05 0.330346
0.0594011 9.9973E-05 9.9973E-05 0.546002 9.9973E-05 0.394297
0.080353 0.10414 0.249768 0.4272 0.0335875 0.104951
0.130083 9.9982E-05 0.376353 0.488926 9.9982E-05 0.00443769
9.9982E-05 0.174303 0.27805 0.421375 9.9982E-05 0.126072
0.228355 0.128826 0.18003 0.356433 9.9991E-05 0.106255
0.71807 0.207262 9.9973E-05 9.9973E-05 9.9973E-05 0.0743687
0.0365233 0.0214795 0.138209 0.343633 0.0606454 0.39951
0.216205 0.0736802 0.168118 0.541796 9.9982E-05 9.9982E-05
9.9973E-05 9.9973E-05 0.219214 0.443491 9.9973E-05 0.336995
9.9982E-05 0.297236 0.17187 0.344232 9.9982E-05 0.186462
0.140704 9.9982E-05 0.346297 0.205109 9.9982E-05 0.30769
0.271809 0.14618 0.0742436 0.352873 0.00116082 0.153734
0.525391 9.9973E-05 0.194187 0.280122 9.9973E-05 9.9973E-05
0.0384172 0.227964 0.241524 0.238407 0.00511415 0.248574
0.138153 9.9982E-05 0.217417 0.31095 9.9982E-05 0.33328
0.0848243 0.0430599 0.0193829 0.481897 9.9991E-05 0.370736
0.402099 0.0480062 0.110838 9.9991E-05 0.0162021 0.422755
0.367292 9.9982E-05 0.219836 0.167716 9.9982E-05 0.244956
9.9982E-05 0.0310995 0.116306 0.57993 9.9982E-05 0.272464
0.123572 0.0917698 0.231658 0.535862 0.0170384 9.9991E-05
9.9973E-05 9.9973E-05 0.29453 0.273409 9.9973E-05 0.431761
0.0675514 9.9982E-05 0.247113 0.556298 9.9982E-05 0.128837
0.136623 0.267614 0.142974 0.452589 9.9982E-05 9.9982E-05
0.41112 0.00701305 0.0930667 9.9991E-05 0.0240781 0.464622
0.217259 0.186731 0.264252 0.0449717 0.0548542 0.231932
0.17014 0.0077898 0.258285 0.322664 0.037639 0.203482
0.158978 0.0996544 0.263374 0.477794 9.9982E-05 9.9982E-05
0.234149 9.9982E-05 0.119093 0.380279 9.9982E-05 0.266279
0.260184 0.0588445 0.290977 0.219615 9.9991E-05 0.17028
0.105189 0.00341881 0.331261 0.495816 0.0515133 0.0128023
9.9973E-05 0.0227684 9.9973E-05 0.442531 9.9973E-05 0.534401
0.121725 0.277352 9.9991E-05 0.0997555 0.218469 0.282599
0.179071 0.0476752 0.237262 0.319993 9.9991E-05 0.215898
0.11079 0.114948 0.256617 0.359725 9.9991E-05 0.15782
0.0474871 0.279241 9.9991E-05 0.16722 0.301763 0.20419
0.511681 9.9982E-05 0.112388 9.9982E-05 0.306586 0.0691449
9.9982E-05 9.9982E-05 0.282973 0.487327 0.0114809 0.218019
0.234045 0.0309247 0.216386 0.218064 0.0918217 0.208759
9.9973E-05 9.9973E-05 0.451888 0.350494 9.9973E-05 0.197317
0.708856 9.9982E-05 0.11329 0.0775053 9.9982E-05 0.100149
0.205132 0.0134316 0.280514 0.321347 9.9991E-05 0.179475
0.236959 0.0456804 0.230714 0.477412 0.00913502 9.9991E-05
0.082081 0.120825 9.9991E-05 0.0433276 0.312837 0.440829
0.141308 0.0570908 0.271035 0.387979 0.055007 0.0875805
0.241475 9.9973E-05 0.224418 0.533807 9.9973E-05 9.9973E-05
0.229035 9.9982E-05 0.245066 0.442043 9.9982E-05 0.0836564
0.192485 9.9982E-05 0.163937 0.381516 9.9982E-05 0.261862
0.174955 9.9982E-05 0.0802197 0.59401 9.9982E-05 0.150615
0.0111909 0.0860424 0.330295 0.423226 9.9991E-05 0.149146
0.151852 0.105079 0.199692 0.502443 0.0182214 0.0227115
0.140914 9.9982E-05 0.371659 0.322565 9.9982E-05 0.164663
0.0840583 0.0497239 0.289464 0.576553 9.9982E-05 9.9982E-05
0.1072 0.154352 0.00917698 0.468299 0.00016214 0.26081
9.9982E-05 0.221326 0.0817568 0.0395863 0.657131 9.9982E-05
9.9982E-05 0.0606373 0.0814864 0.517639 9.9982E-05 0.340037
0.205131 9.9982E-05 0.0556963 0.633839 9.9982E-05 0.105134
0.305413 0.146151 9.9982E-05 0.246522 9.9982E-05 0.301714
9.9973E-05 9.9973E-05 0.349195 0.594128 9.9973E-05 0.0563766
0.121142 0.0788839 0.294896 0.309168 0.00389902 0.192011
9.9973E-05 9.9973E-05 0.313556 0.351592 9.9973E-05 0.334553
0.0613123 0.30656 9.9991E-05 0.134433 0.0037396 0.493855
0.0222989 9.9982E-05 0.185865 0.467071 9.9982E-05 0.324565
0.0575783 0.0449685 0.240173 0.515837 0.0160649 0.125378
0.0678794 0.108881 0.266882 0.404299 0.0227478 0.12931
0.0978945 0.114499 0.142562 0.421959 9.9991E-05 0.222985
0.233733 9.9991E-05 0.12578 0.359749 0.0264667 0.254172
9.9964E-05 9.9964E-05 9.9964E-05 0.0372131 0.962387 9.9964E-05
9.9973E-05 9.9973E-05 0.34214 0.257486 9.9973E-05 0.400074
0.440665 0.0183909 0.229842 0.246076 9.9991E-05 0.0649263
0.151789 0.149854 0.122371 0.391457 9.9991E-05 0.18443
0.0987665 0.198233 0.130113 0.572687 9.9982E-05 9.9982E-05
9.9982E-05 0.235313 0.142502 0.575407 0.0465784 9.9982E-05
0.0959159 0.211701 0.0158 0.439864 9.9991E-05 0.236619
9.9982E-05 0.184555 0.134923 9.9982E-05 0.604284 0.0760376
0.0182098 9.9982E-05 0.224019 0.373431 9.9982E-05 0.384141
0.0936321 9.9982E-05 0.231256 0.354033 9.9982E-05 0.320879
0.347608 9.9982E-05 0.328335 0.318758 9.9982E-05 0.00509805
0.135759 0.00500788 0.0888591 0.36595 9.9991E-05 0.404324
0.11048 0.0956931 0.221324 0.405588 9.9991E-05 0.166815
9.9982E-05 0.0851485 0.242233 0.513565 9.9982E-05 0.158853
0.111711 9.9982E-05 0.362927 0.257319 9.9982E-05 0.267843
0.204635 9.9991E-05 0.304725 0.341347 0.0278374 0.121356
0.065377 0.165154 0.179442 0.383201 9.9991E-05 0.206726
0.278378 0.0697482 0.270372 0.367009 0.0143925 9.9991E-05
9.9982E-05 0.148507 0.193812 0.460889 9.9982E-05 0.196592
0.300596 0.0562043 0.247834 0.337668 9.9991E-05 0.0575975
0.361829 9.9982E-05 0.163554 0.412901 9.9982E-05 0.0615157
0.227731 9.9991E-05 0.126177 0.567971 0.0319928 0.0460273
0.248501 0.0061711 0.102915 0.399548 9.9991E-05 0.242765
0.301255 9.9982E-05 0.186519 0.28677 9.9982E-05 0.225256
0.0686048 0.310045 0.160624 0.460526 9.9982E-05 9.9982E-05
0.0297276 9.9991E-05 0.131513 0.591593 0.0397434 0.207322
0.100738 0.00312742 0.356208 0.395209 0.0227041 0.122013
0.194659 0.100713 0.448452 0.252647 0.00342876 9.9991E-05
0.297567 0.0775906 0.193215 0.307897 9.9991E-05 0.123631
9.9973E-05 9.9973E-05 0.38349 0.57949 9.9973E-05 0.0367201
0.434711 0.0424542 0.169678 0.247513 9.9991E-05 0.105545
0.429774 9.9982E-05 0.0696308 0.448213 9.9982E-05 0.0521824
9.9973E-05 9.9973E-05 9.9973E-05 0.00523125 0.928474 0.0659952
0.215276 9.9982E-05 0.158823 9.9982E-05 0.334358 0.291344
0.28003 0.367615 9.9991E-05 0.0707086 0.131739 0.149807
0.104285 0.00480104 9.9991E-05 0.0822322 0.574255 0.234327
0.256354 0.246851 0.096999 0.120421 9.9991E-05 0.279275
0.434246 0.0569252 0.105653 0.0564107 9.9991E-05 0.346665
0.0534682 0.670415 0.100757 9.9991E-05 0.032388 0.142871
9.9982E-05 0.113017 0.162326 0.498545 9.9982E-05 0.225912
0.221299 0.0799286 0.259448 0.306898 9.9991E-05 0.132327
0.0111446 0.00911631 0.328233 0.539595 9.9991E-05 0.111811
0.275956 0.0884405 0.206062 0.0829537 9.9991E-05 0.346488
0.270934 9.9991E-05 0.177198 0.366176 0.0749756 0.110616
0.353495 0.0199645 0.196409 0.367177 0.00613819 0.0568173
0.066658 0.122975 0.132514 0.266973 9.9991E-05 0.41078
0.268013 0.105696 0.131193 0.45571 0.0110689 0.0283201
0.197768 9.9982E-05 0.182127 0.370464 9.9982E-05 0.249441
0.0483758 0.0879218 0.37989 0.409861 0.0236893 0.0502614
0.227742 0.11125 0.096886 0.444874 9.9991E-05 0.119149
0.240306 0.28564 0.122656 0.185145 0.0559748 0.110278
9.9982E-05 9.9982E-05 0.250881 0.240792 0.0466246 0.461502
9.9982E-05 0.0354593 0.499974 0.463409 0.000957104 9.9982E-05
9.9982E-05 0.138341 0.263342 0.168137 9.9982E-05 0.42998
9.9982E-05 9.9982E-05 0.047953 0.0479268 0.746573 0.157347
0.35973 0.125597 9.9991E-05 0.0903826 0.16792 0.25627
0.202724 9.9982E-05 0.0478009 0.427134 9.9982E-05 0.322141
9.9982E-05 0.343229 0.247346 0.369397 9.9982E-05 0.0398289
0.368622 0.0168281 0.0712188 0.0466238 0.208801 0.287907
0.18991 9.9982E-05 0.206115 0.460691 9.9982E-05 0.143083
0.196415 0.0264423 0.137551 0.637665 0.0018265 9.9991E-05
0.374941 0.235641 0.0825455 9.9982E-05 9.9982E-05 0.306672
0.219974 9.9982E-05 0.239929 0.523416 9.9982E-05 0.0164816
0.030993 9.9991E-05 0.197989 0.531927 0.0239217 0.215069
0.501651 0.0130734 9.9973E-05 0.484975 9.9973E-05 9.9973E-05
0.459976 9.9964E-05 9.9964E-05 0.539624 9.9964E-05 9.9964E-05
0.213523 9.9991E-05 0.262596 0.348494 0.0921227 0.0831651
0.0908482 0.118973 0.328102 0.447039 9.9991E-05 0.0149383
0.0874171 0.146607 9.9991E-05 0.14209 0.331107 0.292679
0.317544 0.0333685 0.20091 0.447978 9.9982E-05 9.9982E-05
0.270267 0.105664 0.207402 0.399916 9.9991E-05 0.016652
9.9982E-05 0.0341078 0.129005 0.589892 9.9982E-05 0.246795
0.0592048 0.307523 0.0605453 0.0812878 0.141721 0.349718
0.242461 0.389993 0.151654 0.215692 9.9982E-05 9.9982E-05
0.231347 0.203868 0.0213179 0.153103 9.9991E-05 0.390264
0.16821 0.0937134 0.39452 0.343356 9.9982E-05 9.9982E-05
0.31686 0.206512 0.145269 0.106035 9.9991E-05 0.225225
0.200771 0.0561574 0.15655 0.581463 0.00495958 9.9991E-05
0.411441 0.0413938 0.0200949 0.357922 9.9991E-05 0.169048
9.9982E-05 0.0320803 0.0959382 0.462739 9.9982E-05 0.409042
0.154393 0.150858 0.187985 0.398583 0.0381375 0.070044
0.0866622 0.0788222 0.0491941 0.132267 0.267955 0.385099
0.167325 0.0236782 0.267491 0.362535 9.9991E-05 0.178871
9.9973E-05 9.9973E-05 9.9973E-05 0.0128117 0.846894 0.139995
0.0592304 0.248346 0.182414 0.359233 9.9991E-05 0.150676
0.105013 0.095755 0.243905 0.526999 9.9991E-05 0.0282283
9.996E-05 9.996E-05 9.996E-05 9.996E-05 0.9995 9.996E-05
9.99867E-05 9.99867E-05 0.063408 0.0584727 0.832513 0.0454063
0.213306 0.115118 0.0806057 0.384615 9.9991E-05 0.206256
0.271235 0.22643 9.9982E-05 0.332534 9.9982E-05 0.169602
0.0363136 9.9991E-05 0.265513 0.396 0.00142091 0.300652
9.9991E-05 0.08172 0.315494 0.362707 0.0124215 0.227558
0.278753 0.0770279 0.285364 0.341213 9.9991E-05 0.0175414
9.9982E-05 0.0262041 0.296297 0.592465 9.9982E-05 0.0848336
0.0825758 0.2275 0.229679 0.391773 0.0636008 0.00487117
0.276554 0.0870624 0.0423168 0.110024 0.32166 0.162384
0.0393202 0.118768 0.320887 0.303763 9.9991E-05 0.217163
0.0189624 0.000681966 0.100782 0.69828 0.0530775 0.128216
0.179192 0.237768 0.181959 0.343591 9.9991E-05 0.0573899
0.162859 0.239855 0.0910866 0.368277 9.9991E-05 0.137823
0.258504 0.0652884 0.159817 0.233071 0.0459615 0.237359
0.0918241 0.0858469 0.286182 0.448566 9.9991E-05 0.0874807
0.414253 0.0167575 0.268102 0.243787 0.0093224 0.0477784
0.244977 9.9991E-05 0.286159 0.272482 0.0061068 0.190175
0.251302 9.9991E-05 0.0967803 0.424021 0.0856689 0.142128
0.319103 0.22115 0.0320939 0.0317347 0.199215 0.196704
0.241732 0.0802147 0.136696 0.328242 0.00373738 0.209378
9.996E-05 9.996E-05 0.9995 9.996E-05 9.996E-05 9.996E-05
9.996E-05 9.996E-05 0.9995 9.996E-05 9.996E-05 9.996E-05
0.437127 0.00661957 0.157563 0.398491 9.9982E-05 9.9982E-05
0.316918 9.9991E-05 0.173826 0.314775 0.00393068 0.190449
0.254807 0.0144008 0.371478 0.359114 9.9982E-05 9.9982E-05
9.9982E-05 0.172812 0.287403 0.358697 9.9982E-05 0.180887
0.128278 9.9982E-05 0.102703 0.555675 9.9982E-05 0.213143
0.0946319 0.11932 0.272711 0.256779 9.9991E-05 0.256459
0.0694589 0.0625033 0.070261 0.494612 9.9991E-05 0.303065
0.422494 0.240641 0.0219416 0.121799 9.9991E-05 0.193024
0.208373 0.204606 0.147065 0.396834 0.0430219 9.9991E-05
0.184613 0.0314254 0.127131 0.436129 0.0674468 0.153255
0.482694 0.14702 0.0172284 0.0872871 9.9991E-05 0.26567
0.201085 0.0433022 0.267276 0.423665 9.9991E-05 0.0645716
0.236798 0.0360874 0.255406 0.365729 0.0475582 0.0584215
0.157589 0.0593197 0.222044 0.305728 9.9991E-05 0.25522
0.0925882 0.115915 0.248434 0.381332 9.99956E-05 0.16163
0.165777 0.0881868 0.125119 0.449336 9.9991E-05 0.171482
0.515898 0.0149081 9.9982E-05 0.0400186 9.9982E-05 0.428975
9.9982E-05 0.134602 0.127495 0.608103 9.9982E-05 0.129601
0.215482 0.146325 0.0875219 9.9982E-05 9.9982E-05 0.550471
