0.0343678 0.418149 0.105253 0.0143779 0.074597 9.9973E-05 9.9973E-05 0.0163455 9.9973E-05 0.33661
0.0259727 0.108405 9.9982E-05 0.0121983 0.0696276 9.9982E-05 0.17372 0.135786 0.0909941 0.383096
9.9973E-05 0.252443 9.9973E-05 9.9973E-05 0.112645 0.03248 0.321208 0.00287103 0.0129515 0.265102
0.154039 0.154139 9.9982E-05 0.00925426 0.000560588 9.9982E-05 0.0960129 0.0740674 0.0698632 0.441864
9.9964E-05 0.487529 9.9964E-05 0.00505048 9.9964E-05 0.0463309 0.109916 0.0360963 9.9964E-05 0.314678
0.624309 0.0102094 0.0224148 9.9955E-05 0.0128936 9.9955E-05 0.329673 9.9955E-05 9.9955E-05 9.9955E-05
9.9973E-05 0.129063 0.0881796 0.0181896 9.9973E-05 0.0253456 0.167502 9.9973E-05 0.0734419 0.497979
0.813368 9.9955E-05 9.9955E-05 0.0579112 0.037666 0.055594 0.0349612 9.9955E-05 9.9955E-05 9.9955E-05
9.9973E-05 0.239503 9.9973E-05 0.0662876 0.0113874 0.0917721 0.206843 9.9973E-05 0.0221783 0.361729
9.9973E-05 0.149104 9.9973E-05 0.0261329 0.00554466 9.9973E-05 0.211477 0.141263 0.014898 0.451281
9.9973E-05 0.271431 9.9973E-05 0.0184445 0.0813889 0.0336792 0.105323 9.9973E-05 0.0408395 0.448594
0.140091 0.107536 9.9973E-05 0.0598707 9.9973E-05 0.0431383 0.218855 0.0631467 9.9973E-05 0.367063
9.9964E-05 0.223288 9.9964E-05 9.9964E-05 0.000595625 0.122224 0.0825642 0.0692063 9.9964E-05 0.501722
0.0818615 0.14833 0.0464591 0.0232329 0.0792971 0.0143527 0.0359857 9.9982E-05 9.9982E-05 0.570281
0.501221 9.9964E-05 9.9964E-05 0.0145973 0.0439784 9.9964E-05 0.276004 0.128665 0.035134 9.9964E-05
9.9964E-05 0.189874 9.9964E-05 9.9964E-05 0.0371191 0.145989 0.18456 9.9964E-05 0.215673 0.226385
0.134733 0.0102381 9.9973E-05 0.083348 0.0226589 0.00915975 0.268316 9.9973E-05 9.9973E-05 0.471246
9.9964E-05 0.218101 0.0367974 0.0291742 9.9964E-05 0.041279 9.9964E-05 9.9964E-05 0.147813 0.526436
9.9982E-05 0.372923 9.9982E-05 0.0542721 0.00245001 0.0679764 0.0319739 0.0453429 0.00919815 0.415663
9.9955E-05 0.329309 9.9955E-05 9.9955E-05 0.062109 9.9955E-05 9.9955E-05 0.0190655 0.0346229 0.554394
9.9964E-05 0.361845 9.9964E-05 0.0669729 9.9964E-05 0.0599747 9.9964E-05 0.0148715 0.0425325 0.453403
0.0625649 0.315165 9.9982E-05 0.0261453 0.0658681 0.0728629 0.0617363 0.090337 9.9982E-05 0.30512
9.9964E-05 0.111215 9.9964E-05 0.0961667 0.0974116 9.9964E-05 0.152235 9.9964E-05 0.0351202 0.507452
0.527153 0.161988 9.9964E-05 9.9964E-05 0.134216 0.0271426 0.141627 0.00747344 9.9964E-05 9.9964E-05
9.9982E-05 0.0685205 9.9982E-05 0.0697669 0.0413548 0.0688171 0.0408687 0.0785697 0.101923 0.52998
0.48744 0.0629536 9.9973E-05 0.0352106 9.9973E-05 0.0372396 0.272719 0.0819406 0.0221967 9.9973E-05
0.371529 0.380914 9.9964E-05 9.9964E-05 0.0326071 0.0467364 0.0903715 9.9964E-05 0.0774421 9.9964E-05
0.307432 0.0612975 9.9964E-05 0.0489944 9.9964E-05 0.0257494 0.00319438 9.9964E-05 9.9964E-05 0.552933
0.576351 0.100235 9.9973E-05 0.0054133 0.0804926 0.0135488 0.161632 0.0620276 9.9973E-05 9.9973E-05
0.084233 9.9964E-05 9.9964E-05 9.9964E-05 0.00865094 0.0149396 0.099982 9.9964E-05 0.00607775 0.785717
0.44589 0.366144 0.0394652 9.9964E-05 0.0416326 0.0587606 9.9964E-05 9.9964E-05 9.9964E-05 0.0477076
0.0105829 0.30778 0.115223 0.0109679 0.0415427 0.0470476 0.0116426 9.9991E-05 0.00121488 0.453898
0.104649 0.145953 9.9982E-05 0.0499432 0.0945658 0.0359426 0.374365 9.9982E-05 0.00494211 0.18944
0.736451 9.9955E-05 9.9955E-05 9.9955E-05 9.9955E-05 0.0104213 0.0853466 9.9955E-05 0.0207111 0.14657
0.716632 9.9955E-05 0.0853036 9.9955E-05 9.9955E-05 0.0153975 0.113109 9.9955E-05 0.0690582 9.9955E-05
0.0559051 0.131425 9.9973E-05 0.00619907 9.9973E-05 0.0289165 0.215727 9.9973E-05 0.101679 0.459849
0.0597946 0.298716 9.9973E-05 9.9973E-05 0.00502399 0.0874623 0.106701 0.0554667 9.9973E-05 0.386535
9.9973E-05 0.389411 9.9973E-05 0.0051539 0.0555747 0.0915771 9.9973E-05 0.0308423 0.092892 0.334249
0.705818 9.9964E-05 0.0428011 9.9964E-05 9.9964E-05 9.9964E-05 0.0126276 0.15594 0.00480247 0.0776108
0.316314 0.193619 9.9973E-05 0.110895 0.0905333 9.9973E-05 0.199208 0.0240555 0.0650755 9.9973E-05
0.180529 0.371459 9.9973E-05 9.9973E-05 0.0289423 0.0802523 0.161865 0.0851896 0.0914617 9.9973E-05
9.9946E-05 0.175204 9.9946E-05 9.9946E-05 9.9946E-05 0.0619625 0.425165 9.9946E-05 9.9946E-05 0.337068
0.113474 0.26435 9.9973E-05 0.0892584 0.0309411 0.0466925 9.9973E-05 9.9973E-05 0.0729258 0.382059
0.572264 0.158375 9.9964E-05 9.9964E-05 9.9964E-05 0.0837694 0.0634054 9.9964E-05 0.118331 0.00345403
9.9973E-05 0.394973 0.126132 9.9973E-05 0.00720838 0.0273693 0.134469 0.00845752 9.9973E-05 0.301091
9.999E-05 0.161972 0.0227197 0.0324291 0.090433 0.0502487 0.0668194 0.143717 0.0980833 0.333478
0.0443313 0.334284 9.9982E-05 0.0794296 0.0849543 0.0290936 0.0235125 0.0439219 9.9982E-05 0.360273
0.0364582 0.390845 9.9964E-05 9.9964E-05 0.0529742 9.9964E-05 0.241566 9.9964E-05 0.0364059 0.241351
9.9982E-05 0.458414 9.9982E-05 0.00777462 0.108454 0.113698 0.00917825 0.0349793 0.104234 0.163068
0.36679 0.332523 9.9973E-05 0.0509869 0.00808855 0.0615221 0.178638 0.00115111 9.9973E-05 9.9973E-05
9.9964E-05 9.9964E-05 0.0714761 0.04422 0.0323779 9.9964E-05 0.120284 9.9964E-05 0.0332746 0.697967
0.320522 9.9964E-05 0.0678581 9.9964E-05 0.0597217 9.9964E-05 0.231213 0.0670935 9.9964E-05 0.253191
9.9982E-05 0.24477 9.9982E-05 0.0404267 0.00353712 0.0329876 0.276068 0.148445 0.0538238 0.199742
0.897069 9.99281E-05 9.99281E-05 9.99281E-05 9.99281E-05 9.99281E-05 9.99281E-05 9.99281E-05 0.102132 9.99281E-05
0.355345 0.117551 9.9973E-05 0.0546603 0.00208504 0.058134 0.285802 9.9973E-05 9.9973E-05 0.126123
9.9964E-05 0.273163 0.0405721 0.0122182 9.9964E-05 0.0730342 9.9964E-05 0.00733596 9.9964E-05 0.593277
9.9964E-05 0.17594 0.0460828 9.9964E-05 0.0757954 0.0120816 9.9964E-05 9.9964E-05 0.00914912 0.680552
0.134712 0.174441 9.9982E-05 0.0658546 0.0325006 0.0732059 0.112288 9.9982E-05 0.0248045 0.381993
0.259434 0.389482 9.99639E-05 9.99639E-05 0.075501 0.0746614 0.130839 9.99639E-05 9.99639E-05 0.0696819
0.322169 0.278964 9.9946E-05 9.9946E-05 9.9946E-05 0.0214168 9.9946E-05 9.9946E-05 9.9946E-05 0.37685
0.73352 9.9973E-05 0.0136165 0.0268351 0.100176 0.0475095 0.0662971 9.9973E-05 0.0117454 9.9973E-05
0.70923 9.9946E-05 9.9946E-05 9.9946E-05 0.00640554 9.9946E-05 0.264269 0.0194959 9.9946E-05 9.9946E-05
9.9964E-05 0.354848 0.0335654 9.9964E-05 9.9964E-05 0.116937 0.154953 9.9964E-05 0.0111302 0.328167
0.825585 9.9946E-05 9.9946E-05 9.9946E-05 0.0748759 0.0484956 0.0504441 9.9946E-05 9.9946E-05 9.9946E-05
9.9964E-05 0.208124 9.9964E-05 0.0751569 0.00149463 9.9964E-05 0.287531 0.0424169 9.9964E-05 0.384877
0.674459 9.9955E-05 9.9955E-05 9.9955E-05 9.9955E-05 0.00374732 0.181125 0.139919 0.000249131 9.9955E-05
9.9964E-05 0.229024 9.9964E-05 0.0196788 0.0741615 0.141876 9.9964E-05 0.00160402 9.9964E-05 0.533256
0.0730226 0.163041 9.9982E-05 9.9982E-05 0.0547932 0.013917 0.415033 0.0588997 0.106202 0.114891
9.9982E-05 0.260792 9.9982E-05 0.0731971 0.165902 0.0734681 0.0141896 0.0087987 0.0418649 0.361588
0.490194 9.9946E-05 0.00144712 9.9946E-05 9.9946E-05 0.0198329 0.487926 9.9946E-05 9.9946E-05 9.9946E-05
9.9973E-05 0.25861 0.0483659 0.0544467 0.136945 0.0686497 9.9973E-05 0.0977449 9.9973E-05 0.334938
0.0520912 0.401052 9.9973E-05 0.0875284 0.0676487 0.0617805 9.9973E-05 9.9973E-05 0.0707266 0.258872
0.234929 0.295297 0.125591 9.9964E-05 0.0812966 9.9964E-05 0.0460554 9.9964E-05 9.9964E-05 0.216431
9.9973E-05 0.180089 0.0691604 0.0607054 0.0129439 9.9973E-05 0.412208 0.0652549 9.9973E-05 0.199338
0.0157983 0.222998 9.9991E-05 0.140382 0.0569543 0.102982 0.061925 0.0308641 0.0550299 0.312966
0.398915 0.0848037 9.9964E-05 9.9964E-05 0.000767916 0.0935086 9.9964E-05 0.0683459 9.9964E-05 0.353259
0.0050732 0.182712 9.9973E-05 9.9973E-05 0.0853725 9.9973E-05 0.134303 0.048086 0.0543484 0.489805
0.102606 0.0397387 9.9982E-05 9.9982E-05 0.0547235 0.0708825 0.294502 0.0913276 0.0940978 0.251922
0.0715662 0.213933 9.9982E-05 0.0824939 0.109901 9.9982E-05 0.307863 0.0142306 0.0184305 0.181382
9.9982E-05 0.0291806 0.0333146 0.111073 0.0729716 0.0279249 0.249424 9.9982E-05 0.0917191 0.384192
9.9964E-05 0.430025 9.9964E-05 0.0581678 0.117062 9.9964E-05 0.118177 0.192655 9.9964E-05 0.0835131
9.999E-05 0.153243 0.0187669 0.00405789 0.059647 0.0675222 0.217155 0.0124501 0.0687283 0.39833
0.05996 0.344361 9.9991E-05 0.12718 0.0715681 0.0305305 0.0134652 0.0351108 0.0221559 0.295569
9.9964E-05 0.218646 9.9964E-05 0.0189893 0.0681948 9.9964E-05 0.057417 0.125034 9.9964E-05 0.511319
9.9946E-05 0.228698 9.9946E-05 9.9946E-05 9.9946E-05 9.9946E-05 0.214772 0.0945992 9.9946E-05 0.461331
0.046019 0.262026 9.9982E-05 0.0129652 0.114713 0.164084 0.134015 0.0965398 9.9982E-05 0.169437
0.228125 0.0834736 9.9973E-05 9.9973E-05 0.0260831 0.00209309 0.301307 9.9973E-05 0.148724 0.209894
0.17281 0.0478498 0.0272848 9.9973E-05 0.0211183 9.9973E-05 0.392893 0.0411238 9.9973E-05 0.296621
0.747905 9.99551E-05 9.99551E-05 0.024262 0.0765896 0.14855 0.00219435 9.99551E-05 9.99551E-05 9.99551E-05
0.1124 0.0866331 9.9982E-05 9.9982E-05 0.0126691 0.00701752 0.432005 0.0525896 0.0567742 0.239711
9.9973E-05 0.0907103 9.9973E-05 0.0632975 0.198803 0.045638 0.277823 9.9973E-05 0.0855025 0.237926
0.401993 0.0848724 9.9982E-05 0.00420809 9.9982E-05 0.0328197 0.267378 0.0372708 0.0668953 0.104363
0.0221944 0.321373 9.9982E-05 0.0449542 0.0528418 0.0157028 9.9982E-05 0.0493374 0.0343848 0.459011
0.233711 0.267613 9.9955E-05 9.9955E-05 0.00597378 9.9955E-05 0.0277019 9.9955E-05 9.9955E-05 0.464501
0.413485 9.9964E-05 9.9964E-05 0.101036 0.0204614 9.9964E-05 0.243288 0.00616745 9.9964E-05 0.215162
0.739833 9.9964E-05 9.9964E-05 0.0979872 0.0392657 9.9964E-05 0.0647871 0.0412108 9.9964E-05 0.0165167
0.110232 0.0583259 9.9991E-05 0.00308156 0.0353763 0.0441173 0.135211 0.101628 0.00944779 0.50248
9.9964E-05 0.185503 9.9964E-05 9.9964E-05 0.00546403 0.075236 0.425936 0.083347 9.9964E-05 0.224114
0.0335034 0.516077 9.9982E-05 0.0167725 0.123969 0.0423962 9.9982E-05 0.123162 0.0400085 0.103911
0.202866 0.18842 0.0316578 9.9964E-05 0.0181845 0.0280581 9.9964E-05 9.9964E-05 9.9964E-05 0.530414
0.305292 0.100217 9.9973E-05 0.0079296 0.0562481 0.135915 0.375784 0.0183153 9.9973E-05 9.9973E-05
0.0259125 0.173372 9.9982E-05 9.9982E-05 0.056865 0.00596103 0.133446 0.0674148 0.0743671 0.462462
0.0287252 0.162068 0.0397708 9.9982E-05 0.0703386 9.9982E-05 0.0997684 0.0112384 0.174159 0.413731
9.9973E-05 0.219535 9.9973E-05 0.0990097 0.0212401 0.0304654 9.9973E-05 0.0720522 0.0139775 0.543421
9.9982E-05 9.9982E-05 0.0397094 0.0259182 0.0800305 0.0682815 0.124808 0.0315455 0.0742959 0.555211
0.687033 0.00146804 9.9991E-05 0.00123697 0.0484734 0.0270265 0.160771 0.0491681 0.00326434 0.0214595
0.342663 9.9964E-05 0.0860397 9.9964E-05 0.0565455 9.9964E-05 0.248509 0.0524598 9.9964E-05 0.213383
0.0122673 0.394653 9.9955E-05 9.9955E-05 0.0515961 9.9955E-05 9.9955E-05 0.0643655 9.9955E-05 0.476618
9.9946E-05 9.9946E-05 0.00134098 9.9946E-05 9.9946E-05 0.122982 0.315187 9.9946E-05 9.9946E-05 0.559891
9.9973E-05 0.126483 9.9973E-05 0.0149758 0.0150356 0.032348 0.141004 9.9973E-05 0.0647963 0.605058
0.346328 0.239335 9.9973E-05 9.9973E-05 0.0257319 0.0297355 0.289657 9.9973E-05 0.0219033 0.04701
0.823002 0.00386325 0.0268689 0.0170221 0.00253339 9.9973E-05 0.104574 9.9973E-05 9.9973E-05 0.0218372
0.391283 0.216961 9.9973E-05 0.00356261 0.0839933 0.0228784 0.133279 9.9973E-05 9.9973E-05 0.147743
0.0373907 0.0684608 9.9964E-05 0.0679799 0.0388374 9.9964E-05 9.9964E-05 9.9964E-05 0.254719 0.532212
0.0833225 0.167041 9.9973E-05 9.9973E-05 0.0765058 0.0892599 0.0359974 0.0818271 9.9973E-05 0.465746
0.0405091 0.334899 9.9973E-05 9.9973E-05 0.0226396 0.0269278 9.9973E-05 0.14999 0.0238375 0.400897
9.9964E-05 0.228109 9.9964E-05 0.0590689 0.0604848 0.0420573 9.9964E-05 9.9964E-05 0.0140991 0.595781
0.753324 9.9937E-05 9.9937E-05 9.9937E-05 9.9937E-05 0.107033 0.138943 9.9937E-05 9.9937E-05 9.9937E-05
9.9964E-05 0.0840742 9.9964E-05 0.130925 9.9964E-05 0.0389498 0.00188901 0.0359738 9.9964E-05 0.707789
9.9955E-05 0.22226 9.9955E-05 9.9955E-05 0.0738477 9.9955E-05 0.117112 9.9955E-05 0.189945 0.396336
0.0478946 0.0511164 9.9982E-05 0.0507033 0.00351828 0.108959 0.135697 0.0116627 9.9982E-05 0.590249
0.471121 9.9964E-05 9.9964E-05 0.0678677 0.0130811 0.0376344 0.251011 9.9964E-05 9.9964E-05 0.158885
9.9964E-05 0.249452 9.9964E-05 9.9964E-05 0.0441051 0.0253761 0.10697 9.9964E-05 0.111127 0.46257
0.0172387 0.149865 0.0699318 9.9973E-05 0.0427766 9.9973E-05 0.34957 0.0201862 9.9973E-05 0.350131
9.9973E-05 9.9973E-05 9.9973E-05 0.0172635 0.00622489 0.0301297 0.0658405 0.0277259 0.113546 0.738969
0.035113 0.240736 9.9991E-05 0.163281 0.0125007 0.018651 0.109229 0.0769221 0.0233966 0.320071
0.52676 9.9955E-05 9.9955E-05 0.0986502 9.9955E-05 0.156253 9.9955E-05 0.00902094 9.9955E-05 0.208816
0.820443 9.9964E-05 0.00947807 0.0546113 0.0682698 0.0170004 0.0297978 9.9964E-05 9.9964E-05 9.9964E-05
9.9973E-05 0.404252 9.9973E-05 9.9973E-05 0.0538435 0.0693421 0.18797 0.0292869 0.154789 0.100216
9.9964E-05 0.227022 9.9964E-05 0.0909716 0.0864134 9.9964E-05 0.146868 9.9964E-05 0.114416 0.33391
9.9982E-05 0.318478 9.9982E-05 0.0124181 0.00933666 0.0969943 0.0441713 0.0665913 0.0771739 0.374637
9.9973E-05 0.285104 9.9973E-05 0.092857 9.9973E-05 0.0609309 0.394248 0.0969261 0.0414449 0.0281886
0.316929 0.135707 9.9973E-05 0.0109786 9.9973E-05 0.0527984 0.246798 9.9973E-05 0.0792278 0.157262
9.9964E-05 0.638315 0.0995502 9.9964E-05 0.0455605 9.9964E-05 0.0855301 9.9964E-05 0.0461265 0.0845177
0.258032 0.18308 0.00299231 0.0260345 9.9982E-05 9.9982E-05 0.00941562 0.0568533 0.0431536 0.420239
9.99201E-05 9.99201E-05 9.99201E-05 9.99201E-05 0.999101 9.99201E-05 9.99201E-05 9.99201E-05 9.99201E-05 9.99201E-05
0.522027 0.123782 0.0366084 9.9973E-05 0.04909 0.0158943 9.9973E-05 0.0491818 9.9973E-05 0.203117
0.272746 9.9964E-05 0.0119255 9.9964E-05 9.9964E-05 0.0532705 0.158959 9.9964E-05 0.0669073 0.435792
9.99201E-05 9.99201E-05 9.99201E-05 9.99201E-05 0.999101 9.99201E-05 9.99201E-05 9.99201E-05 9.99201E-05 9.99201E-05
0.518169 0.0132868 9.9982E-05 0.0565109 0.156848 0.0104757 0.183433 0.0256663 0.0354105 9.9982E-05
0.0906306 0.0587361 9.9973E-05 0.0253442 9.9973E-05 0.0105621 0.30953 9.9973E-05 0.0596736 0.445223
0.284342 0.371997 9.9955E-05 0.166934 9.9955E-05 9.9955E-05 0.138023 0.038204 9.9955E-05 9.9955E-05
0.151314 0.146107 9.9973E-05 9.9973E-05 9.9973E-05 0.167056 0.305856 0.0459204 0.0311441 0.152302
0.118242 0.356147 0.000999053 9.9982E-05 0.0588922 0.113684 0.323923 0.00299157 0.0249209 9.9982E-05
0.68768 0.0438188 0.0186167 0.00905552 9.9973E-05 0.0228621 0.14021 9.9973E-05 0.0774574 9.9973E-05
0.225958 0.171871 9.9982E-05 9.9982E-05 0.0101019 0.0856298 0.12629 0.0920486 0.0295041 0.258397
0.187571 0.308787 9.9973E-05 0.010708 0.0189676 9.9973E-05 0.201919 9.9973E-05 0.14619 0.125557
9.9982E-05 0.215345 9.9982E-05 0.116471 0.0594284 0.0270668 0.100644 0.0825502 0.0980887 0.300206
9.9973E-05 0.161308 9.9973E-05 0.0575383 0.0185395 9.9973E-05 0.0694641 0.159295 0.0519624 0.481592
9.9982E-05 0.272468 0.14335 0.00988539 0.0646618 9.9982E-05 0.129644 0.0380239 0.0509262 0.29084
9.996E-05 0.303644 9.996E-05 9.996E-05 9.996E-05 0.0415368 0.276541 0.0560581 0.0336009 0.28822
0.325503 0.19884 0.0505012 0.0485976 0.0161748 9.9964E-05 9.9964E-05 9.9964E-05 9.9964E-05 0.359983
0.714452 0.017696 9.9973E-05 0.0154377 9.9973E-05 0.0501788 0.0915337 9.9973E-05 0.0363904 0.0740116
0.324041 0.128066 9.9991E-05 0.0123151 0.00812472 0.0392304 0.206971 0.0843375 0.0460863 0.150728
9.9982E-05 0.19675 9.9982E-05 0.0725154 0.111935 0.0971051 0.206885 0.0873069 0.0244596 0.202842
9.9982E-05 0.176154 0.0896551 0.0147998 0.0939471 0.0516365 0.275362 0.0105678 9.9982E-05 0.287678
0.794129 9.9946E-05 9.9946E-05 9.9946E-05 0.0225041 9.9946E-05 0.143465 0.0393018 9.9946E-05 9.9946E-05
9.9982E-05 0.179917 9.9982E-05 0.0429491 0.0548658 0.0571839 0.126349 0.066888 0.131207 0.34044
9.9982E-05 0.216409 0.0522581 0.0495132 0.00366733 0.118557 0.152871 0.0270048 9.9982E-05 0.379519
0.139504 0.0442099 9.9991E-05 0.0440625 0.00800873 0.0364966 0.279357 0.00370317 0.0800352 0.364523
9.9973E-05 0.197806 9.9973E-05 0.0369994 0.0757275 9.9973E-05 0.196255 0.0160446 0.134627 0.34224
0.0894884 0.212884 9.9982E-05 0.0439554 0.0249399 0.15264 0.291279 9.9982E-05 0.0439222 0.140691
0.0156018 9.9973E-05 9.9973E-05 0.0960949 0.104429 9.9973E-05 0.301239 0.128486 0.0469525 0.306897
9.9982E-05 0.309845 9.9982E-05 0.0100518 0.0363051 0.0384905 0.17388 0.130215 0.106828 0.194186
0.0158792 0.353079 9.9964E-05 9.9964E-05 0.0235413 9.9964E-05 9.9964E-05 0.0711047 0.0922221 0.443774
9.9964E-05 0.0897719 0.0182255 0.133119 0.149385 9.9964E-05 9.9964E-05 0.0132825 9.9964E-05 0.595817
0.07253 0.183734 9.9991E-05 0.0306495 0.0273415 0.0744915 0.314635 0.0906373 0.0741215 0.13176
0.460803 9.9973E-05 9.9973E-05 0.0132446 0.0431483 0.0253534 0.241897 9.9973E-05 0.080356 0.134898
0.228239 0.305674 9.9982E-05 0.00082958 0.158866 0.0354249 0.189817 9.9982E-05 0.0212946 0.0596549
9.9964E-05 0.450126 0.0570725 9.9964E-05 0.15882 0.049613 0.22255 9.9964E-05 0.0614179 9.9964E-05
0.105337 0.144993 9.9991E-05 0.0985435 0.0778706 0.00534189 0.168481 0.0549797 0.103534 0.24082
0.0183861 9.9964E-05 9.9964E-05 0.00796662 9.9964E-05 0.00707031 0.490427 0.0337472 9.9964E-05 0.442003
0.826419 9.9946E-05 9.9946E-05 9.9946E-05 0.0207284 9.9946E-05 0.137178 0.0150749 9.9946E-05 9.9946E-05
9.9982E-05 0.266159 0.0264185 0.000299702 0.107249 0.0646875 0.303944 9.9982E-05 0.000759412 0.230283
0.272016 0.15497 9.9973E-05 9.9973E-05 0.0842537 0.0118122 0.244198 0.0232876 9.9973E-05 0.209163
9.9982E-05 0.231827 0.0571612 0.0830895 0.0940788 0.0382496 0.216974 9.9982E-05 0.0422087 0.236211
0.220927 0.55294 9.9955E-05 0.00746828 9.9955E-05 9.9955E-05 0.128567 9.9955E-05 9.9955E-05 0.0895977
0.474636 9.9955E-05 9.9955E-05 9.9955E-05 9.9955E-05 0.0450656 0.248282 9.9955E-05 0.0754462 0.15607
0.431199 0.214916 9.9982E-05 0.0287766 0.0270272 0.0697257 0.0287734 9.9982E-05 0.0511992 0.148183
0.55543 9.9955E-05 9.9955E-05 0.110233 0.00529605 9.9955E-05 9.9955E-05 9.9955E-05 0.0250229 0.303518
9.9946E-05 0.248556 9.9946E-05 9.9946E-05 9.9946E-05 0.0349089 0.277379 9.9946E-05 9.9946E-05 0.438557
0.654252 9.9946E-05 9.9946E-05 9.9946E-05 9.9946E-05 9.9946E-05 0.22808 0.0147861 0.102282 9.9946E-05
0.387536 0.275443 9.9964E-05 0.0196727 0.0119486 9.9964E-05 9.9964E-05 9.9964E-05 0.118966 0.186034
9.9973E-05 0.241136 0.0307174 0.0494424 9.9973E-05 0.0959194 0.00197195 0.125396 9.9973E-05 0.455117
0.879725 9.99371E-05 9.99371E-05 0.0257614 9.99371E-05 9.99371E-05 9.99371E-05 9.99371E-05 0.0938142 9.99371E-05
0.333797 0.11062 9.9955E-05 0.0400555 9.9955E-05 0.0754468 0.43958 9.9955E-05 9.9955E-05 9.9955E-05
0.00999878 0.142847 0.00796455 0.0664258 0.0251821 0.0293168 0.319226 9.9991E-05 0.0527648 0.346174
0.329958 0.151617 9.9955E-05 9.9955E-05 9.9955E-05 0.0640537 0.201761 9.9955E-05 9.9955E-05 0.252111
0.134032 0.16857 9.9964E-05 9.9964E-05 0.0772698 0.0485451 0.079496 9.9964E-05 9.9964E-05 0.491687
9.9982E-05 0.305102 0.0195366 9.9982E-05 0.0011932 0.00514306 0.142737 0.0100674 0.0291546 0.486867
0.257619 0.0139194 9.9973E-05 9.9973E-05 9.9973E-05 0.061659 0.171032 0.098329 0.0772494 0.319892
9.9955E-05 0.538398 9.9955E-05 0.0589308 9.9955E-05 9.9955E-05 0.0150717 9.9955E-05 0.0442302 0.342869
9.9946E-05 0.278391 9.9946E-05 9.9946E-05 9.9946E-05 0.0285057 0.187825 9.9946E-05 9.9946E-05 0.504678
0.0216534 0.230644 0.0327432 0.0070009 0.0326002 0.0283304 0.153037 9.9991E-05 0.134548 0.359343
0.174804 0.107383 0.0830148 0.05449 0.0648563 0.0122992 0.47532 0.00476239 9.9991E-05 0.0229703
0.22953 0.27474 9.9955E-05 9.9955E-05 9.9955E-05 0.000533026 9.9955E-05 9.9955E-05 0.0769391 0.417759
9.9982E-05 0.130505 0.146051 0.0131963 0.060853 0.0617376 9.9982E-05 0.0642465 0.0677518 0.455459
0.108143 0.324109 0.0495831 9.9964E-05 9.9964E-05 9.9964E-05 0.096955 0.019235 9.9964E-05 0.401574
9.9991E-05 0.22329 0.066053 0.0423535 0.0672629 0.0620368 0.197593 0.0299297 0.0787166 0.232664
9.9964E-05 0.455043 9.9964E-05 9.9964E-05 9.9964E-05 0.0212098 0.180676 0.0574841 0.119699 0.165487
0.234326 0.325645 9.9982E-05 9.9982E-05 0.060197 0.0592077 0.059487 0.0481925 0.0983614 0.114383
9.9982E-05 0.294654 0.00828734 0.0135382 0.0847761 9.9982E-05 0.119679 0.0242252 0.0186916 0.435949
0.023245 0.662831 9.9982E-05 0.0367818 0.0528242 0.00287086 0.0604888 9.9982E-05 0.0830896 0.0776684
9.9982E-05 0.114343 0.175059 0.0415192 0.0127117 9.9982E-05 0.0996789 0.122797 0.14897 0.28472
9.9973E-05 0.351269 0.147111 0.0981747 0.0454358 0.041137 9.9973E-05 0.125424 9.9973E-05 0.191149
0.183474 9.9973E-05 9.9973E-05 9.9973E-05 0.0604802 0.0111813 0.316834 0.148268 0.0561036 0.223358
9.9955E-05 0.414586 0.100143 0.0185135 0.0151179 9.9955E-05 9.9955E-05 9.9955E-05 9.9955E-05 0.45114
0.123139 0.127027 9.9982E-05 0.0111503 0.0434801 0.0105903 0.336099 9.9982E-05 0.101444 0.246871
9.9973E-05 0.441932 9.9973E-05 9.9973E-05 0.05635 0.131478 0.0403024 0.0255118 0.0413354 0.26279
9.9964E-05 0.286876 9.9964E-05 0.0430312 0.0125558 9.9964E-05 9.9964E-05 0.0790262 0.0440472 0.534064
9.9982E-05 0.373257 0.074898 0.0138199 0.0358889 0.0403621 0.0883222 9.9982E-05 0.0154373 0.357814
0.349743 0.0444676 9.9973E-05 0.089582 9.9973E-05 9.9973E-05 0.116147 0.0506208 0.0594293 0.28971
0.336313 0.324191 9.9964E-05 9.9964E-05 9.9964E-05 9.9964E-05 0.280003 0.0118509 0.0466463 0.000596725
9.9955E-05 9.9955E-05 9.9955E-05 9.9955E-05 0.0328208 0.0344092 0.114903 0.00893579 9.9955E-05 0.808431
9.9973E-05 0.124469 0.0226918 9.9973E-05 0.0658947 0.0446813 9.9973E-05 0.000374305 0.221361 0.520228
9.9973E-05 0.172428 9.9973E-05 0.114239 0.0166293 0.067811 0.0551962 0.0775255 9.9973E-05 0.495871
9.9973E-05 0.285906 9.9973E-05 0.123276 0.092038 9.9973E-05 0.135293 0.00775918 0.0234205 0.332007
0.215763 0.148078 0.00961069 9.9973E-05 0.166761 0.00640589 0.28511 9.9973E-05 9.9973E-05 0.16797
0.129859 0.365659 9.9991E-05 0.0387077 0.0807319 0.00633866 0.185356 0.0579746 0.0436199 0.0916531
9.9973E-05 0.18747 0.0550991 0.0583756 9.9973E-05 9.9973E-05 0.318379 0.0995608 0.0879427 0.192874
0.463168 9.9982E-05 9.9982E-05 0.000793075 0.0660907 0.1095 0.150074 0.0394011 0.0607951 0.109978
0.107455 0.0845813 9.9973E-05 0.0269034 9.9973E-05 0.0529721 0.233731 9.9973E-05 0.0804104 0.413647
0.0625608 0.370671 0.0809348 0.0064495 0.0779891 9.9982E-05 0.233072 0.0786927 9.9982E-05 0.0894305
0.557253 9.9964E-05 9.9964E-05 0.0249421 0.0226916 0.0636952 0.315334 9.9964E-05 0.0156849 9.9964E-05
9.9982E-05 0.143286 0.0150569 0.0585294 0.0283408 0.0877857 0.388251 9.9982E-05 0.0513807 0.227169
9.9973E-05 0.482644 0.0168623 9.9973E-05 0.0829859 0.0793227 0.125427 0.0435887 9.9973E-05 0.16887
0.0166526 0.126058 9.9982E-05 9.9982E-05 0.027506 0.0628095 0.125558 0.0506895 0.0106197 0.579906
9.9964E-05 0.249227 9.9964E-05 0.048573 9.9964E-05 0.0464032 9.9964E-05 0.016069 0.0842763 0.555052
9.9982E-05 0.471845 0.0149622 0.126122 0.0329047 9.9982E-05 0.195131 0.0239259 0.0945271 0.0403827
9.9982E-05 0.176438 0.0196997 9.9982E-05 0.0774218 0.0275325 0.276127 0.0853241 0.00316477 0.334092
9.9964E-05 0.193304 9.9964E-05 0.0493353 9.9964E-05 0.0862963 0.00504322 9.9964E-05 0.0960322 0.569589
9.9964E-05 0.316495 9.9964E-05 0.0748686 0.0599182 0.0317203 9.9964E-05 9.9964E-05 0.0127729 0.503825
0.0871082 0.112003 9.9982E-05 0.0320387 0.0518861 0.127098 0.271144 9.9982E-05 0.0814112 0.23711
9.9973E-05 0.408579 9.9973E-05 0.0299793 0.0289237 9.9973E-05 0.119302 0.0495619 0.0195627 0.343791
9.9964E-05 0.216835 9.9964E-05 9.9964E-05 0.0757977 9.9964E-05 0.027064 0.145178 0.117199 0.417527
0.00480055 0.180176 9.9955E-05 9.9955E-05 0.0263405 9.9955E-05 0.693555 9.9955E-05 0.0946279 9.9955E-05
0.00410178 0.417475 9.9991E-05 0.0255568 0.0475446 0.0120442 0.0561277 0.0630647 0.00475571 0.369229
9.9964E-05 0.418878 9.9964E-05 0.0288475 0.0801435 0.0225664 0.0586679 9.9964E-05 9.9964E-05 0.390497
0.344141 0.237325 9.9973E-05 0.0247455 0.0429056 0.0679578 0.0344735 9.9973E-05 9.9973E-05 0.248152
0.316306 9.9955E-05 9.9955E-05 9.9955E-05 0.0548439 0.0538284 0.0307247 9.9955E-05 9.9955E-05 0.543797
9.9946E-05 0.34125 9.9946E-05 9.9946E-05 9.9946E-05 9.9946E-05 0.144557 9.9946E-05 0.0336515 0.479941
0.498074 9.9964E-05 9.9964E-05 0.0243958 0.0350001 0.0610994 0.0711306 9.9964E-05 9.9964E-05 0.309901
9.9982E-05 0.195719 9.9982E-05 0.0723567 0.0355506 0.0236294 0.356741 0.000788514 0.0274082 0.287607
0.265854 9.9955E-05 9.9955E-05 9.9955E-05 9.9955E-05 0.00885005 0.22885 9.9955E-05 0.0280719 0.467873
0.0113905 0.427548 0.00746535 0.0575511 0.0188195 9.9982E-05 9.9982E-05 0.0465796 0.0289864 0.40146
0.0271716 9.9964E-05 9.9964E-05 0.102891 0.10987 9.9964E-05 0.669421 0.0679894 9.9964E-05 0.0222575
0.290215 0.158962 0.0398281 0.0857436 0.0843391 9.9973E-05 0.0981682 9.9973E-05 9.9973E-05 0.242444
0.424309 9.9964E-05 9.9964E-05 9.9964E-05 0.168255 0.0820248 0.132724 0.0381341 9.9964E-05 0.154154
9.9964E-05 0.375364 9.9964E-05 9.9964E-05 9.9964E-05 0.0582142 0.123043 0.025292 0.0869592 0.330728
9.996E-05 0.614695 9.996E-05 0.0651875 0.0549582 0.070784 9.996E-05 9.996E-05 0.0349233 0.159052
0.268307 0.259911 9.9982E-05 0.0302258 0.0538592 0.0567331 0.0495139 9.9982E-05 0.0473761 0.233873
9.9964E-05 0.585419 9.9964E-05 0.00789115 9.9964E-05 9.9964E-05 0.0531795 0.130817 0.045229 0.177065
0.0364026 0.353061 0.0589858 9.9964E-05 9.9964E-05 0.0210051 9.9964E-05 0.0641685 9.9964E-05 0.465977
0.705783 9.9955E-05 9.9955E-05 0.0417369 9.9955E-05 0.0828312 0.142415 9.9955E-05 9.9955E-05 0.0267342
9.9973E-05 0.10274 9.9973E-05 9.9973E-05 0.0215896 0.0326931 0.143626 0.158736 0.0249837 0.515332
9.9946E-05 0.506749 9.9946E-05 9.9946E-05 9.9946E-05 9.9946E-05 0.233764 9.9946E-05 0.00249439 0.256393
9.9982E-05 0.311346 9.9982E-05 0.014397 0.0099059 0.091526 0.0666579 0.0202012 0.0423846 0.443381
0.00536205 9.9982E-05 9.9982E-05 0.0215206 0.029253 0.0477141 0.310235 0.0255324 0.135808 0.424375
9.9973E-05 0.00139491 9.9973E-05 0.0244201 9.9973E-05 0.0276918 0.292871 0.0875737 0.0468857 0.518863
9.9973E-05 0.197109 9.9973E-05 0.0230988 0.0169009 0.0204978 0.173373 0.069083 9.9973E-05 0.499638
0.0319292 0.140698 9.9973E-05 0.0131762 0.035009 0.0955693 9.9973E-05 9.9973E-05 0.149559 0.53376
0.0832073 0.133262 9.9973E-05 0.0840567 9.9973E-05 0.0404487 0.0440725 9.9973E-05 0.0620755 0.552578
0.509203 0.0490686 9.9982E-05 0.0144599 0.0233777 0.011821 0.190251 0.115229 9.9982E-05 0.0863887
9.9955E-05 0.266361 9.9955E-05 9.9955E-05 0.0738668 0.0448734 0.0916991 9.9955E-05 9.9955E-05 0.5227
9.9955E-05 0.304628 9.9955E-05 0.0573068 0.0238968 0.0403605 9.9955E-05 9.9955E-05 9.9955E-05 0.573308
0.123833 0.104799 9.9991E-05 0.0946565 0.0454157 0.0516405 0.240876 0.0469154 0.0811508 0.210613
0.284751 9.9973E-05 9.9973E-05 0.0110943 0.0643841 9.9973E-05 0.235779 0.0264002 0.0100013 0.36729
9.9982E-05 0.267848 0.0380167 9.9982E-05 0.0857773 0.0179323 0.00678172 0.00205208 0.0794752 0.501917
0.226502 0.205944 9.9964E-05 9.9964E-05 0.0558822 9.9964E-05 0.155673 9.9964E-05 0.00473728 0.350861
0.0257094 0.333277 9.9964E-05 0.0216208 9.9964E-05 0.0806563 9.9964E-05 0.0454811 9.9964E-05 0.492855
0.296424 0.314494 9.9982E-05 9.9982E-05 0.0315906 0.0544044 0.0925537 0.0276023 0.0103369 0.172394
0.0698729 0.166539 0.097342 9.9982E-05 0.0476973 0.00505493 0.249264 0.0432004 9.9982E-05 0.32083
0.337669 0.0346831 9.9973E-05 9.9973E-05 0.0710762 0.052131 0.334429 0.137798 9.9973E-05 0.0319138
0.260575 0.0898997 9.9973E-05 0.0318127 9.9973E-05 0.0489196 0.00182358 0.083746 9.9973E-05 0.482923
0.0100008 9.9982E-05 0.110018 0.029354 0.0997693 0.0373084 0.19172 9.9982E-05 0.108223 0.413408
0.239649 0.0458431 9.9982E-05 0.0504127 9.9982E-05 0.00836674 0.113599 0.100792 0.0538867 0.38725
9.9973E-05 0.172825 9.9973E-05 0.0492943 0.0520656 0.0342518 0.194689 0.082033 9.9973E-05 0.414541
0.0156294 0.0207099 9.9982E-05 0.0246749 0.125724 0.0386861 0.157948 9.9982E-05 0.0549413 0.561487
9.9946E-05 9.9946E-05 9.9946E-05 9.9946E-05 0.0593745 9.9946E-05 0.451931 9.9946E-05 0.084296 0.403799
0.227406 0.074964 0.0252178 9.9982E-05 0.0822061 0.00931862 0.233383 0.00763038 9.9982E-05 0.339673
9.9964E-05 0.407573 9.9964E-05 9.9964E-05 0.0261371 9.9964E-05 0.252513 0.0198936 0.0176927 0.275791
9.9964E-05 0.231004 9.9964E-05 9.9964E-05 9.9964E-05 0.127375 0.0806822 0.132341 0.117299 0.310897
9.9973E-05 0.169601 9.9973E-05 0.030971 0.0573367 0.0296827 9.9973E-05 0.00495788 0.0384423 0.668709
0.487612 9.9973E-05 0.0447285 9.9973E-05 9.9973E-05 0.0889105 0.121171 0.061576 0.0154669 0.180235
0.853508 9.9964E-05 9.9964E-05 0.0446785 9.9964E-05 0.0205753 0.0139635 9.9964E-05 0.0523659 0.0145088
0.122185 0.196141 9.9973E-05 9.9973E-05 0.0165669 9.9973E-05 0.0891536 0.0816404 0.128178 0.365836
0.0742426 0.411447 9.9991E-05 0.0706837 0.0176013 0.088217 0.0392264 0.113425 0.0287532 0.156304
0.0034924 0.218108 0.0307414 0.0196778 0.0464325 0.0943218 0.35061 0.0794538 9.9991E-05 0.157063
0.163248 0.286165 9.9973E-05 9.9973E-05 9.9973E-05 0.0828991 0.330544 0.0021189 0.00366902 0.131056
0.206182 0.244815 0.000679519 0.0690394 0.033897 0.00952708 0.148134 9.9991E-05 0.0679059 0.21972
0.0897179 0.242834 9.9973E-05 0.0451064 9.9973E-05 0.0281952 9.9973E-05 0.173356 0.12345 0.297041
9.9982E-05 0.359907 0.0276424 0.084542 0.0595082 0.0162196 0.125714 9.9982E-05 0.0761759 0.250091
9.9982E-05 0.13775 0.125717 0.00578992 9.9982E-05 0.0378403 0.21383 0.0235205 0.000134374 0.455217
9.9973E-05 0.203264 9.9973E-05 0.0680648 0.0540262 0.144477 0.00463555 9.9973E-05 0.068978 0.456255
9.9955E-05 0.351836 0.0119491 9.9955E-05 9.9955E-05 0.0320835 9.9955E-05 9.9955E-05 0.183978 0.419653
9.9946E-05 0.243938 9.9946E-05 9.9946E-05 0.00754821 9.9946E-05 0.0444812 9.9946E-05 9.9946E-05 0.703433
9.9964E-05 0.266279 9.9964E-05 9.9964E-05 0.0364027 0.0467696 0.0707032 9.9964E-05 0.0796021 0.499844
9.9964E-05 0.263009 9.9964E-05 0.0967221 0.141582 9.9964E-05 0.265453 9.9964E-05 0.0905615 0.142272
9.9973E-05 0.217938 0.154477 9.9973E-05 0.00964611 0.0131727 0.139765 9.9973E-05 0.0245267 0.440174
0.0725317 0.102048 9.9991E-05 0.00956475 0.0495524 0.00339011 0.0496799 0.175922 0.0825917 0.454619
9.9982E-05 0.619546 9.9982E-05 0.0385542 0.0655489 0.0560278 0.00294767 0.0186239 0.117513 0.081039
9.9964E-05 0.267972 9.9964E-05 9.9964E-05 9.9964E-05 0.0192284 0.257714 0.0567819 0.13268 0.265224
0.0932791 0.0879112 9.9964E-05 9.9964E-05 0.0810216 0.0785961 9.9964E-05 0.0785132 9.9964E-05 0.580279
0.51525 9.9982E-05 0.00919203 0.0699889 0.0177562 0.0955352 9.9982E-05 0.0454082 0.0207326 0.225937
0.333937 0.173417 0.0440914 9.9991E-05 0.00557932 0.0927923 0.246769 0.0537983 0.0121444 0.0373715
0.735833 9.99461E-05 9.99461E-05 9.99461E-05 0.0257773 0.0383734 9.99461E-05 9.99461E-05 9.99461E-05 0.199417
9.9973E-05 0.308191 9.9973E-05 9.9973E-05 0.0124606 0.0195986 0.046648 0.0778406 0.1223 0.412661
0.680029 9.9946E-05 0.0251027 9.9946E-05 9.9946E-05 0.132286 9.9946E-05 9.9946E-05 9.9946E-05 0.161983
0.619754 0.093297 0.05874 0.00819176 0.0378576 9.9973E-05 0.176493 9.9973E-05 0.00536672 9.9973E-05
9.9982E-05 0.293468 9.9982E-05 0.0293346 0.070589 0.0234645 0.275389 0.111488 0.0132464 0.18282
0.00125955 0.125468 0.0597677 0.0102838 0.00542225 0.0372872 0.174296 0.104752 9.9991E-05 0.481364
9.9973E-05 0.288078 0.0609701 9.9973E-05 0.035084 0.00503287 0.0274133 0.185572 9.9973E-05 0.39755
0.642182 0.131677 9.9964E-05 0.0623107 9.9964E-05 9.9964E-05 0.112989 0.0369601 0.013482 9.9964E-05
9.9955E-05 0.238629 9.9955E-05 0.0193346 0.0849178 9.9955E-05 0.203376 9.9955E-05 9.9955E-05 0.453243
0.287804 0.176032 9.997E-05 0.0639113 0.0419723 0.0135354 0.361175 0.0552704 9.997E-05 9.997E-05
0.00324564 9.9964E-05 9.9964E-05 9.9964E-05 0.111632 9.9964E-05 0.10061 0.181222 0.0157496 0.58714
0.68103 0.0999163 9.9946E-05 9.9946E-05 9.9946E-05 0.109525 9.9946E-05 9.9946E-05 0.108929 9.9946E-05
0.0631419 0.330965 0.0252772 9.9991E-05 0.0348718 0.0331732 0.209156 0.0654805 0.0196429 0.218192
0.0277945 0.191951 9.9964E-05 0.0256203 9.9964E-05 9.9964E-05 0.108227 9.9964E-05 0.0721503 0.573857
9.9955E-05 0.379059 9.9955E-05 0.037375 9.9955E-05 9.9955E-05 9.9955E-05 0.019383 0.0322477 0.531436
9.9964E-05 0.44069 0.0732142 9.9964E-05 0.112246 0.0152655 0.141398 9.9964E-05 9.9964E-05 0.216786
0.68621 9.9964E-05 0.0265155 0.0119682 9.9964E-05 9.9964E-05 0.045921 0.0726625 9.9964E-05 0.156323
0.171524 9.9964E-05 9.9964E-05 0.0517516 9.9964E-05 0.0149073 0.32024 9.9964E-05 0.0252934 0.415884
0.293707 9.9982E-05 0.0745512 0.0498661 0.029997 0.0803533 0.218984 9.9982E-05 0.0497378 0.202603
9.9982E-05 9.9982E-05 0.0334604 0.0291826 0.11377 0.0166573 0.0994944 0.179216 0.0321433 0.495876
0.632576 0.116638 9.9964E-05 0.0289036 9.9964E-05 9.9964E-05 0.158863 9.9964E-05 0.05527 0.00734984
0.0433821 0.199376 0.155374 9.9991E-05 0.0170224 0.0377578 0.316438 0.103005 0.0190663 0.108478
0.250451 0.0205254 9.9973E-05 0.064489 9.9973E-05 0.0691617 0.495871 9.9973E-05 0.0712885 0.0279132
9.9973E-05 0.351704 0.100194 9.9973E-05 0.0453647 0.0355071 0.072735 9.9973E-05 0.0248737 0.369321
0.0165627 0.0392093 0.0404721 0.0783213 0.0120663 0.025951 0.670843 9.9991E-05 0.0460775 0.070397
0.45708 9.9973E-05 0.00621931 9.9973E-05 0.0222636 0.0765513 0.138083 0.0573827 9.9973E-05 0.24212
9.9964E-05 0.24042 0.0267327 0.0468437 0.0898905 9.9964E-05 9.9964E-05 0.201913 9.9964E-05 0.3938
0.00722033 0.466583 9.9973E-05 0.0288568 0.0601464 9.9973E-05 9.9973E-05 0.0941291 0.0845293 0.258235
9.9991E-05 0.408166 0.0280071 0.0417786 0.0050714 0.0323519 0.137867 0.0609114 0.0645129 0.221233
0.0275965 0.201361 0.0484163 0.0512513 0.0142631 0.0365302 9.9982E-05 0.0697865 9.9982E-05 0.550595
0.317227 0.0538042 9.9982E-05 0.00858454 0.0471922 0.0102964 0.309071 0.0255494 9.9982E-05 0.228076
9.9973E-05 0.46207 0.0263008 9.9973E-05 0.0269895 0.0857079 0.145039 9.9973E-05 0.0253329 0.228261
0.00687554 0.251794 9.9973E-05 0.054115 9.9973E-05 0.0168325 9.9973E-05 0.0969998 0.0472503 0.525833
0.0545337 0.31255 0.0176427 9.9973E-05 0.0303229 0.0276572 9.9973E-05 0.00534638 9.9973E-05 0.551647
0.382414 9.9973E-05 9.9973E-05 0.120841 0.00683246 9.9973E-05 0.155406 0.0316617 0.0737869 0.228758
0.101434 0.282695 9.9964E-05 0.00722651 0.0634733 9.9964E-05 0.370491 9.9964E-05 9.9964E-05 0.174279
9.9964E-05 0.177766 9.9964E-05 0.0403025 9.9964E-05 0.0959748 0.0686237 0.0807755 9.9964E-05 0.536158
0.0550661 0.168064 9.9973E-05 0.0168779 0.0654439 9.9973E-05 0.347893 0.222565 0.12379 9.9973E-05
0.12316 0.233136 9.999E-05 0.107354 0.0525439 0.0368291 0.172829 0.140087 0.0336258 0.100336
9.9982E-05 0.227528 9.9982E-05 0.0439421 0.00172454 0.000673646 0.337706 0.0700495 0.0960464 0.222129
0.274086 0.19809 9.9982E-05 0.0501522 0.0537971 0.0145294 0.323979 9.9982E-05 0.0743142 0.010852
9.9964E-05 0.236096 9.9964E-05 9.9964E-05 0.0856106 0.0142964 0.405084 9.9964E-05 0.191661 0.0668522
0.298214 9.9973E-05 9.9973E-05 9.9973E-05 0.0176789 0.00855143 0.276298 0.0260788 0.0578375 0.315042
9.99577E-05 0.381369 9.99577E-05 0.190668 9.99577E-05 0.0316723 9.99577E-05 9.99577E-05 0.0442443 0.351547
9.9964E-05 0.444944 9.9964E-05 9.9964E-05 0.000486056 0.0134902 9.9964E-05 0.0249181 0.0779387 0.437824
9.9964E-05 0.217913 0.0118612 9.9964E-05 9.9964E-05 0.0258365 0.208589 9.9964E-05 0.0915455 0.443854
9.9982E-05 0.122303 0.0513641 0.0287122 0.0627179 0.000317913 0.0498522 0.0564889 9.9982E-05 0.628044
9.9982E-05 0.202688 0.0544417 0.0875019 0.222071 0.055119 9.9982E-05 0.0144032 0.00593028 0.357645
9.9982E-05 0.322099 0.00185919 9.9982E-05 0.0234394 0.0259713 0.0420384 0.136821 0.0694266 0.378145
0.193662 0.387719 9.9964E-05 9.9964E-05 0.0505272 0.10015 0.221843 9.9964E-05 0.0456984 9.9964E-05
9.9955E-05 0.260998 9.9955E-05 0.123104 9.9955E-05 9.9955E-05 0.478003 9.9955E-05 0.0168685 0.120527
9.9946E-05 0.177475 9.9946E-05 9.9946E-05 9.9946E-05 9.9946E-05 0.101793 9.9946E-05 0.0660832 0.654049
0.0376884 0.0485921 9.9982E-05 0.136661 0.0127704 0.0304206 0.108919 9.9982E-05 0.0423596 0.582389
0.0218511 0.308794 9.9991E-05 0.0320497 0.00999724 0.0500305 0.2169 0.14357 0.0299042 0.186803
0.194897 0.299409 0.0143474 9.9973E-05 0.032572 0.0923896 0.346716 0.0193687 9.9973E-05 9.9973E-05
9.9991E-05 0.0926587 0.109898 0.0338215 0.100217 0.0310287 0.0451791 0.0492995 0.0851066 0.452691
9.9982E-05 0.0272535 0.0775769 0.150626 9.9982E-05 0.0115774 0.11195 0.000433498 0.0659298 0.554453
0.66403 0.098027 9.9955E-05 9.9955E-05 9.9955E-05 0.0572447 0.172154 9.9955E-05 0.00804434 9.9955E-05
0.583573 0.26879 0.0122182 0.0221816 0.044767 9.9973E-05 9.9973E-05 9.9973E-05 0.000741718 0.067429
9.9964E-05 9.9964E-05 9.9964E-05 0.0286625 0.0970101 0.026924 9.9964E-05 0.152547 0.111799 0.582657
0.0178584 0.171033 0.312974 9.9973E-05 0.017767 0.00742142 9.9973E-05 9.9973E-05 0.13395 0.338697
9.99639E-05 0.00238939 0.27927 0.172731 9.99639E-05 9.99639E-05 0.258193 0.278923 9.99639E-05 0.00809417
9.9982E-05 0.144666 0.313668 0.0404706 0.00431879 0.0437311 9.9982E-05 0.0903291 0.0774868 0.28513
9.9964E-05 0.267361 0.127791 9.9964E-05 0.0290958 9.9964E-05 9.9964E-05 0.0344604 0.0572926 0.483599
9.9982E-05 0.163132 0.487168 0.0207531 0.0317286 0.0787855 9.9982E-05 0.058527 0.0326241 0.127082
0.0284098 0.0549834 0.322699 0.146652 9.9982E-05 0.0312288 9.9982E-05 0.0714648 0.105834 0.238528
0.0170178 0.401117 0.419565 0.0383679 0.0266776 0.0133965 9.9982E-05 9.9982E-05 0.0252793 0.0583794
9.9973E-05 0.16598 0.328486 0.0399417 9.9973E-05 0.0651169 9.9973E-05 0.120508 0.15502 0.124648
0.0383753 0.0852431 0.380167 0.0725167 9.9991E-05 0.00800859 0.0298051 0.0682974 0.163398 0.154089
9.9982E-05 0.188863 0.223797 0.0822676 9.9982E-05 0.0646369 0.0121006 0.0292378 0.182121 0.216776
9.9982E-05 0.257843 0.15613 0.167976 0.0806744 0.0359902 0.114079 0.0178806 9.9982E-05 0.169226
9.9973E-05 0.241563 0.415139 0.0330843 9.9973E-05 0.0525247 0.105604 0.0651332 9.9973E-05 0.0866522
9.9991E-05 0.414313 0.136735 0.042068 0.0258098 0.128571 0.0069841 0.049897 0.00985705 0.185664
0.00343318 0.0159547 0.133523 0.0455751 0.0420858 0.061346 9.9991E-05 0.228172 0.198535 0.271275
0.022434 0.0507486 0.311969 0.0262844 0.0298027 0.0279322 9.9991E-05 0.118005 0.117524 0.2952
9.9964E-05 0.100732 0.472969 0.118838 9.9964E-05 0.0727668 0.158715 0.0755798 9.9964E-05 9.9964E-05
9.9964E-05 0.267152 0.323584 0.0516265 0.0628095 0.0152725 9.9964E-05 9.9964E-05 9.9964E-05 0.279156
9.9982E-05 0.298239 0.237133 0.0699278 9.9982E-05 0.0285156 0.11852 0.0930078 0.043597 0.110859
0.689777 9.9964E-05 0.0389902 0.0357765 0.0751747 0.0312859 0.128596 9.9964E-05 9.9964E-05 9.9964E-05
0.062648 0.0813731 0.257549 0.0998789 0.0389038 0.00195678 9.9982E-05 9.9982E-05 0.196336 0.261155
9.9982E-05 0.166663 0.241399 0.0716851 0.0707465 0.066159 9.9982E-05 0.0347094 0.166619 0.181819
0.0865346 0.288574 0.0187664 0.0550172 9.9982E-05 0.00163906 0.123143 9.9982E-05 0.0536242 0.372502
0.00636167 0.23761 0.552439 0.0955943 0.0181079 9.9973E-05 9.9973E-05 9.9973E-05 0.0763094 0.0132781
9.9964E-05 0.0266023 0.367358 0.114587 0.221073 9.9964E-05 9.9964E-05 0.0835355 0.186445 9.9964E-05
9.9982E-05 0.279875 0.103926 0.0208933 0.100153 0.00691496 0.208137 9.9982E-05 0.15938 0.120522
0.0217464 0.0393241 0.393959 0.125648 9.9982E-05 0.0578193 9.9982E-05 0.0196832 0.113343 0.228276
9.9982E-05 0.190816 0.18167 0.118833 9.9982E-05 0.0453106 0.112701 0.165519 0.0445122 0.140439
9.9982E-05 0.225662 0.117075 0.0830291 0.0355392 0.0269233 9.9982E-05 0.256201 0.155323 0.100046
0.0420286 0.19618 0.278674 0.201524 9.9973E-05 9.9973E-05 9.9973E-05 0.0745531 0.127075 0.0796652
0.00153944 0.0012344 0.271168 0.102761 0.0440177 0.0696752 0.184368 0.0971195 0.197711 0.0304057
9.9982E-05 0.176494 0.399834 0.0447047 0.0452473 0.0195165 9.9982E-05 0.207948 0.097196 0.00885921
9.99201E-05 9.99201E-05 9.99201E-05 0.999101 9.99201E-05 9.99201E-05 9.99201E-05 9.99201E-05 9.99201E-05 9.99201E-05
9.9991E-05 0.0759305 0.229683 0.0964307 0.000653938 0.168451 0.04122 0.148604 0.071957 0.166969
9.9982E-05 0.0324054 0.275899 0.0426145 9.9982E-05 0.0163158 0.0763765 0.0859851 0.215774 0.254429
