0.0141705 0.0812485 0.564269 0.0580984 0.0116044 0.00144893 0.0529509 0.0576005 0.101468 0.0571411
0.130105 0.245358 0.336552 0.104658 9.9973E-05 9.9973E-05 0.0237929 0.132949 9.9973E-05 0.0262852
0.333478 9.9964E-05 0.40314 0.13767 9.9964E-05 0.0690556 9.9964E-05 0.0365394 9.9964E-05 0.0197168
0.15954 0.09105 0.487134 0.046778 9.9973E-05 9.9973E-05 0.0069306 0.0897019 9.9973E-05 0.118565
0.168115 0.042554 0.596569 9.9973E-05 0.0239655 9.9973E-05 0.0293223 0.0834535 0.0557215 9.9973E-05
0.253936 9.9946E-05 9.9946E-05 9.9946E-05 9.9946E-05 9.9946E-05 0.0421995 9.9946E-05 0.0298124 0.673452
0.0512929 0.0522968 0.626982 0.0209462 0.0490614 0.0461822 0.00493654 0.0549386 0.0877513 0.00561226
0.0286412 9.9946E-05 9.9946E-05 9.9946E-05 0.0168416 0.110077 9.9946E-05 9.9946E-05 9.9946E-05 0.843841
0.167269 0.025467 0.550953 0.0242672 0.0739037 0.0549462 0.0578426 0.0211075 9.9991E-05 0.0241441
0.191534 0.127603 0.473135 0.0419486 9.9973E-05 0.0598394 0.00156078 0.10408 9.9973E-05 9.9973E-05
0.159156 0.129035 0.578229 0.0828003 0.0160043 9.9982E-05 0.0170055 0.0169133 9.9982E-05 0.000656109
0.227887 0.149682 0.317016 9.9964E-05 0.0700303 9.9964E-05 0.0791541 9.9964E-05 9.9964E-05 0.15583
0.097476 0.00529267 0.569854 0.0490814 0.0967053 0.0880164 9.9973E-05 0.0932739 9.9973E-05 9.9973E-05
0.17392 9.99655E-05 0.593767 0.0863318 0.0148855 9.99655E-05 0.0601732 9.99655E-05 9.99655E-05 0.0705221
0.28327 0.158908 9.9955E-05 0.0128468 9.9955E-05 9.9955E-05 9.9955E-05 0.00391123 9.9955E-05 0.540564
0.344948 9.9964E-05 0.274319 0.122677 0.121772 0.0917249 9.9964E-05 0.0441589 9.9964E-05 9.9964E-05
0.166065 0.0378728 0.478545 0.027407 0.0284196 0.0188033 0.0649727 0.0057132 9.9991E-05 0.172101
9.9964E-05 0.0764856 0.585202 9.9964E-05 0.045353 0.127139 0.0123283 0.153093 9.9964E-05 9.9964E-05
0.276031 0.15876 0.470134 9.9955E-05 0.0512176 9.9955E-05 0.0433581 9.9955E-05 9.9955E-05 9.9955E-05
0.0741671 0.0421371 0.693128 0.0695458 9.9973E-05 9.9973E-05 0.0305926 0.089121 0.00100845 9.9973E-05
0.10541 0.139695 0.670772 9.9964E-05 0.0313132 9.9964E-05 0.0307175 0.0216928 9.9964E-05 9.9964E-05
0.0426883 0.0892938 0.539302 0.0719375 0.061624 0.042143 0.0519849 0.0213598 9.9991E-05 0.0795663
0.111198 0.0362307 0.578 0.165375 9.9964E-05 0.0385416 0.070255 9.9964E-05 9.9964E-05 9.9964E-05
0.223452 0.0240605 9.9964E-05 0.146479 9.9964E-05 0.0501219 9.9964E-05 9.9964E-05 0.0307483 0.524738
0.0576059 9.9973E-05 0.578379 0.061885 0.0739609 0.0759288 0.0245797 0.127361 9.9973E-05 9.9973E-05
0.102195 0.261637 9.9946E-05 9.9946E-05 9.9946E-05 9.9946E-05 9.9946E-05 0.0472967 9.9946E-05 0.588272
0.286813 9.9982E-05 0.0528551 0.037158 0.0431142 9.9982E-05 0.0118522 0.107483 0.0710452 0.389479
9.9964E-05 0.0772863 0.635177 9.9964E-05 0.0108931 9.9964E-05 0.00362214 0.0044043 9.9964E-05 0.268217
0.280148 9.9964E-05 0.0255764 0.0669969 9.9964E-05 9.9964E-05 0.0290671 9.9964E-05 0.00703555 0.590776
0.0574822 0.0187275 0.732744 0.0381409 0.00418649 9.9973E-05 9.9973E-05 9.9973E-05 0.0209081 0.127511
0.191975 0.001001 0.164422 0.0666292 0.0180533 0.0106706 0.0501945 9.9991E-05 0.0472505 0.449704
0.146602 9.9964E-05 0.584345 9.9964E-05 0.0727492 9.9964E-05 0.0132688 0.150984 0.0316503 9.9964E-05
0.319259 9.9964E-05 0.306717 0.140417 9.9964E-05 0.0375551 0.0279101 9.9964E-05 9.9964E-05 0.167743
9.9955E-05 9.9955E-05 0.139131 9.9955E-05 0.00619922 9.9955E-05 0.0139791 9.9955E-05 0.0457473 0.794443
9.9937E-05 9.9937E-05 9.9937E-05 9.9937E-05 0.054217 0.128997 9.9937E-05 9.9937E-05 9.9937E-05 0.816086
0.329768 9.9973E-05 0.425098 9.9973E-05 0.0235814 0.0610523 0.023845 0.0955151 9.9973E-05 0.0408407
0.157184 0.153449 0.489155 9.9964E-05 0.0695004 9.9964E-05 9.9964E-05 0.0307745 9.9964E-05 0.0995367
0.17577 0.102887 0.431806 0.0206294 0.0857904 0.0549057 0.0346423 0.0933693 9.9982E-05 9.9982E-05
9.9946E-05 0.0460543 0.106212 9.9946E-05 9.9946E-05 9.9946E-05 9.9946E-05 0.182116 9.9946E-05 0.665018
0.292261 0.0835224 0.0956076 0.0552897 9.9973E-05 9.9973E-05 0.0873086 0.0330398 9.9973E-05 0.352671
0.356543 0.188874 0.0726891 0.0555654 0.0481627 0.0736458 9.9973E-05 9.9973E-05 9.9973E-05 0.204219
0.420477 9.9964E-05 0.440644 0.0443179 0.0376929 0.0563507 0.00011834 9.9964E-05 9.9964E-05 9.9964E-05
0.1643 0.030285 0.466251 0.0411252 0.00403724 9.9982E-05 0.0636234 0.105792 9.9982E-05 0.124385
0.120932 0.174928 9.9964E-05 9.9964E-05 0.0862551 0.0622772 9.9964E-05 0.0642164 9.9964E-05 0.490992
0.345499 0.0700993 0.359879 0.0434434 0.0463858 9.9973E-05 9.9973E-05 0.0432103 0.0911829 9.9973E-05
0.137018 0.165733 0.306988 0.131072 0.0416746 0.0724068 0.0249 0.120009 9.9982E-05 9.9982E-05
0.0197138 0.0221647 0.513568 0.0496326 0.00814123 0.086704 0.0718311 0.136921 9.9991E-05 0.0912234
0.384686 0.0848553 0.267912 9.9973E-05 9.9973E-05 9.9973E-05 0.0133291 0.0689357 0.151996 0.0279868
0.286127 0.052634 0.346777 0.103188 0.0724587 9.9973E-05 9.9973E-05 0.110255 9.9973E-05 0.0282604
0.496339 0.0170324 9.9964E-05 9.9964E-05 0.00788093 9.9964E-05 0.0681502 0.0773016 9.9964E-05 0.332896
0.0785214 0.0725108 0.635738 0.0750953 9.9964E-05 0.0874539 0.0502811 9.9964E-05 9.9964E-05 9.9964E-05
0.0620548 0.0775301 0.194562 0.0950058 9.9973E-05 9.9973E-05 0.00873616 9.9973E-05 0.12737 0.434441
0.259826 0.206611 0.355745 9.9973E-05 0.0312123 0.0407288 0.0345355 0.0710418 9.9973E-05 9.9973E-05
0.0626876 9.9946E-05 9.9946E-05 9.9946E-05 0.00805325 9.9946E-05 9.9946E-05 0.095429 9.9946E-05 0.83323
0.286917 0.0901154 0.172003 0.00505658 0.0401849 9.9973E-05 0.0250897 9.9973E-05 9.9973E-05 0.380334
0.0420017 0.120142 0.691063 0.0293521 0.0450282 0.0190029 0.0270514 0.0261577 9.9982E-05 9.9982E-05
9.9946E-05 9.9946E-05 0.723777 0.148748 9.9946E-05 0.125206 0.00166811 9.9946E-05 9.9946E-05 9.9946E-05
0.150516 9.9973E-05 0.400534 0.0542051 0.0740805 9.9973E-05 0.088958 9.9973E-05 0.0876166 0.143791
0.260215 0.0415797 0.174252 0.138274 0.0288129 9.9982E-05 0.0102559 9.9982E-05 0.0463322 0.300079
0.0910064 9.9946E-05 0.555879 9.9946E-05 0.0220299 9.9946E-05 9.9946E-05 9.9946E-05 9.9946E-05 0.330484
0.0567696 9.9973E-05 9.9973E-05 0.0261524 0.0703088 9.9973E-05 0.027837 0.0678234 0.0163874 0.734421
0.110039 0.00239851 9.9955E-05 0.0593402 9.9955E-05 9.9955E-05 9.9955E-05 0.00701433 9.9955E-05 0.820708
0.212891 9.9964E-05 0.505501 0.0613945 0.0880004 0.0989819 9.9964E-05 0.0328309 9.9964E-05 9.9964E-05
0.0512908 9.99371E-05 9.99371E-05 0.0121186 9.99371E-05 9.99371E-05 9.99371E-05 9.99371E-05 9.99371E-05 0.935891
0.286889 0.0579284 0.52577 9.9955E-05 9.9955E-05 9.9955E-05 0.100657 0.028256 9.9955E-05 9.9955E-05
9.9937E-05 0.222177 9.9937E-05 9.9937E-05 0.00745191 9.9937E-05 9.9937E-05 9.9937E-05 9.9937E-05 0.769672
9.9955E-05 0.137469 0.662573 0.0846076 0.104964 9.9955E-05 0.00988549 9.9955E-05 9.9955E-05 9.9955E-05
0.419119 0.0822531 0.139787 0.110399 9.9991E-05 0.0480196 0.0436913 0.064314 0.000960703 0.0913566
0.248977 0.160493 0.313548 0.104734 0.0706625 0.0761777 0.0251073 9.9973E-05 9.9973E-05 9.9973E-05
0.229096 0.0238112 9.9946E-05 9.9946E-05 9.9946E-05 0.0560671 9.9946E-05 9.9946E-05 9.9946E-05 0.690426
0.0535034 0.122867 0.415329 0.141115 0.0653948 0.0190537 0.0663452 0.0955386 0.00109619 0.0197575
0.268201 9.9973E-05 0.39823 0.0442538 0.0762228 9.9973E-05 0.0654891 0.146544 9.9973E-05 0.000758929
0.208047 9.9982E-05 0.362708 0.0441313 0.0232388 0.112066 0.0380934 0.00256451 9.9982E-05 0.208951
0.306662 0.158151 0.40041 0.0155731 9.9973E-05 9.9973E-05 0.0361643 0.0519576 0.0307825 9.9973E-05
0.132553 0.171605 0.378534 0.0290063 0.059364 0.00983728 0.0796273 0.0803334 9.9991E-05 0.0590402
0.00892949 0.0362868 0.474514 0.0282918 0.072859 9.9982E-05 0.000107649 9.9982E-05 0.0321754 0.346636
0.0582275 0.0933501 0.610237 0.0996215 9.9982E-05 0.0420281 0.00313583 0.0840695 9.9982E-05 0.00913065
0.1249 0.0332505 0.321567 0.0881782 0.0241819 0.0997621 9.9982E-05 0.142348 9.9982E-05 0.165613
0.322381 9.9982E-05 0.330577 0.130596 0.0122946 9.9982E-05 0.0440116 0.024342 0.0568797 0.0787178
0.149723 0.094965 0.452726 0.0676924 0.0738105 9.9991E-05 0.0470121 0.0503993 0.039451 0.0241206
0.186708 0.0966128 0.350871 0.149333 9.9964E-05 9.9964E-05 0.0659502 0.150125 9.9964E-05 9.9964E-05
0.261987 0.0677203 0.373975 0.0556294 0.0958345 9.9982E-05 9.9982E-05 0.0677736 0.0334891 0.0433907
0.110362 0.287168 0.368395 0.0833042 0.0336904 9.9973E-05 0.0511953 9.9973E-05 9.9973E-05 0.0655843
0.136104 0.16314 0.583268 0.0180578 9.9964E-05 9.9964E-05 9.9964E-05 0.0387346 0.0602947 9.9964E-05
0.274432 0.0676478 0.549581 0.0414485 9.9955E-05 9.9955E-05 9.9955E-05 0.0663902 9.9955E-05 9.9955E-05
0.276942 0.144207 0.248954 0.110823 0.104094 9.9973E-05 0.0201764 9.9973E-05 9.9973E-05 0.0945038
0.383008 0.0997429 0.166847 0.0671491 9.9982E-05 0.00550632 0.0042225 0.0300842 9.9982E-05 0.24324
0.319409 0.00514102 0.305256 0.0829313 9.9964E-05 9.9964E-05 9.9964E-05 9.9964E-05 0.109486 0.177376
9.99461E-05 9.99461E-05 9.99461E-05 0.04756 0.115855 9.99461E-05 0.0280727 9.99461E-05 9.99461E-05 0.807913
0.214943 0.120952 0.370431 0.043504 9.9973E-05 0.0350736 0.0436452 9.9973E-05 9.9973E-05 0.171152
0.284758 0.130024 0.19714 0.202728 0.0501892 0.0543229 0.0303243 0.0503142 9.9982E-05 9.9982E-05
0.17573 0.0415922 0.0758798 0.0204396 0.0627595 9.9973E-05 9.9973E-05 0.107731 9.9973E-05 0.515569
0.2884 0.100413 0.431627 0.0615369 9.9973E-05 0.100402 0.00593328 0.0113877 9.9973E-05 9.9973E-05
0.0495756 0.0995899 0.593876 9.9946E-05 9.9946E-05 9.9946E-05 9.9946E-05 9.9946E-05 9.9946E-05 0.256359
0.247259 0.0807445 0.108317 0.0527677 9.9964E-05 9.9964E-05 0.068599 9.9964E-05 9.9964E-05 0.441913
9.9946E-05 9.9946E-05 9.9946E-05 0.0193563 0.0135785 9.9946E-05 0.116633 9.9946E-05 9.9946E-05 0.849832
0.100407 0.16295 0.48199 0.0730028 0.0333194 0.0544694 0.00367719 0.0365975 9.9991E-05 0.0534862
0.319624 0.0903726 0.298843 0.0811613 0.0901262 9.9973E-05 9.9973E-05 9.9973E-05 0.066271 0.0533024
0.0946486 0.133497 0.340976 0.191785 0.0393719 0.0323633 0.0265351 0.0922048 9.9991E-05 0.0485176
0.0713038 0.130895 0.552171 9.9946E-05 9.9946E-05 9.9946E-05 9.9946E-05 9.9946E-05 9.9946E-05 0.245031
0.368444 0.0130188 0.010588 0.100177 0.106494 0.0848456 9.9973E-05 9.9973E-05 9.9973E-05 0.316133
0.0757863 0.155725 0.562061 0.071126 0.00420695 9.9991E-05 0.0129031 0.0751736 0.00637928 0.0365386
9.9973E-05 9.9973E-05 0.585852 0.116748 0.0552517 0.090907 9.9973E-05 0.125487 0.0117997 0.0136542
0.0459033 0.148577 0.56398 9.9955E-05 9.9955E-05 9.9955E-05 0.0914538 0.149586 9.9955E-05 9.9955E-05
0.0964313 0.0419313 0.494419 0.133387 0.0138386 0.162177 9.9973E-05 0.057516 9.9973E-05 9.9973E-05
0.128954 0.0783511 9.9964E-05 0.0560197 0.0289388 9.9964E-05 0.000676207 9.9964E-05 9.9964E-05 0.70666
0.0475715 0.101911 0.125627 0.054693 9.9982E-05 0.00528098 0.0513194 0.0878897 9.9982E-05 0.525507
0.1526 0.0512572 0.600148 0.0958096 9.9955E-05 9.9955E-05 9.9955E-05 0.0996851 9.9955E-05 9.9955E-05
0.0325088 0.191444 0.5825 0.0824884 0.0662108 9.9964E-05 9.9964E-05 9.9964E-05 9.9964E-05 0.0444478
9.9955E-05 0.045061 0.798643 0.0850163 9.9955E-05 0.0187543 0.0520259 9.9955E-05 9.9955E-05 9.9955E-05
0.509694 0.0549472 9.9973E-05 9.9973E-05 0.0388375 9.9973E-05 0.00256596 0.00280551 0.0325723 0.358278
0.0511816 9.9946E-05 9.9946E-05 0.0288075 9.9946E-05 9.9946E-05 9.9946E-05 9.9946E-05 0.00561737 0.913794
0.276611 9.99549E-05 0.176737 0.0936393 9.99549E-05 9.99549E-05 9.99549E-05 9.99549E-05 0.0869248 0.365588
0.145503 0.0812184 0.565796 0.098138 9.9982E-05 0.00820026 0.0333552 0.0201835 0.0474064 9.9982E-05
0.167028 0.143651 0.39946 0.0661952 0.0753845 9.9982E-05 0.0250966 0.0213052 9.9982E-05 0.101679
9.9964E-05 0.16301 0.479725 0.0119401 9.9964E-05 0.199136 9.9964E-05 0.104082 9.9964E-05 0.0417062
0.020197 0.203 0.649881 0.0953769 0.0228304 9.9973E-05 0.000775027 0.00763972 9.9973E-05 9.9973E-05
9.99371E-05 9.99371E-05 9.99371E-05 9.99371E-05 0.0683764 0.0398451 9.99371E-05 9.99371E-05 9.99371E-05 0.891079
9.9964E-05 0.186282 0.659815 9.9964E-05 0.0313987 9.9964E-05 0.0798596 0.010173 0.0320722 9.9964E-05
0.106923 9.9964E-05 0.518303 0.155646 0.0141933 0.03119 9.9964E-05 0.173345 9.9964E-05 9.9964E-05
9.9964E-05 9.9964E-05 0.690426 0.0492489 0.100509 9.9964E-05 0.00435016 0.0663749 9.9964E-05 0.0886911
0.158801 9.9964E-05 0.158352 0.0169961 0.062005 9.9964E-05 0.0663839 9.9964E-05 9.9964E-05 0.537062
0.108489 9.9973E-05 0.693761 0.0848201 9.9973E-05 9.9973E-05 0.00439384 0.000588094 0.0678332 0.039815
0.170976 9.9964E-05 0.492645 0.110403 9.9964E-05 0.188538 9.9964E-05 9.9964E-05 0.00203794 0.0349999
9.9973E-05 0.0995973 0.670611 0.0901834 0.0179438 9.9973E-05 0.00338227 0.0296544 0.0883284 9.9973E-05
0.234351 0.21567 0.33541 0.0035411 0.0121787 9.9982E-05 0.0844226 0.0765978 9.9982E-05 0.0376286
9.9955E-05 0.101617 0.219297 9.9955E-05 0.0672695 9.9955E-05 0.0849483 9.9955E-05 9.9955E-05 0.526368
9.99461E-05 9.99461E-05 9.99461E-05 0.0301698 0.000732261 0.125188 9.99461E-05 9.99461E-05 9.99461E-05 0.84331
0.362777 0.0873225 0.303357 0.0824255 0.0390248 0.0309737 9.9973E-05 0.0938198 9.9973E-05 9.9973E-05
0.129515 0.054128 0.389039 0.16256 0.0101404 0.0772847 0.0358591 0.133268 0.00810511 9.9991E-05
0.18798 0.0781806 0.508643 0.0644286 0.0589126 9.9973E-05 0.00864774 0.0929073 9.9973E-05 9.9973E-05
0.392953 0.00370888 0.294442 9.9973E-05 0.028772 0.183884 0.0185929 0.0773479 9.9973E-05 9.9973E-05
0.269954 0.0939755 0.22565 0.0254634 0.0138758 9.9973E-05 0.0143605 9.9973E-05 9.9973E-05 0.35642
0.378938 0.157543 0.243404 0.00774576 9.9982E-05 0.0776647 9.9982E-05 0.0161438 0.116775 0.0015849
0.0215952 0.16619 0.491234 9.9964E-05 9.9964E-05 9.9964E-05 0.0235868 0.101273 9.9964E-05 0.195721
9.99201E-05 9.99201E-05 9.99201E-05 0.999101 9.99201E-05 9.99201E-05 9.99201E-05 9.99201E-05 9.99201E-05 9.99201E-05
9.9973E-05 0.0808695 0.235779 0.0733037 0.00339209 9.9973E-05 0.0125261 9.9973E-05 0.0814374 0.512393
0.165501 0.0715217 0.365355 9.9982E-05 0.0262422 0.114547 0.00256054 0.0110027 9.9982E-05 0.24307
9.99201E-05 9.99201E-05 9.99201E-05 0.999101 9.99201E-05 9.99201E-05 9.99201E-05 9.99201E-05 9.99201E-05 9.99201E-05
0.0583059 0.0920985 0.0874183 0.155344 9.9982E-05 0.0111994 0.0255769 0.000509567 9.9982E-05 0.569347
0.204546 0.101101 0.558154 0.0069157 9.9973E-05 9.9973E-05 9.9973E-05 0.00861829 0.00368423 0.116682
0.299243 0.0346193 0.142992 9.9964E-05 9.9964E-05 9.9964E-05 0.174213 0.0653245 9.9964E-05 0.283209
0.241242 9.9973E-05 0.271421 9.9973E-05 0.167411 0.0371444 0.029434 0.013692 9.9973E-05 0.239355
0.489728 0.00282596 0.0818948 0.0422613 0.101975 9.9982E-05 9.9982E-05 0.154919 0.00587355 0.120322
0.191391 0.0493825 9.9964E-05 9.9964E-05 0.0135925 9.9964E-05 0.0257899 9.9964E-05 0.0579798 0.661464
0.174598 0.131099 0.263292 0.0324868 0.0606383 0.051472 9.9991E-05 0.0191197 0.00902774 0.258167
0.495911 9.9964E-05 0.123268 0.0419477 9.9964E-05 9.9964E-05 0.0434973 0.128415 9.9964E-05 0.166561
0.116759 0.217096 0.392712 0.0479413 0.0401833 9.9973E-05 0.0556241 0.129385 9.9973E-05 9.9973E-05
9.9964E-05 0.232138 0.509412 0.0432365 9.9964E-05 9.9964E-05 0.0408224 0.16002 0.0139716 9.9964E-05
0.0891804 0.0571181 0.50799 0.0594203 9.9982E-05 0.0688167 0.0641708 0.0237765 0.129327 9.9982E-05
0.489387 0.0290993 0.320205 9.9964E-05 0.0845239 9.9964E-05 9.9964E-05 0.0558291 0.0205552 9.9964E-05
0.0391027 9.9964E-05 0.469368 9.9964E-05 0.0171023 0.123325 0.0281189 9.9964E-05 9.9964E-05 0.322583
0.0509005 9.9964E-05 0.0730398 9.9964E-05 0.04284 0.0656528 9.9964E-05 0.0338002 9.9964E-05 0.733367
0.353274 0.00156932 0.0980895 9.9973E-05 0.0619232 0.070396 9.9973E-05 0.0776671 9.9973E-05 0.336781
0.325754 9.9973E-05 0.257018 0.114815 0.0659328 0.0412642 0.0167101 0.178206 9.9973E-05 9.9973E-05
0.264269 0.0841009 0.344911 0.10183 0.0556646 0.04252 0.00764326 0.0988612 9.9982E-05 9.9982E-05
0.0782273 9.9946E-05 9.9946E-05 0.0646117 9.9946E-05 9.9946E-05 9.9946E-05 0.05353 9.9946E-05 0.803031
0.241727 0.023275 0.429207 0.0939406 0.0439505 0.0124991 9.9982E-05 0.118737 0.0364641 9.9982E-05
0.100291 0.118187 0.510468 0.057409 0.110813 0.0231829 0.0225016 0.0569479 9.9982E-05 9.9982E-05
0.1239 0.101516 0.358723 0.0721097 0.0609787 9.9982E-05 0.0521827 0.0629853 9.9982E-05 0.167405
0.228096 9.9964E-05 0.45856 0.0724679 0.0330079 9.9964E-05 0.0515826 0.155885 9.9964E-05 9.9964E-05
0.246838 9.9973E-05 0.25467 0.0753951 0.158121 9.9973E-05 0.0917987 9.9973E-05 0.056349 0.116528
0.153083 0.162866 0.28322 0.13535 9.9973E-05 9.9973E-05 0.0786255 0.12476 9.9973E-05 0.0617961
0.101753 0.240228 0.251666 0.0610953 0.0202094 9.9982E-05 0.0357957 0.191471 9.9982E-05 0.0975813
0.184538 0.107646 0.57903 9.9955E-05 0.0092097 9.9955E-05 9.9955E-05 0.119077 9.9955E-05 9.9955E-05
9.9955E-05 0.052308 0.697862 0.158532 0.00214148 9.9955E-05 0.088657 9.9955E-05 9.9955E-05 9.9955E-05
0.458508 9.9973E-05 0.0861886 0.0627628 0.131493 0.1517 9.9973E-05 0.0432788 9.9973E-05 0.065769
0.0699493 0.10869 0.188381 0.0555722 9.9973E-05 9.9973E-05 9.9973E-05 0.0387845 0.0305235 0.5078
0.387175 9.9982E-05 0.161854 0.111811 0.00797124 0.0249081 0.0291322 0.0465891 9.9982E-05 0.23036
0.280745 9.9973E-05 0.221582 0.199997 0.0140936 9.9973E-05 0.0153118 0.176612 0.0913583 9.9973E-05
0.287383 0.127821 0.169636 0.12022 0.0200311 0.0611768 0.0580421 0.00382567 9.9991E-05 0.151765
0.250172 9.9964E-05 0.511802 0.0727167 0.0190131 9.9964E-05 0.0239748 9.9964E-05 9.9964E-05 0.121921
9.9937E-05 9.9937E-05 9.9937E-05 0.00705401 9.9937E-05 9.9937E-05 9.9937E-05 9.9937E-05 0.0939353 0.898311
0.518833 0.103846 0.236012 0.0542834 0.0100215 0.0136446 0.0283793 9.9982E-05 9.9982E-05 0.0347804
0.281427 0.0404573 0.187094 0.170072 0.00864534 9.9973E-05 9.9973E-05 0.023383 9.9973E-05 0.288622
0.306592 0.174559 0.200767 0.115677 0.0429994 9.9973E-05 0.00830123 9.9973E-05 0.150804 9.9973E-05
0.540105 0.00332344 0.227305 9.9964E-05 9.9964E-05 9.9964E-05 0.0141499 0.0795777 9.9964E-05 0.135138
0.178222 0.0555828 0.141369 0.00691119 0.0330351 9.9973E-05 9.9973E-05 9.9973E-05 0.0585844 0.525995
0.230789 0.0279148 0.134255 0.0129238 0.0453829 0.0194386 9.9982E-05 0.128076 9.9982E-05 0.40102
0.0588607 0.0751787 0.262335 9.9955E-05 9.9955E-05 9.9955E-05 0.0957103 9.9955E-05 9.9955E-05 0.507415
0.355887 0.0162741 0.563681 0.00332724 0.0603306 9.9955E-05 9.9955E-05 9.9955E-05 9.9955E-05 9.9955E-05
0.107816 0.0181311 9.9964E-05 0.0500512 9.9964E-05 9.9964E-05 0.0103012 0.106365 9.9964E-05 0.706937
0.252928 0.146807 0.173023 9.9955E-05 9.9955E-05 9.9955E-05 9.9955E-05 0.0962727 9.9955E-05 0.33047
0.143541 0.00440811 0.522121 0.0311086 0.11436 9.9991E-05 0.118343 0.0540944 0.00703998 0.00488314
0.00762342 9.99461E-05 9.99461E-05 9.99461E-05 9.99461E-05 9.99461E-05 0.0249917 0.0358411 9.99461E-05 0.930944
0.557573 9.9955E-05 9.9955E-05 9.9955E-05 0.0274494 9.9955E-05 0.0131155 9.9955E-05 0.0134824 0.38788
0.271813 0.134915 0.364708 0.0889804 0.01948 0.0980766 0.021727 9.9973E-05 9.9973E-05 9.9973E-05
0.384278 9.9955E-05 0.229868 9.9955E-05 0.0505976 9.9955E-05 0.0118767 9.9955E-05 9.9955E-05 0.322881
0.0604263 0.0747483 0.622219 0.0695598 0.0280797 0.00651326 9.9982E-05 0.00140341 9.9982E-05 0.13685
0.281021 9.9982E-05 0.513141 0.0326146 0.00684701 0.0101959 0.00290736 0.0406027 0.112471 9.9982E-05
0.170095 9.9973E-05 0.354991 9.9973E-05 0.0311055 0.03945 0.0425191 0.113519 9.9973E-05 0.248021
0.260944 0.140575 0.491029 0.0137272 9.9973E-05 9.9973E-05 0.0515891 0.0257726 9.9973E-05 0.0160635
0.292946 0.0783665 0.594806 0.0103261 0.011987 9.9964E-05 0.0111684 9.9964E-05 9.9964E-05 9.9964E-05
0.174151 0.0903453 0.455098 0.112308 0.0279415 9.9982E-05 9.9982E-05 0.0769915 0.0373139 0.0256508
0.210564 9.9973E-05 0.190453 0.103147 0.00784057 0.23868 0.0380124 9.9973E-05 9.9973E-05 0.211004
9.9964E-05 0.0466566 0.53937 9.9964E-05 0.0178889 9.9964E-05 9.9964E-05 0.116778 0.0397661 0.23914
0.0415709 9.9973E-05 0.495186 0.0717622 0.0384187 9.9973E-05 0.00850744 0.100452 0.243803 9.9973E-05
0.172858 0.0836267 0.512362 0.0295537 9.9964E-05 0.100609 9.9964E-05 9.9964E-05 9.9964E-05 0.100591
0.363231 0.0553252 0.207674 0.0699485 0.0531025 0.0873671 0.0425204 0.0592684 0.0614624 9.9991E-05
0.350394 9.9973E-05 0.311877 0.111787 9.9973E-05 0.106954 0.00205994 0.0940845 0.0225444 9.9973E-05
0.416714 0.0294187 0.0774 0.0242554 0.0571903 9.9973E-05 9.9973E-05 0.14612 9.9973E-05 0.248602
0.0863804 0.130542 0.618636 0.113453 9.9955E-05 9.9955E-05 9.9955E-05 9.9955E-05 0.0504893 9.9955E-05
0.421369 0.0286343 0.259321 0.0453004 9.9982E-05 0.10222 0.0394294 0.10153 9.9982E-05 0.00199532
0.183057 0.0215964 0.28104 0.0408172 0.0161351 0.0244852 0.00429366 0.263795 0.123438 0.0413416
0.114978 0.146273 0.325018 0.0368551 0.0405281 0.0466776 0.0314342 0.0748707 0.183266 9.9991E-05
0.144447 0.203542 0.112707 0.113771 0.00409119 9.9982E-05 9.9982E-05 0.0612351 0.0792413 0.280765
9.9964E-05 0.0184803 0.762167 9.9964E-05 9.9964E-05 0.0425591 0.0761266 9.9964E-05 0.0894925 0.0107745
0.257627 0.000862449 0.365807 0.110407 0.00030464 0.105347 9.9982E-05 0.000645708 9.9982E-05 0.158799
0.211303 0.0228992 0.505063 0.0647598 0.127052 0.0211685 9.9973E-05 0.0474544 9.9973E-05 9.9973E-05
0.121499 0.225736 0.537386 0.0149048 9.9964E-05 9.9964E-05 0.03571 0.0643647 9.9964E-05 9.9964E-05
0.26969 0.0103454 0.479256 9.9964E-05 0.0112561 0.170723 9.9964E-05 0.058329 9.9964E-05 9.9964E-05
0.154582 0.107597 0.194463 9.9964E-05 9.9964E-05 9.9964E-05 0.0653601 0.120704 9.9964E-05 0.356894
0.275926 0.0915764 0.16367 9.9964E-05 9.9964E-05 9.9964E-05 9.9964E-05 0.00893891 0.033061 0.426428
9.9937E-05 9.9937E-05 0.857427 0.0878258 0.0540473 9.9937E-05 9.9937E-05 9.9937E-05 9.9937E-05 9.9937E-05
9.9964E-05 0.0208444 0.60773 0.12252 0.0254179 0.0845437 9.9964E-05 0.138545 9.9964E-05 9.9964E-05
0.194836 0.0351497 0.525069 0.00618944 0.0599195 0.09005 0.0884864 9.9973E-05 9.9973E-05 9.9973E-05
0.43335 0.0473007 0.342265 0.0895777 9.9964E-05 9.9964E-05 0.0711597 0.015947 9.9964E-05 9.9964E-05
0.205462 0.0801469 0.192247 0.159539 0.0214894 9.9991E-05 0.0193149 0.00999768 0.0165543 0.295149
0.389124 0.161923 0.137602 0.093084 9.9973E-05 9.9973E-05 0.0436666 0.0376026 9.9973E-05 0.136699
0.293639 0.0827785 0.323732 0.0435047 9.9973E-05 0.191571 0.0271686 0.0373063 9.9973E-05 9.9973E-05
9.9964E-05 9.9964E-05 0.0865815 0.0887602 0.110265 9.9964E-05 0.0333021 0.146257 9.9964E-05 0.534434
0.158268 0.0294829 0.407681 0.0521646 0.0517908 0.109977 0.0180851 9.9982E-05 9.9982E-05 0.17235
0.239734 0.146405 0.255956 0.0526196 9.99718E-05 9.99718E-05 9.99718E-05 9.99718E-05 0.160385 0.144501
0.0909608 9.9973E-05 0.00446955 0.00534438 9.9973E-05 0.0813133 0.044106 0.0909722 9.9973E-05 0.682534
0.47186 0.0752048 0.214629 0.00586177 0.0470773 0.184968 9.9964E-05 9.9964E-05 9.9964E-05 9.9964E-05
0.154657 0.0568451 0.31804 0.163236 0.0894228 9.9991E-05 0.0192031 0.107026 0.0526615 0.0388083
0.0787259 0.0327002 0.699545 0.123388 0.0504973 9.9964E-05 9.9964E-05 9.9964E-05 0.0147442 9.9964E-05
0.179089 0.0774996 0.520273 0.0563182 0.0450974 9.9973E-05 0.0258547 0.0955689 9.9973E-05 9.9973E-05
0.267736 0.070085 0.234068 0.0826411 9.9973E-05 9.9973E-05 0.025112 0.0375779 0.28248 9.9973E-05
0.222871 0.0777761 0.483365 0.0904448 0.0212803 0.0674692 0.00531941 0.0312744 9.9982E-05 9.9982E-05
0.182638 9.9955E-05 0.553534 9.9955E-05 0.113039 9.9955E-05 0.0242718 0.126018 9.9955E-05 9.9955E-05
0.130161 0.0709771 0.576147 0.0598013 9.9964E-05 9.9964E-05 0.0555563 0.106957 9.9964E-05 9.9964E-05
0.141797 0.0306194 0.293951 0.0897094 0.117789 9.9982E-05 0.0565079 0.108541 9.9982E-05 0.160885
0.149835 0.0812046 0.463366 0.10432 9.9973E-05 0.102174 0.0619099 0.03689 9.9973E-05 9.9973E-05
9.9946E-05 0.0966415 0.571199 0.0982449 9.9946E-05 9.9946E-05 9.9946E-05 0.233315 9.9946E-05 9.9946E-05
0.791655 0.0604894 9.99551E-05 0.0642958 9.99551E-05 9.99551E-05 9.99551E-05 0.0478539 9.99551E-05 0.0352057
0.342531 0.166679 0.322942 0.0493173 9.9964E-05 9.9964E-05 0.018746 0.0993846 9.9964E-05 9.9964E-05
0.309012 0.0926722 0.429356 0.0902593 9.9964E-05 0.00612972 0.0721714 9.9964E-05 9.9964E-05 9.9964E-05
0.0334633 0.0845723 0.358002 0.0372176 0.0682291 9.9982E-05 0.0196979 9.9982E-05 0.0490631 0.349555
0.169051 9.9973E-05 0.381886 0.0872217 0.0232569 9.9973E-05 0.0688776 0.00625012 9.9973E-05 0.263157
0.27641 9.9964E-05 0.607345 0.017003 9.9964E-05 0.0517048 0.00876837 0.0383688 9.9964E-05 9.9964E-05
0.0689668 9.9973E-05 0.139299 0.0447435 0.048788 9.9973E-05 0.0591785 0.129219 9.9973E-05 0.509506
0.42067 0.0731942 0.293116 0.0515263 0.0239539 9.9973E-05 0.0265937 0.110646 9.9973E-05 9.9973E-05
0.214507 0.0847308 0.400393 0.0104413 9.9955E-05 9.9955E-05 9.9955E-05 9.9955E-05 9.9955E-05 0.289428
0.12963 0.013814 0.60634 0.00971448 0.0268953 0.0128189 0.0341057 0.0812183 0.0583655 0.0270976
0.454226 0.0064902 0.0453934 0.198443 9.9973E-05 0.0690637 0.0941086 9.9973E-05 9.9973E-05 0.131975
0.296431 0.0577426 0.100239 0.0816568 9.9982E-05 0.0472202 0.022024 9.9982E-05 0.154478 0.240008
9.9973E-05 0.0407823 0.142411 0.107849 0.066497 0.138002 9.9973E-05 0.0500694 9.9973E-05 0.454089
0.482753 0.00265883 0.443811 9.9973E-05 0.0563416 9.9973E-05 9.9973E-05 0.00526131 0.00685255 0.00202189
0.331241 0.0200571 0.366035 0.141581 0.0281782 9.9973E-05 0.0698401 0.0427676 9.9973E-05 9.9973E-05
0.156783 0.0418812 0.381418 0.0744344 0.00991492 0.00536204 0.0594115 9.9982E-05 9.9982E-05 0.270595
0.278082 0.196559 0.286692 0.02368 0.00789172 9.9982E-05 0.0277833 0.172049 9.9982E-05 0.00706222
0.123407 0.116933 0.671882 9.9964E-05 0.00641004 9.9964E-05 9.9964E-05 9.9964E-05 0.0718661 0.00910153
9.9946E-05 0.103683 9.9946E-05 9.9946E-05 0.036811 9.9946E-05 0.0746999 9.9946E-05 9.9946E-05 0.784207
0.16394 0.103357 0.494307 0.0895843 0.0389616 9.9973E-05 9.9973E-05 0.053417 0.0561339 9.9973E-05
0.387245 9.9955E-05 0.545266 9.9955E-05 0.000553167 0.0564593 0.00997677 9.9955E-05 9.9955E-05 9.9955E-05
0.154272 0.117402 0.564049 9.9973E-05 0.0550238 9.9973E-05 0.0289321 0.0493527 9.9973E-05 0.030668
0.155586 0.162049 0.432423 0.053186 9.9973E-05 9.9973E-05 0.0318376 0.124963 9.9973E-05 0.039656
0.123413 0.219006 0.562785 0.0290061 0.0178991 9.9973E-05 0.0414222 0.00616902 9.9973E-05 9.9973E-05
0.184858 0.159074 0.50211 0.000714403 0.052708 9.9973E-05 0.0267681 0.0734676 9.9973E-05 9.9973E-05
0.0675755 0.114032 0.550616 0.05426 0.0793509 9.9991E-05 0.0409831 0.0416584 0.0297644 0.0216605
0.152469 0.0592218 0.521366 9.9973E-05 0.0107585 9.9973E-05 0.0589018 0.0642366 9.9973E-05 0.132746
0.227408 0.069609 0.0377949 0.0289657 9.9982E-05 0.0575289 0.0269277 0.0671748 9.9982E-05 0.484391
0.224109 0.0679515 0.659328 0.0431439 9.9955E-05 9.9955E-05 0.00496836 9.9955E-05 9.9955E-05 9.9955E-05
0.0256008 0.144901 0.697185 0.0791345 9.99705E-05 9.99705E-05 0.0244717 9.99705E-05 0.0283068 9.99705E-05
0.298239 0.0424314 0.221052 0.135853 0.0438511 0.0456521 0.0440493 0.0418995 9.9991E-05 0.126873
9.9964E-05 0.0845509 0.353612 0.0651186 9.9964E-05 9.9964E-05 0.0380114 0.0460068 9.9964E-05 0.412301
0.0277172 0.195823 0.501628 0.0868867 9.9964E-05 9.9964E-05 9.9964E-05 0.11048 0.0770657 9.9964E-05
0.127645 9.9955E-05 0.572028 0.054129 0.0427964 9.9955E-05 9.9955E-05 9.9955E-05 9.9955E-05 0.202902
0.0125621 0.0616764 0.720071 9.9973E-05 0.0692882 9.9973E-05 0.0278529 0.0903458 9.9973E-05 0.0179038
0.273569 9.9982E-05 0.329364 0.0154923 0.030713 0.0662792 0.0153901 0.0229378 9.9982E-05 0.246055
0.225296 0.0502677 0.353531 0.121712 9.9991E-05 0.0578763 0.00564392 0.00137719 0.0868759 0.0973201
0.111976 0.190034 0.143287 0.0998581 0.0213014 9.9973E-05 9.9973E-05 9.9973E-05 0.022142 0.411102
0.0176832 0.196197 0.453026 0.00337044 0.0106995 9.9973E-05 9.9973E-05 0.0818086 9.9973E-05 0.236915
0.130871 0.0837209 0.395153 0.105225 0.0373743 0.062058 0.0226365 0.0714464 0.073419 0.0180961
0.0936594 0.339159 0.337925 9.9973E-05 0.00478757 9.9973E-05 0.0046785 0.0290042 9.9973E-05 0.190487
0.213679 0.155718 0.437611 0.045898 0.0292771 9.9982E-05 0.0164988 0.0815089 0.0196097 9.9982E-05
0.129724 9.9973E-05 0.503357 0.171494 0.0425596 9.9973E-05 0.0510322 0.0924716 9.9973E-05 0.00906166
0.212552 0.136695 0.395644 0.142897 0.00525388 0.0279419 0.0248588 0.013698 0.0165515 0.0239081
0.0890921 9.9982E-05 0.332271 0.162893 0.000583039 9.9982E-05 0.0448353 0.085999 0.013463 0.270665
0.495144 0.058044 0.325749 0.0678748 9.9955E-05 9.9955E-05 9.9955E-05 9.9955E-05 0.0526882 9.9955E-05
0.195593 0.114459 0.297535 0.0384936 0.115204 0.0631192 9.9973E-05 0.175296 9.9973E-05 9.9973E-05
0.0501993 0.0728163 0.647855 0.0973056 0.019408 9.9982E-05 0.0170952 0.0544192 0.0407011 9.9982E-05
0.0373811 0.137977 0.135019 9.9955E-05 9.9955E-05 0.147284 9.9955E-05 9.9955E-05 9.9955E-05 0.541839
9.9946E-05 9.9946E-05 9.9946E-05 9.9946E-05 9.9946E-05 0.0369821 0.0118828 0.0881026 9.9946E-05 0.862433
0.159827 0.045365 0.467715 0.0539814 9.9982E-05 0.0731709 0.0240148 0.0804353 9.9982E-05 0.0952899
0.373567 0.27683 0.242944 0.0478313 0.0550901 9.9964E-05 9.9964E-05 9.9964E-05 9.9964E-05 0.0033371
0.362368 0.0397583 0.180145 0.101364 0.0683695 0.100233 0.048064 0.0406541 9.9991E-05 0.0589431
0.551609 0.00419385 0.165807 9.9973E-05 0.022035 0.0837174 9.9973E-05 0.030127 9.9973E-05 0.142211
0.281569 0.0792573 0.278847 0.0461359 9.9982E-05 0.0154155 0.0457486 0.077255 9.9982E-05 0.175572
9.9982E-05 0.0751297 0.535315 0.0077067 0.0197331 0.0105243 0.0380464 0.220835 9.9982E-05 0.0925096
0.131508 9.9982E-05 0.475728 0.151119 0.045601 0.0126353 0.059126 0.0872545 0.0368286 9.9982E-05
0.116144 0.218121 0.40294 0.0163968 9.9955E-05 0.245899 9.9955E-05 9.9955E-05 9.9955E-05 9.9955E-05
0.216305 0.00945779 0.529681 0.0810933 0.126361 9.9973E-05 0.00210081 0.0347009 9.9973E-05 9.9973E-05
0.0590905 0.0510372 0.609678 0.00566495 0.0683538 0.050709 9.9982E-05 0.151976 0.00329056 9.9982E-05
9.9955E-05 9.9955E-05 0.802175 0.0584998 9.9955E-05 0.0613671 9.9955E-05 0.0608002 9.9955E-05 0.0166586
0.203636 0.100469 0.49728 0.0442605 0.0410254 9.9964E-05 9.9964E-05 0.11293 9.9964E-05 9.9964E-05
0.307674 0.0767191 0.219653 0.215216 9.9982E-05 0.0785253 0.0248379 0.0450296 9.9982E-05 0.0321461
0.13415 9.9964E-05 0.607022 0.0392892 9.9964E-05 0.0367522 9.9964E-05 0.0396372 0.14275 9.9964E-05
0.00461911 0.169861 0.548211 0.0951167 0.0132949 9.9982E-05 0.00139541 0.10922 9.9982E-05 0.058082
0.389697 0.090307 0.251854 0.106245 9.9973E-05 0.0299882 0.052422 0.0791871 9.9973E-05 9.9973E-05
0.427865 9.9964E-05 0.37209 9.9964E-05 0.0386684 9.9964E-05 9.9964E-05 0.0792659 0.0629825 0.0187281
9.9982E-05 0.108232 0.544912 0.0609893 0.0599343 9.9982E-05 0.0226611 0.0458898 0.0119699 0.145212
9.9982E-05 0.115837 0.147671 0.0376965 0.00614187 0.128128 0.0202611 0.0323739 9.9982E-05 0.511691
0.261731 0.0340171 0.0319721 0.0256436 0.0392 0.184576 9.9982E-05 0.0390671 9.9982E-05 0.383593
9.9955E-05 0.0364029 0.0637229 9.9955E-05 0.062373 9.9955E-05 9.9955E-05 9.9955E-05 0.0593143 0.777687
0.296048 0.0229912 0.470173 0.0410127 9.9955E-05 9.9955E-05 9.9955E-05 0.169276 9.9955E-05 9.9955E-05
9.9973E-05 0.0323323 0.131788 9.9973E-05 0.0464128 9.9973E-05 0.00575363 0.0560071 0.0103726 0.717034
0.175132 9.9964E-05 9.9964E-05 0.0423497 9.9964E-05 0.0515375 0.00988164 0.0194374 9.9964E-05 0.701262
0.178104 0.249433 0.396835 0.0993914 0.0268094 9.9973E-05 0.0280949 0.021033 9.9973E-05 9.9973E-05
0.0435685 0.174675 0.586488 0.048486 0.00766257 0.00427578 0.0599828 0.0250354 0.0398626 0.00996341
0.0668334 0.10983 0.573929 0.0717592 0.00369197 0.0117969 0.0267373 0.081793 0.0263197 0.0273092
0.099585 0.0701433 0.055114 9.9964E-05 0.0100206 9.9964E-05 0.0389244 9.9964E-05 9.9964E-05 0.725813
0.116739 0.0119677 0.71958 0.042697 0.00208222 9.9982E-05 0.03953 0.0558222 0.0113815 9.9982E-05
0.271484 0.0756304 0.0424158 0.0272245 0.0628643 9.9982E-05 0.0740866 0.0403667 9.9982E-05 0.405728
9.9964E-05 0.044834 0.552858 0.168046 9.9964E-05 0.0234906 9.9964E-05 0.194725 9.9964E-05 0.0156466
0.102163 0.135952 9.9955E-05 9.9955E-05 0.0707602 9.9955E-05 9.9955E-05 0.000297007 9.9955E-05 0.690328
0.392609 0.022608 0.281312 9.9982E-05 0.0477637 9.9982E-05 0.0404238 0.0482098 0.061848 0.105026
0.154767 0.0399612 0.674072 0.0295495 0.00664809 9.9973E-05 0.066395 0.0283065 9.9973E-05 9.9973E-05
0.0196887 0.116741 0.727251 9.9964E-05 9.9964E-05 0.087268 0.00517741 0.0434745 9.9964E-05 9.9964E-05
0.247179 9.9964E-05 0.463764 0.121731 0.0454963 9.9964E-05 9.9964E-05 0.0174271 0.104003 9.9964E-05
9.9964E-05 0.0714677 0.124055 0.00179768 9.9964E-05 9.9964E-05 9.9964E-05 0.0265564 0.0619482 0.713775
0.180962 0.00962742 0.401006 0.0590517 0.023769 9.9991E-05 0.0580502 0.095432 0.0268078 0.145194
0.0738913 9.9982E-05 0.171095 0.0304563 0.0361459 0.175813 0.0407729 0.0651584 9.9982E-05 0.406468
9.9982E-05 0.0854208 0.499751 0.109439 0.0442414 9.9982E-05 0.0284549 0.132216 0.0856398 0.0146361
0.113579 9.9955E-05 0.0563635 9.9955E-05 9.9955E-05 0.0495154 9.9955E-05 0.0813212 9.9955E-05 0.698721
0.200285 0.0698151 0.359677 9.9973E-05 0.0248698 0.292667 0.000457773 9.9973E-05 9.9973E-05 0.0519294
0.301327 0.0299142 0.168507 0.024929 0.076803 9.9982E-05 0.0233047 9.9982E-05 0.0597666 0.315249
0.149418 0.0674729 0.555852 0.0493294 9.9955E-05 0.177428 9.9955E-05 9.9955E-05 9.9955E-05 9.9955E-05
0.385371 9.9982E-05 0.151379 0.0602828 0.0253388 0.141053 0.070892 0.0122744 9.9982E-05 0.153209
0.107606 0.0191081 0.350097 0.016158 0.0385838 0.00181671 9.9982E-05 9.9982E-05 0.0221006 0.44433
0.0645067 0.19701 0.387998 0.160185 0.00831452 9.9982E-05 0.0267135 0.0581293 0.0969428 9.9982E-05
0.115375 0.047245 0.465176 0.0882873 9.9982E-05 0.00667834 0.064087 0.209336 9.9982E-05 0.00361594
0.214004 0.207357 0.303741 0.0591329 0.00751408 0.16868 0.0392716 9.9973E-05 9.9973E-05 9.9973E-05
0.134973 0.129157 0.478808 0.0499004 0.00942317 0.15904 9.9973E-05 0.0383993 9.9973E-05 9.9973E-05
0.310362 9.9973E-05 0.176835 0.0374608 0.00167065 9.9973E-05 0.0342969 0.0411147 9.9973E-05 0.397959
0.40584 0.0441582 0.303181 0.0148447 0.0838783 9.9973E-05 0.000855691 9.9973E-05 0.146943 9.9973E-05
0.0285212 0.00588945 0.688174 0.0577507 0.0369476 0.0226523 0.010765 0.139242 0.0099578 9.9991E-05
0.0637479 0.0814738 0.746132 0.0232939 0.00361613 9.9973E-05 9.9973E-05 9.9973E-05 0.0695491 0.0118874
0.0926527 0.0336728 0.147376 0.0452575 9.9973E-05 9.9973E-05 0.0880552 0.0962945 9.9973E-05 0.496391
0.323177 9.9982E-05 0.231017 0.113065 0.00700872 9.9982E-05 0.019798 0.0558918 0.0593725 0.19047
0.0823672 0.101292 0.640392 9.9973E-05 0.0680732 9.9973E-05 0.0512256 0.0393661 0.0169846 9.9973E-05
0.385812 0.181637 9.9964E-05 0.0922704 9.9964E-05 0.123692 9.9964E-05 0.1417 9.9964E-05 0.0744892
0.330674 0.106309 0.15974 9.9973E-05 0.0285955 9.9973E-05 0.0873756 0.137686 9.9973E-05 0.14932
0.421698 0.130504 0.247961 0.0367419 0.0132895 9.9973E-05 0.0304866 0.119019 9.9973E-05 9.9973E-05
0.207352 9.9982E-05 0.123447 0.0742328 0.0554735 9.9982E-05 0.0445333 0.119691 0.0569584 0.318112
0.376961 0.0938504 0.199947 0.175426 9.9973E-05 0.093612 9.9973E-05 9.9973E-05 0.0231865 0.0367178
0.18163 9.9982E-05 0.261048 0.0202756 0.0200275 9.9982E-05 0.0204511 0.0494621 0.0348292 0.412076
0.194305 9.9964E-05 0.561781 9.9964E-05 0.0649675 9.9964E-05 0.107593 0.0578542 0.0130996 9.9964E-05
0.0890408 9.9955E-05 0.661366 9.9955E-05 0.0312265 9.9955E-05 0.0141987 0.203668 9.9955E-05 9.9955E-05
0.153278 0.127366 0.563353 0.0041713 0.0454772 0.0457168 9.9973E-05 0.060338 9.9973E-05 9.9973E-05
0.0515458 9.9964E-05 0.701201 0.0635384 9.9964E-05 9.9964E-05 0.0632358 0.00805473 0.112024 9.9964E-05
0.0249821 0.0950646 0.512858 0.122422 0.0303926 0.0497738 0.0839316 0.0803752 9.9982E-05 9.9982E-05
0.174669 0.108403 0.420198 0.0367489 0.0461077 0.0285939 9.9982E-05 0.175621 0.00945809 9.9982E-05
0.375644 9.9964E-05 0.261531 9.9964E-05 0.0780411 0.0737236 9.9964E-05 0.00798004 9.9964E-05 0.20268
0.617346 0.0403663 0.245596 0.00526464 9.9973E-05 9.9973E-05 0.0372633 0.0232949 0.0305684 9.9973E-05
0.0790032 0.133218 0.692299 0.00183513 0.00696174 9.9964E-05 9.9964E-05 0.0862837 9.9964E-05 9.9964E-05
0.16453 0.0246998 0.586694 9.9973E-05 0.0220523 9.9973E-05 0.120233 0.030842 9.9973E-05 0.05065
0.315734 0.0543497 0.252876 0.0209507 0.074848 9.9982E-05 9.9982E-05 0.109616 0.0703764 0.10105
0.527956 9.9964E-05 0.0277999 0.00202523 0.0879763 0.184581 9.9964E-05 9.9964E-05 9.9964E-05 0.169262
0.136849 0.0879724 0.392077 0.135712 0.01659 0.133831 0.0230279 0.0737404 9.9982E-05 9.9982E-05
0.0441673 0.123811 0.552316 9.9973E-05 0.0282076 9.9973E-05 0.111365 0.131399 9.9973E-05 0.00843454
0.108189 0.0182701 9.9973E-05 0.0224556 0.0192048 0.00386848 9.9973E-05 0.00418677 9.9973E-05 0.823525
0.129751 9.9964E-05 0.251069 0.00215076 9.9964E-05 9.9964E-05 0.00609627 0.035056 9.9964E-05 0.575477
0.0172138 0.124461 0.481382 0.158135 0.0171695 9.9973E-05 0.0257369 0.175602 9.9973E-05 9.9973E-05
9.9982E-05 0.0738684 0.424632 0.00165799 9.9982E-05 0.42696 0.0139209 0.0138916 0.0362121 0.00865696
0.192509 0.268005 9.99639E-05 9.99639E-05 0.0130528 0.208563 0.12108 9.99639E-05 0.196391 9.99639E-05
0.098736 0.167119 0.142045 9.9982E-05 0.0649293 0.319778 0.0261736 0.0752435 0.105776 9.9982E-05
0.162017 0.0152624 0.502359 0.0125559 9.9982E-05 0.111311 0.00560643 0.149947 0.0407419 9.9982E-05
9.9982E-05 0.0363817 0.166817 0.0454553 0.0594078 0.46009 0.0584714 0.0248644 0.148312 9.9982E-05
0.114124 0.083618 0.244857 9.9982E-05 0.0378772 0.120917 0.0732086 0.0882891 0.236909 9.9982E-05
0.151061 9.9973E-05 0.213534 0.0111379 9.9973E-05 0.0655697 0.0143507 9.9973E-05 0.517449 0.0265983
9.9982E-05 0.102812 9.9982E-05 0.00280092 0.0739545 0.555772 0.0344128 0.180023 0.0176363 0.0323888
0.108975 0.059229 0.0986704 0.00508148 0.0501504 0.553992 0.0683875 0.0375964 9.9991E-05 0.0178179
0.17417 0.098747 0.168521 9.9973E-05 0.0257701 0.38002 0.0709147 0.081557 9.9973E-05 9.9973E-05
0.16978 0.0297021 0.291605 0.0480371 0.0589018 0.161147 0.127324 0.0367117 0.0766903 9.9991E-05
0.045817 0.208431 0.121507 0.0222748 0.012673 0.413051 0.0235392 9.9991E-05 0.143739 0.00886723
0.0676278 0.0589039 0.461405 0.0176012 0.114808 0.181378 0.0350481 0.00882891 0.0542988 9.9991E-05
9.9982E-05 0.215869 0.167137 0.0861304 0.0239353 0.291423 0.00977183 0.201039 9.9982E-05 0.00449356
9.9973E-05 0.27387 0.214058 0.00750244 0.0431337 0.210536 0.0333957 9.9973E-05 0.217203 9.9973E-05
0.0824699 0.167532 0.0561054 9.9982E-05 0.0834873 0.0253653 0.0384191 9.9982E-05 0.468085 0.0783361
0.0713187 9.9973E-05 0.331391 0.0412956 0.0546081 9.9973E-05 0.0401679 0.00796851 0.45295 9.9973E-05
0.172456 0.166954 0.0788247 0.0188364 0.0278221 0.15229 0.0126552 0.129013 0.241048 9.9991E-05
9.9973E-05 0.0681076 9.9973E-05 0.0811038 0.00725907 9.9973E-05 0.0664443 0.0319911 0.0351063 0.709688
9.9982E-05 9.9982E-05 0.318016 0.0688345 0.00967522 0.272782 0.0727969 0.101177 0.0982882 0.0582297
0.0926727 0.00847413 0.11169 0.0596034 0.0390426 0.497188 0.0602121 0.130917 9.9982E-05 9.9982E-05
0.169833 0.0864502 0.423101 9.9982E-05 0.00247332 0.16446 0.0540305 0.0219995 9.9982E-05 0.0774524
9.9982E-05 0.172731 0.0325644 0.00866674 9.9982E-05 0.213313 0.0442145 0.0516542 0.438156 0.0385007
9.9964E-05 0.13262 9.9964E-05 0.206193 9.9964E-05 0.313565 0.0697881 0.0802996 0.197135 9.9964E-05
0.330847 9.9982E-05 0.298383 0.130782 9.9982E-05 0.0142186 0.00240165 0.0516771 0.163214 0.00827603
0.0238623 0.109612 0.15567 9.9991E-05 0.0475127 0.349776 0.059492 0.0131729 0.237816 0.0029862
0.18819 0.135479 0.166239 9.9973E-05 0.0516929 0.281605 0.0773972 9.9973E-05 0.0990969 9.9973E-05
0.21844 0.251705 9.9982E-05 0.0220615 0.0379235 0.117581 0.074589 0.136166 0.141334 9.9982E-05
0.184307 0.0731904 0.0304808 9.9982E-05 9.9982E-05 0.157364 0.0808107 0.173179 0.299332 0.0011355
0.0686434 0.176083 0.0153052 0.0472356 0.0876425 0.345773 0.0705289 0.0629737 0.106861 0.018953
0.0240846 9.9964E-05 0.0762391 9.9964E-05 0.0299615 0.117102 9.9964E-05 0.250011 0.502202 9.9964E-05
9.99201E-05 9.99201E-05 9.99201E-05 9.99201E-05 9.99201E-05 9.99201E-05 0.999101 9.99201E-05 9.99201E-05 9.99201E-05
0.0550836 0.195255 0.0837775 9.9982E-05 0.131348 0.220404 0.0871242 0.126014 0.100793 9.9982E-05
9.9982E-05 0.0618668 0.25651 0.0108395 0.0172803 0.159858 0.0501501 0.215733 0.227563 9.9982E-05
