0.141866 0.548622 9.9982E-05 0.00972908 0.0153516 0.131138 0.00673432 0.113343 9.9982E-05 0.0330155
0.0403356 0.181297 0.0455456 0.142166 0.024058 0.440015 9.9991E-05 0.0845279 0.0175238 0.0244309
0.141239 0.162837 9.9973E-05 0.451233 0.00234803 0.198449 0.0187716 0.0248235 9.9973E-05 9.9973E-05
9.9964E-05 0.247776 0.112674 0.1316 9.9964E-05 0.342608 9.9964E-05 0.0478051 0.117137 9.9964E-05
9.9982E-05 0.606245 0.00547934 0.0388039 0.0271916 0.220249 9.9982E-05 0.030641 0.0414717 0.029719
9.9937E-05 9.9937E-05 9.9937E-05 0.310678 9.9937E-05 9.9937E-05 9.9937E-05 9.9937E-05 0.648967 0.0396552
0.0227198 0.426579 0.0230742 0.0373779 0.0556568 0.337189 0.0846198 9.99852E-05 9.99852E-05 0.0125834
9.9955E-05 9.9955E-05 9.9955E-05 0.161696 0.0396002 9.9955E-05 9.9955E-05 0.0174599 0.762038 0.0187062
0.0573047 0.430865 0.0726558 0.183836 0.0831944 0.131275 0.00448684 9.9982E-05 9.9982E-05 0.0361824
0.133133 0.228524 0.112062 0.14141 9.9964E-05 0.356937 9.9964E-05 0.0275342 9.9964E-05 9.9964E-05
0.157751 0.545678 9.9982E-05 0.0380558 0.00465825 0.177169 0.0163569 0.0337031 9.9982E-05 0.026428
9.9964E-05 0.176857 0.0671774 9.9964E-05 0.0615786 0.476772 9.9964E-05 9.9964E-05 0.161168 0.0560464
0.146692 0.383722 9.9964E-05 9.9964E-05 0.100672 0.310759 9.9964E-05 0.0151963 9.9964E-05 0.0425585
0.0766097 0.422533 0.0283171 0.0240414 0.0276599 0.352356 9.9973E-05 9.9973E-05 0.0681832 9.9973E-05
9.9946E-05 9.9946E-05 0.066015 0.295134 9.9946E-05 0.155937 9.9946E-05 9.9946E-05 0.482315 9.9946E-05
0.151563 0.20325 9.9964E-05 0.241386 0.0908023 0.264672 0.0479262 9.9964E-05 9.9964E-05 9.9964E-05
0.0875679 0.326169 0.020962 0.169738 0.0102503 0.115736 9.9991E-05 0.0470039 0.130289 0.0921832
9.9973E-05 0.329043 0.0321907 9.9973E-05 0.0224141 0.459668 0.0984817 0.0443438 9.9973E-05 0.0135591
0.0120307 0.427146 0.0964076 0.0653353 0.0516994 0.252796 9.9991E-05 0.0521928 0.0151973 0.027095
0.102879 0.477625 0.0368804 9.9964E-05 9.9964E-05 0.282853 9.9964E-05 0.0508158 9.9964E-05 0.0485473
9.9964E-05 0.598696 0.0855952 0.000229695 0.0444533 0.222361 9.9964E-05 0.0482655 9.9964E-05 9.9964E-05
0.0485955 0.431439 0.0310892 0.0635626 0.0282831 0.198141 9.9991E-05 0.0981788 0.0823416 0.018269
0.134584 0.309455 0.023503 0.140955 9.99639E-05 0.306171 9.99639E-05 9.99639E-05 9.99639E-05 0.0849322
0.227482 0.0405439 0.0143747 0.124382 9.9973E-05 0.0497837 9.9973E-05 0.0394889 0.503646 9.9973E-05
0.0848139 0.31706 9.9973E-05 9.9973E-05 0.06203 0.349989 0.0355963 0.113515 9.9973E-05 0.0366959
9.9955E-05 9.9955E-05 0.138631 0.222258 0.04347 9.9955E-05 9.9955E-05 0.0479749 0.547166 9.9955E-05
0.0151937 0.363489 9.9964E-05 0.179992 0.0336735 9.9964E-05 9.9964E-05 0.0476867 0.359565 9.9964E-05
9.9964E-05 0.414195 0.00985574 9.9964E-05 0.00662115 0.250978 9.9964E-05 9.9964E-05 0.302107 0.0158432
0.0459367 9.9973E-05 9.9973E-05 0.366109 0.00898112 0.0402686 9.9973E-05 0.0174016 0.490251 0.0307525
0.0319437 0.363944 9.9955E-05 9.9955E-05 0.0209402 0.468545 9.9955E-05 9.9955E-05 0.114127 9.9955E-05
0.0708073 0.272904 9.9973E-05 0.133585 0.0673711 9.9973E-05 9.9973E-05 0.0102266 0.360224 0.0845825
9.9964E-05 0.187756 9.9964E-05 0.161473 0.0628582 0.391753 0.0930943 0.102666 9.9964E-05 9.9964E-05
0.0823969 0.334299 0.0189315 0.33214 0.0498055 0.0326243 9.9982E-05 9.9982E-05 0.131357 0.0182453
9.9946E-05 9.9946E-05 9.9946E-05 0.031653 9.9946E-05 0.173213 0.0244261 9.9946E-05 0.770108 9.9946E-05
9.9946E-05 9.9946E-05 9.9946E-05 0.023221 9.9946E-05 0.114218 0.113001 9.9946E-05 0.748961 9.9946E-05
9.9973E-05 0.268093 9.9973E-05 0.167807 0.0123513 0.462369 0.014813 9.9973E-05 0.0556843 0.0185826
9.9973E-05 0.331943 0.0868726 0.119217 0.0619389 0.350564 9.9973E-05 0.00325132 0.0459139 9.9973E-05
0.0720506 0.575441 0.021523 9.9973E-05 0.046199 0.230581 0.0479665 9.9973E-05 9.9973E-05 0.00593887
9.9955E-05 0.140293 9.9955E-05 9.9955E-05 9.9955E-05 0.0403527 0.0267174 0.130711 0.661426 9.9955E-05
0.10614 0.138057 9.9973E-05 0.124733 9.9973E-05 0.168108 9.9973E-05 0.0920438 0.325795 0.0448248
0.0922323 0.334015 0.172939 0.133002 0.0629993 9.9964E-05 9.9964E-05 9.9964E-05 0.204412 9.9964E-05
9.9955E-05 0.563286 0.0550648 0.303797 0.0562562 0.0210968 9.9955E-05 9.9955E-05 9.9955E-05 9.9955E-05
0.0354966 0.449912 0.00526138 0.0321253 0.0118874 0.307778 9.9991E-05 0.00845334 0.130083 0.0189029
0.0060875 0.0767682 0.0190094 0.0378055 0.120724 0.159591 0.0635668 0.0108035 0.505544 9.9991E-05
0.13938 0.570056 0.049734 9.9973E-05 0.035909 0.0379105 0.0919792 0.0747307 9.9973E-05 9.9973E-05
0.16523 0.394662 0.127191 9.9982E-05 0.0484605 0.194048 0.00602989 0.0397781 9.9982E-05 0.0243999
0.0741655 0.389149 0.0375247 0.119409 0.0491946 0.205131 9.9973E-05 0.125126 9.9973E-05 9.9973E-05
0.0150143 0.538972 0.0282084 0.294297 9.9973E-05 9.9973E-05 9.9973E-05 0.0602724 0.0290632 0.0338728
0.214859 0.363303 0.0248791 0.085326 0.0563707 0.173107 9.9991E-05 0.0563047 0.00444693 0.0213037
9.9964E-05 0.0967263 9.9964E-05 0.319109 0.0302163 9.9964E-05 9.9964E-05 0.114717 0.378885 0.0599466
0.10734 0.437154 9.9964E-05 0.0725934 9.9964E-05 0.278547 0.0794445 9.9964E-05 9.9964E-05 0.0245217
0.162953 0.158052 0.0352132 0.130502 9.9991E-05 0.107187 0.00215092 0.0182572 0.359109 0.0264756
0.0407966 0.325559 0.175821 0.176872 0.0347695 0.104481 9.9982E-05 0.0756655 9.9982E-05 0.0658348
9.9955E-05 9.9955E-05 9.9955E-05 0.116617 0.0158028 0.0603506 0.0107686 9.9955E-05 0.795961 9.9955E-05
0.0836887 0.206137 0.00341075 0.162911 0.0776559 0.150957 9.9982E-05 9.9982E-05 0.31165 0.00338936
0.0946258 0.46764 0.00154498 0.00756345 0.0434455 0.339763 9.9982E-05 0.00442185 9.9982E-05 0.040795
0.238278 0.736452 0.0235278 9.9946E-05 9.9946E-05 9.9946E-05 9.9946E-05 0.0011422 9.9946E-05 9.9946E-05
0.0871192 0.408668 9.9964E-05 9.9964E-05 0.0354713 0.232921 9.9964E-05 9.9964E-05 0.149256 0.0861645
0.11878 0.365459 0.0238482 0.198214 0.055783 9.9964E-05 9.9964E-05 9.9964E-05 0.237516 9.9964E-05
9.9955E-05 0.559316 9.9955E-05 9.9955E-05 0.0132258 0.0877703 9.9955E-05 0.00422831 0.33496 9.9955E-05
0.0219535 9.9955E-05 9.9955E-05 0.188101 0.0810066 9.9955E-05 0.0389526 9.9955E-05 0.669487 9.9955E-05
9.9946E-05 9.9946E-05 0.0129868 0.295958 9.9946E-05 9.9946E-05 9.9946E-05 0.00125124 0.689204 9.9946E-05
9.9955E-05 0.501749 9.9955E-05 9.9955E-05 0.163214 0.281268 0.0395932 0.0136757 9.9955E-05 9.9955E-05
0.0737499 9.9964E-05 0.00425299 0.0240579 0.0252384 0.011518 9.9964E-05 9.9964E-05 0.860783 9.9964E-05
0.029989 0.457083 0.038531 0.181136 0.0173104 0.159727 9.9982E-05 0.0572046 9.9982E-05 0.0588199
9.9955E-05 9.9955E-05 0.122049 9.9955E-05 0.0429389 0.0825528 9.9955E-05 0.0322455 0.719714 9.9955E-05
0.11343 0.492893 0.120258 9.9964E-05 0.0674527 0.170849 9.9964E-05 9.9964E-05 9.9964E-05 0.0347171
0.187968 0.0769154 0.0195813 0.202037 9.9982E-05 0.345114 9.9982E-05 0.00406228 0.111333 0.0527888
0.236226 0.540288 0.0734761 9.9964E-05 0.0320186 0.0918366 9.9964E-05 9.9964E-05 9.9964E-05 0.0257546
9.9946E-05 9.9946E-05 0.0221993 0.399921 0.0607087 9.9946E-05 9.9946E-05 9.9946E-05 0.516572 9.9946E-05
0.272562 0.150607 0.0788997 9.9982E-05 0.0559472 0.331973 0.00733197 0.0602502 9.9982E-05 0.0422295
0.115886 0.278602 9.9982E-05 9.9982E-05 0.0127711 0.432763 0.0162132 0.0931994 0.038501 0.0118647
0.0858083 0.480447 9.9955E-05 0.152306 9.9955E-05 9.9955E-05 0.0575121 9.9955E-05 0.223428 9.9955E-05
0.0446288 0.265437 0.121442 0.143487 0.00952746 0.325065 9.9982E-05 0.03465 9.9982E-05 0.0555638
0.106934 0.41101 0.0669779 0.119057 0.0398648 0.162845 9.9982E-05 9.9982E-05 0.0168809 0.0762308
0.0849558 0.306902 9.9955E-05 9.9955E-05 0.0826251 0.213157 9.9955E-05 9.9955E-05 0.31186 9.9955E-05
0.0307405 0.430888 0.0778343 0.0591423 9.9973E-05 0.363133 9.9973E-05 0.033794 0.00416849 9.9973E-05
0.0842237 0.394226 0.0481403 0.158291 0.0432288 0.0711866 9.9991E-05 0.0331371 0.141691 0.0257755
0.226303 0.170684 9.9982E-05 0.152192 0.00532978 0.254877 0.0503222 0.0669591 0.0731331 9.9982E-05
0.0442573 0.33561 9.9982E-05 0.082019 0.044174 0.382835 0.0579754 0.0428819 9.9982E-05 0.0100474
0.272163 0.367201 0.0609381 0.0372332 9.9973E-05 0.0485494 9.9973E-05 0.157222 9.9973E-05 0.056393
0.0984977 0.233261 0.043208 0.205205 0.0802091 0.324045 0.0152745 9.9973E-05 9.9973E-05 9.9973E-05
0.127428 0.369748 0.084119 0.0876567 0.0217285 0.192376 9.9991E-05 0.0418279 0.0155104 0.0595057
0.111674 0.507911 0.141365 0.053308 9.9973E-05 0.119284 9.9973E-05 0.0278953 9.9973E-05 0.0382622
0.103586 0.531482 9.9964E-05 0.137493 9.9964E-05 0.172099 9.9964E-05 0.0520905 9.9964E-05 0.00284977
0.167261 0.248586 0.0712714 0.0611162 0.0713833 0.229966 9.9991E-05 0.0201585 0.0730434 0.0571134
0.0931834 0.267167 9.9955E-05 0.241545 9.9955E-05 0.171669 9.9955E-05 9.9955E-05 0.225935 9.9955E-05
0.0105557 0.377356 0.0246751 0.311831 9.9973E-05 0.084079 9.9973E-05 0.0375599 0.153644 9.9973E-05
0.0534391 9.99461E-05 9.99461E-05 0.162229 0.0979019 9.99461E-05 9.99461E-05 9.99461E-05 0.68583 9.99461E-05
9.9982E-05 0.257234 0.0856271 0.37358 0.0366555 0.00566428 0.0123815 0.104393 0.124265 9.9982E-05
0.291096 0.137424 0.0306834 0.253906 0.0123794 0.218987 0.0275233 0.0134731 0.00781273 0.00671578
9.9964E-05 0.0689292 9.9964E-05 0.293188 0.0206464 0.12478 9.9964E-05 0.0777171 0.414339 9.9964E-05
0.0559651 0.519035 0.0292532 0.0696405 0.00291457 0.292783 9.9982E-05 9.9982E-05 0.0262964 0.00391227
0.0336266 0.458782 0.00197968 0.00664109 9.9973E-05 0.210532 9.9973E-05 0.0329463 0.255193 9.9973E-05
0.0864707 9.9964E-05 0.0271022 0.198814 9.9964E-05 0.284404 9.9964E-05 9.9964E-05 0.382938 0.019871
9.9955E-05 9.9955E-05 9.9955E-05 0.0291789 9.9955E-05 0.0971418 9.9955E-05 0.0225942 0.758488 0.0920976
0.0125602 0.428221 0.111293 0.119009 0.0170431 0.206778 9.9982E-05 9.9982E-05 0.0638063 0.0410896
0.160122 0.153454 0.0599672 0.397331 0.069029 0.123566 9.9973E-05 0.0362308 9.9973E-05 9.9973E-05
0.250065 0.284911 0.109822 9.99711E-05 9.99711E-05 0.218809 9.99711E-05 0.0771338 0.0588601 9.99711E-05
9.9955E-05 0.501657 0.000777397 9.9955E-05 9.9955E-05 0.279063 9.9955E-05 9.9955E-05 0.196676 0.0213272
0.0430418 0.00030323 0.0857509 0.405543 0.0965776 0.0220365 9.9982E-05 9.9982E-05 0.319548 0.0269993
9.9973E-05 0.280738 0.113696 0.111959 9.9973E-05 0.388446 9.9973E-05 0.0494129 0.0447333 0.0107149
0.161026 0.317192 9.9982E-05 0.0499829 0.0668829 0.259 0.087752 0.0493643 9.9982E-05 0.00860009
0.0802241 0.429643 0.051089 0.00692456 0.00552201 0.317379 9.9982E-05 0.0763203 9.9982E-05 0.0326985
0.0666322 0.0804499 0.061869 0.195319 0.0166076 0.531442 0.0473805 9.9973E-05 9.9973E-05 9.9973E-05
0.0747935 9.9973E-05 0.0186444 0.0866064 0.0279331 0.138902 9.9973E-05 9.9973E-05 0.620491 0.0323292
9.9964E-05 9.9964E-05 9.9964E-05 0.311885 9.9964E-05 0.189779 0.0269806 0.0921482 0.335438 0.0433701
0.120449 0.599422 0.0644847 9.9955E-05 9.9955E-05 0.168507 9.9955E-05 0.046638 9.9955E-05 9.9955E-05
0.0776502 9.9955E-05 0.0513788 0.153905 0.0497927 0.666774 9.9955E-05 9.9955E-05 9.9955E-05 9.9955E-05
0.128275 0.500095 9.9964E-05 0.00617502 0.0354308 0.313778 9.9964E-05 9.9964E-05 9.9964E-05 0.0158461
0.0979493 0.227315 9.9973E-05 0.139721 0.00786254 0.0569912 0.0556014 9.9973E-05 0.41426 9.9973E-05
0.0614789 9.9937E-05 9.9937E-05 0.10671 9.9937E-05 9.9937E-05 9.9937E-05 9.9937E-05 0.831112 9.9937E-05
0.0101804 0.457624 9.9955E-05 0.128049 0.00914864 9.9955E-05 9.9955E-05 9.9955E-05 0.394498 9.9955E-05
9.9964E-05 0.351483 0.000895212 9.9964E-05 0.00746863 0.599389 0.0218205 9.9964E-05 9.9964E-05 0.0185441
0.0361513 0.455249 0.0855652 0.025702 0.0593444 0.180213 9.9982E-05 0.0882989 0.0692764 9.9982E-05
0.0439759 0.428692 0.0912422 9.9973E-05 9.9973E-05 0.344393 0.018956 0.064114 0.00832694 9.9973E-05
0.0871452 0.532818 0.0571971 0.106455 0.0143387 0.0791656 9.9982E-05 0.0737475 9.9982E-05 0.0489339
0.00128999 9.9946E-05 9.9946E-05 0.188296 0.0671614 9.9946E-05 9.9946E-05 9.9946E-05 0.742653 9.9946E-05
0.0431187 0.3807 0.0480479 9.9982E-05 0.0168902 0.391523 9.9982E-05 0.000701196 0.0153617 0.103457
0.151902 0.239764 9.9964E-05 0.00985613 9.9964E-05 0.401548 0.129358 0.0671726 9.9964E-05 9.9964E-05
0.0244057 0.205308 9.9973E-05 9.9973E-05 0.06016 0.557909 9.9973E-05 0.0109382 0.107913 0.0330666
9.99639E-05 0.0244248 9.99639E-05 0.248832 0.0547458 0.16489 9.99639E-05 9.99639E-05 0.486225 0.0204825
0.0850721 0.712601 0.00110002 0.0328249 0.0366216 0.104871 0.0021715 9.9991E-05 0.0242372 0.000400854
0.1128 0.28668 9.9955E-05 0.211017 9.9955E-05 0.298374 0.0906293 9.9955E-05 9.9955E-05 9.9955E-05
0.134624 0.476334 0.0151731 9.9973E-05 0.0319118 0.285327 0.0439495 9.9973E-05 9.9973E-05 0.0123811
0.0596766 0.196343 0.0635642 0.09844 0.00370735 0.437909 9.9991E-05 0.00538391 0.0335283 0.101348
9.9973E-05 0.0574097 0.105434 0.0272056 0.0997156 0.121507 9.9973E-05 9.9973E-05 0.527142 0.0612865
0.00270773 9.9955E-05 9.9955E-05 0.212408 0.0413917 9.9955E-05 9.9955E-05 9.9955E-05 0.721017 0.0219755
0.127056 0.276775 0.0590844 0.226182 0.0523923 0.216751 0.0304398 0.0111207 9.9982E-05 9.9982E-05
0.160436 0.440734 9.9982E-05 0.0252353 9.9982E-05 0.124702 0.0606905 0.135644 0.0190485 0.0333101
0.0765198 0.469116 0.0125614 0.0236978 0.0568604 0.245859 0.017696 0.0974897 9.9982E-05 9.9982E-05
9.9973E-05 0.458768 0.0477081 0.249029 0.0381821 0.0581392 9.9973E-05 0.113088 9.9973E-05 0.0347857
0.0250707 0.24326 0.0850408 0.199745 0.0559512 0.042369 9.9973E-05 9.9973E-05 0.348263 9.9973E-05
0.0108018 0.377766 0.0371483 0.15151 9.9991E-05 0.207771 0.117525 0.0614277 0.034104 0.00184736
0.00300877 0.376283 0.00872269 0.0266609 9.9973E-05 0.362805 9.9973E-05 0.00946064 0.212758 9.9973E-05
0.999101 9.99201E-05 9.99201E-05 9.99201E-05 9.99201E-05 9.99201E-05 9.99201E-05 9.99201E-05 9.99201E-05 9.99201E-05
0.0962157 0.232318 0.0260071 0.00324337 0.0575287 0.0350746 0.0259448 0.0265131 0.497055 9.9991E-05
9.9973E-05 0.244543 9.9973E-05 0.081704 0.0428687 0.321392 0.0600781 0.0330471 0.216067 9.9973E-05
0.999101 9.99201E-05 9.99201E-05 9.99201E-05 9.99201E-05 9.99201E-05 9.99201E-05 9.99201E-05 9.99201E-05 9.99201E-05
0.0757849 0.0116435 0.0621263 0.237291 9.9982E-05 0.00603644 9.9982E-05 0.038692 0.488263 0.0799629
9.9955E-05 0.254674 9.9955E-05 0.150851 9.9955E-05 0.442613 0.0471746 9.9955E-05 0.104188 9.9955E-05
0.0178971 0.199311 0.0286303 0.236194 9.9973E-05 9.9973E-05 9.9973E-05 0.0699641 0.317749 0.129955
9.9964E-05 0.207407 9.9964E-05 0.35339 0.154379 0.112094 9.9964E-05 0.0631962 0.109134 9.9964E-05
0.10257 0.118079 9.9982E-05 0.400262 0.0921818 0.124148 9.9982E-05 0.0863477 0.0627243 0.0134871
9.9973E-05 0.245347 0.00276401 0.168859 0.00127356 9.9973E-05 9.9973E-05 0.00921624 0.525054 0.0471861
0.00259091 0.145176 0.122216 0.0338196 0.0473134 0.302213 9.9991E-05 0.0492433 0.279838 0.0174904
0.0512501 0.186773 0.0299668 0.390521 9.9982E-05 0.157463 9.9982E-05 0.0309265 0.13021 0.0226893
0.109517 0.622514 0.03265 0.0380003 0.0492574 0.0275721 9.9982E-05 0.0609803 9.9982E-05 0.0593087
0.0457833 0.30628 0.113922 9.9973E-05 0.00461799 0.378647 9.9973E-05 0.0957412 9.9973E-05 0.0547085
0.176888 0.626428 0.00290552 9.9991E-05 0.000717383 0.0031071 0.0706715 0.0689473 0.0170992 0.0331357
9.9955E-05 0.242974 9.9955E-05 0.360253 0.0114324 0.360826 9.9955E-05 0.0240147 9.9955E-05 9.9955E-05
0.01693 0.442929 0.00827426 9.9982E-05 0.0293431 0.1361 9.9982E-05 0.033332 0.300002 0.0328896
9.9973E-05 0.232767 9.9973E-05 0.0210784 0.0517741 0.0301564 9.9973E-05 0.00393447 0.658449 0.00154143
9.9982E-05 0.125457 0.00468706 0.170065 0.0629729 0.184336 0.0874854 0.0510224 0.313775 9.9982E-05
0.240875 0.22895 9.9973E-05 0.116307 0.105456 0.162696 0.0322917 0.113124 9.9973E-05 9.9973E-05
0.199314 0.214126 0.0530372 0.156694 0.0762791 0.211922 0.068697 0.0197303 9.9982E-05 9.9982E-05
0.0290039 9.9946E-05 9.9946E-05 0.0991485 9.9946E-05 9.9946E-05 9.9946E-05 0.104093 0.767155 9.9946E-05
0.107966 0.212414 9.9982E-05 0.0966435 0.0306793 0.381808 0.120675 0.0112453 9.9982E-05 0.0383689
0.129497 0.346153 9.9973E-05 0.075336 0.113949 0.224234 9.9973E-05 0.104746 9.9973E-05 0.00578468
0.107621 0.0148951 0.00503289 0.182619 0.0342782 0.467006 9.9991E-05 0.0169797 0.110662 0.0608055
0.10567 0.262573 9.99809E-05 0.124585 0.0291745 0.296042 0.107451 0.0742042 9.99809E-05 9.99809E-05
0.199343 0.260465 9.9991E-05 0.126373 0.0825235 0.0845701 0.0373871 0.0306707 0.138621 0.0399473
0.137741 0.115885 0.109935 0.210327 0.0213486 0.322545 9.9991E-05 0.0487001 0.00759631 0.025823
0.134808 0.106017 0.087685 9.9982E-05 0.014922 0.465059 9.9982E-05 0.112741 0.00104273 0.0775241
0.0937535 0.494403 0.0432358 9.9964E-05 0.00932574 0.28132 9.9964E-05 0.0775621 9.9964E-05 9.9964E-05
0.238102 0.286064 0.052091 9.9955E-05 9.9955E-05 0.350608 9.9955E-05 9.9955E-05 9.9955E-05 0.0726343
0.18493 0.218281 9.9991E-05 0.239777 0.0504333 0.133987 0.00780242 0.0973895 0.0657041 0.00159606
0.128931 0.102408 9.9973E-05 0.160415 0.00986631 0.146832 9.9973E-05 0.00895943 0.442288 9.9973E-05
0.177234 0.255001 9.9973E-05 0.109258 9.9973E-05 0.228192 9.9973E-05 0.0089013 0.218894 0.00221954
0.254799 0.378066 9.9991E-05 0.140788 0.00886311 0.00478423 0.0655598 0.0951314 0.0315408 0.0203672
0.194046 0.117528 0.00890433 0.140626 9.9982E-05 0.340294 0.00772895 9.9982E-05 0.102979 0.0876928
9.9973E-05 0.185074 9.9973E-05 0.286439 0.00373696 0.365433 9.9973E-05 0.0508659 0.0768572 0.0312941
9.9955E-05 9.9955E-05 9.9955E-05 0.0764361 0.01975 9.9955E-05 9.9955E-05 0.0212609 0.872267 0.00978572
0.0677024 0.0691348 0.0257216 0.541539 9.9964E-05 0.27511 9.9964E-05 9.9964E-05 9.9964E-05 0.0203929
0.175036 0.0331248 9.9973E-05 0.360955 0.0218577 0.128213 9.9973E-05 0.0675819 0.212932 9.9973E-05
0.227942 0.197285 0.045813 0.0921858 0.0514675 0.257105 0.0323666 9.9991E-05 0.0181464 0.0775887
0.00632609 0.395772 9.9973E-05 0.323741 9.9973E-05 0.0445558 9.9973E-05 0.0748296 0.153236 0.0012395
0.0385937 9.9964E-05 9.9964E-05 0.167338 0.0341801 0.279007 9.9964E-05 9.9964E-05 0.470043 0.0104391
0.00320981 0.0867002 0.0337901 0.0647178 0.055276 0.316746 9.9991E-05 0.0169428 0.39959 0.0229276
9.9964E-05 0.0880357 0.0138383 0.047077 9.9964E-05 0.294614 9.9964E-05 9.9964E-05 0.441435 0.1146
0.025589 0.490302 9.9964E-05 0.188361 0.0254689 0.217221 9.9964E-05 0.0526587 9.9964E-05 9.9964E-05
9.9946E-05 9.9946E-05 0.0343247 0.327506 9.9946E-05 9.9946E-05 9.9946E-05 0.0115272 0.626042 9.9946E-05
9.9973E-05 0.127154 0.0637085 0.114185 9.9973E-05 0.303741 0.0165597 0.0486896 0.325662 9.9973E-05
0.106704 0.401058 9.9973E-05 9.9973E-05 0.103603 0.242978 0.0201978 0.0524233 9.9973E-05 0.0727355
9.99461E-05 9.99461E-05 9.99461E-05 9.99461E-05 9.99461E-05 9.99461E-05 0.0332654 0.0193305 0.945884 0.000920413
9.9946E-05 0.064346 9.9946E-05 0.535745 0.0552358 9.9946E-05 9.9946E-05 9.9946E-05 0.344074 9.9946E-05
0.0976411 0.353324 0.114774 0.229938 0.00919348 0.119558 9.9991E-05 0.000578226 0.0303763 0.0445165
0.0104698 0.286308 9.99737E-05 0.165081 0.0316881 0.132639 9.99737E-05 0.017882 0.355632 9.99737E-05
0.0678012 0.516097 0.0362678 9.9973E-05 0.0559951 0.137933 9.9973E-05 0.0308484 0.154757 9.9973E-05
0.00108769 0.472482 9.9973E-05 0.173323 9.9973E-05 0.231596 0.0683053 0.0453506 9.9973E-05 0.00755628
9.9964E-05 9.9964E-05 9.9964E-05 0.345106 0.0408891 0.365197 0.00161345 0.0630384 0.183756 9.9964E-05
0.0134548 0.632938 0.0644995 0.0304198 9.9973E-05 0.200884 9.9973E-05 0.0139347 9.9973E-05 0.0435697
0.0361551 0.417641 0.0425732 0.164897 0.0133391 0.322026 9.9973E-05 9.9973E-05 9.9973E-05 0.00306863
0.100184 0.49879 0.0333986 0.0111537 0.034578 0.214423 0.0537083 0.0230518 9.9991E-05 0.0306128
0.0850826 0.170867 9.9991E-05 0.333281 0.0146837 0.0465198 0.0245265 0.119795 0.149492 0.055652
9.9955E-05 0.47506 0.00375855 9.9955E-05 9.9955E-05 0.308182 9.9955E-05 9.9955E-05 0.207834 0.00466514
0.116233 0.408037 0.0180668 0.0227701 9.9982E-05 0.261611 0.0846051 0.0679974 9.9982E-05 0.0204803
9.9973E-05 0.355482 0.0428762 0.150748 0.0183532 0.280072 9.9973E-05 0.0656064 0.0865626 9.9973E-05
0.106243 0.393546 0.109189 0.0599135 0.032807 0.154166 0.0976347 9.9982E-05 9.9982E-05 0.0463009
0.119545 0.471292 9.9973E-05 0.19609 0.00168756 0.104144 0.0149058 0.0920357 9.9973E-05 9.9973E-05
0.0442494 0.0924943 0.0423929 0.095526 0.0122044 0.395711 0.00661861 0.0739702 0.224113 0.0127205
0.108163 0.306996 0.074002 9.9964E-05 9.9964E-05 0.458415 9.9964E-05 0.0472466 9.9964E-05 0.00477842
0.219038 0.521905 9.9982E-05 0.0423708 9.9982E-05 0.0514511 0.0842738 0.000100374 0.0404688 0.0401923
0.0581283 0.13489 0.0399809 0.141174 0.0157969 0.324599 0.19613 0.0891006 9.9982E-05 9.9982E-05
0.0786826 0.557175 0.0487239 9.9973E-05 0.0806445 9.9973E-05 0.0825943 0.130046 9.9973E-05 0.0218337
0.0876074 0.00044539 0.0885576 0.254277 0.0117582 0.232145 0.0320361 0.0977579 0.195316 9.9991E-05
0.0671877 0.736368 9.9964E-05 9.9964E-05 9.9964E-05 0.0319983 9.9964E-05 0.0668388 0.0277499 0.0694573
9.9973E-05 0.309262 0.056044 0.427474 0.0248218 0.0124936 9.9973E-05 0.0766198 0.0929846 9.9973E-05
0.146042 0.378459 9.9982E-05 0.0603787 0.0977512 0.187585 0.0456294 0.0524578 0.0314973 9.9982E-05
0.0334718 0.310942 0.171383 9.9955E-05 9.9955E-05 0.410926 9.9955E-05 0.072777 9.9955E-05 9.9955E-05
0.0565383 0.500861 0.0366319 0.138616 9.9973E-05 0.202763 0.00942636 0.0548641 9.9973E-05 9.9973E-05
9.9973E-05 0.316368 0.121516 0.0318603 9.9973E-05 0.139139 9.9973E-05 0.0118989 0.312887 0.0660323
9.9973E-05 0.194712 0.0366487 0.189032 0.00845964 0.141528 9.9973E-05 0.0619019 0.367419 9.9973E-05
9.9955E-05 0.335349 0.0572666 9.9955E-05 0.041296 0.549315 9.9955E-05 0.0162734 9.9955E-05 9.9955E-05
0.132303 0.168941 0.0211765 9.9955E-05 9.9955E-05 0.523661 0.153419 9.9955E-05 9.9955E-05 9.9955E-05
0.0253505 0.392786 9.9982E-05 0.0514936 0.0991368 0.33845 0.00233116 0.0338033 9.9982E-05 0.0564486
0.0881327 0.305866 0.0357631 0.148655 9.9982E-05 0.263095 0.0406195 0.101192 9.9982E-05 0.0164753
0.277281 0.128507 0.0176249 0.309022 0.00275918 0.068234 9.9973E-05 9.9973E-05 0.196272 9.9973E-05
0.156558 0.117813 0.0721049 0.346698 0.0036128 0.153438 9.9991E-05 0.0746222 0.0748169 0.000236639
0.0347772 0.364752 0.100743 0.162422 9.9982E-05 0.218653 0.0183114 0.0071001 9.9982E-05 0.0930409
0.128225 9.9973E-05 9.9973E-05 0.110239 0.134471 0.0948974 9.9973E-05 0.0354027 0.465531 0.0309345
9.9964E-05 0.274517 9.9964E-05 0.178618 0.0671193 0.341136 9.9964E-05 9.9964E-05 0.105917 0.0322932
0.0759515 0.336135 0.104956 0.350343 9.9973E-05 9.9973E-05 0.0139685 9.9973E-05 0.0719454 0.0464011
9.9973E-05 9.9973E-05 9.9973E-05 0.191581 0.0762176 0.0232805 0.0164452 0.0357708 0.627694 0.0287119
0.082206 0.372453 0.052753 0.383335 0.0378132 9.9964E-05 9.9964E-05 9.9964E-05 9.9964E-05 0.07104
0.189652 0.346302 0.0608637 0.0656101 0.0379843 0.196782 9.9982E-05 0.0575602 9.9982E-05 0.0450456
0.107735 0.385499 9.9955E-05 9.9955E-05 0.0772362 0.350087 9.9955E-05 9.9955E-05 0.0789436 9.9955E-05
0.0426188 0.622479 0.0434408 9.9973E-05 0.0666019 0.114914 9.9973E-05 0.0779634 9.9973E-05 0.0316826
0.135138 0.370875 0.108942 0.294951 9.9973E-05 9.9973E-05 0.000311602 0.047993 9.9973E-05 0.0414895
0.173766 0.337959 0.018183 0.176201 0.0274881 0.24037 0.0162618 0.00957045 9.9982E-05 9.9982E-05
9.9973E-05 0.436128 9.9973E-05 0.000195464 0.0838012 0.427011 0.00732108 0.0299242 9.9973E-05 0.0153197
0.0810364 0.306273 0.0423484 0.0384892 9.9973E-05 0.432272 9.9973E-05 0.0429377 9.9973E-05 0.0563425
0.105616 0.0437908 9.9982E-05 0.332371 0.104348 0.233894 9.9982E-05 0.0410732 0.112595 0.0261111
0.121484 0.446744 9.9964E-05 0.0457817 9.9964E-05 0.292605 9.9964E-05 0.0371895 9.9964E-05 0.055796
0.13496 0.416713 9.9946E-05 9.9946E-05 9.9946E-05 0.298773 9.9946E-05 0.148955 9.9946E-05 9.9946E-05
9.9955E-05 0.0221688 0.070693 0.751965 9.9955E-05 0.0929354 9.9955E-05 0.0617379 9.9955E-05 9.9955E-05
0.083837 0.372846 0.0735233 0.0676254 9.9982E-05 0.298152 9.9982E-05 0.073279 0.0173405 0.0131974
0.14006 0.651593 0.048141 9.9973E-05 0.00303769 0.111778 9.9973E-05 9.9973E-05 0.0011496 0.043941
0.120116 0.162661 9.9973E-05 9.9973E-05 0.100071 0.28923 9.9973E-05 0.0136424 0.294847 0.0191323
0.143076 0.371249 9.9973E-05 9.9973E-05 0.0382275 0.0973465 9.9973E-05 0.046869 0.268437 0.0344947
0.0157662 0.782288 0.0193298 0.0604181 9.9976E-05 0.066431 9.9976E-05 0.0281783 0.0272888 9.9976E-05
0.0227434 9.9973E-05 9.9973E-05 0.0116201 0.0434646 0.399195 9.9973E-05 0.0475515 0.448445 0.0266803
0.0892643 0.207879 9.9973E-05 0.323148 9.9973E-05 0.29831 0.0289652 0.0126755 9.9973E-05 0.0394587
0.0341627 0.0967926 0.022611 0.207737 0.0178721 0.379564 9.9973E-05 9.9973E-05 0.24096 9.9973E-05
0.0166567 0.463592 0.000849925 0.0642558 9.9991E-05 0.298473 0.0887053 0.0333749 0.0116481 0.0223447
0.221075 0.0108962 0.0810823 0.507118 9.9973E-05 9.9973E-05 9.9973E-05 0.0432358 0.0688004 0.0674923
0.0547829 0.387476 0.060474 0.114925 9.9982E-05 9.9982E-05 0.0303229 0.0366625 0.268281 0.046876
0.0991969 9.9964E-05 9.9964E-05 0.219767 0.0618336 0.256584 9.9964E-05 0.023535 0.338684 9.9964E-05
9.9964E-05 0.325978 9.9964E-05 0.185178 0.0522614 0.378741 0.041485 0.0159563 9.9964E-05 9.9964E-05
0.170075 0.466182 9.9973E-05 0.0426292 0.0453716 0.149962 9.9973E-05 0.0658082 9.9973E-05 0.0596716
0.0856594 0.340521 0.0290706 0.0804096 9.9973E-05 0.139595 9.9973E-05 9.9973E-05 0.314985 0.0094601
9.9982E-05 0.139588 0.116958 0.0639512 0.00250756 0.472458 9.9982E-05 0.118566 0.0278776 0.0578944
9.9973E-05 0.489494 0.0561472 0.0698536 0.0307941 0.292394 0.0528431 0.0081741 9.9973E-05 9.9973E-05
0.010221 0.0478947 0.00992408 9.9964E-05 0.0724071 9.9964E-05 9.9964E-05 9.9964E-05 0.75523 0.103923
0.138561 0.294925 0.0145343 0.0906063 0.0140881 0.321245 0.0352044 0.090636 9.9982E-05 9.9982E-05
9.9964E-05 0.518012 9.9964E-05 0.309653 0.00899197 0.14147 0.0130995 9.9964E-05 9.9964E-05 0.00837398
0.000217908 0.276548 0.00308737 0.17029 0.0369262 0.459954 0.00839041 0.016612 9.9991E-05 0.0278738
0.0437555 0.25898 0.0150258 0.145951 0.0424604 0.416509 9.9973E-05 0.0770186 9.9973E-05 9.9973E-05
0.0742043 0.202035 0.0883687 0.0391527 0.00998911 0.486645 9.9991E-05 0.0411548 0.0308348 0.0275155
0.0394584 0.602609 0.0853812 9.9973E-05 0.00510842 0.155197 9.9973E-05 0.0491296 0.0628163 9.9973E-05
0.0541158 0.35344 0.0241278 0.0499883 0.0495164 0.451098 9.9973E-05 9.9973E-05 9.9973E-05 0.0174144
0.0175823 0.267199 0.0183241 0.103384 0.0219879 0.403562 9.9982E-05 9.9982E-05 0.102425 0.0653361
0.00265154 0.0861302 0.095228 0.0423664 9.9982E-05 0.195482 9.9982E-05 0.0107151 0.537714 0.0295125
0.0369599 0.3582 0.0097533 0.201409 9.9955E-05 0.393178 9.9955E-05 9.9955E-05 9.9955E-05 9.9955E-05
0.130591 0.403486 0.00267638 9.9955E-05 0.021953 0.440794 9.9955E-05 9.9955E-05 9.9955E-05 9.9955E-05
0.0469336 0.0846119 0.116981 0.228703 0.0190626 0.335472 0.0105993 9.9991E-05 0.0981976 0.0593395
0.0250827 0.0287177 0.154527 0.0838796 9.9973E-05 0.353084 9.9973E-05 9.9973E-05 0.352489 0.0019202
0.17482 0.475811 0.0459979 9.9964E-05 9.9964E-05 0.184776 0.0752569 0.0429393 9.9964E-05 9.9964E-05
0.00122784 0.311739 9.9973E-05 0.29408 0.0265524 0.0819677 9.9973E-05 0.097562 0.186571 9.9973E-05
9.9964E-05 0.641294 9.9964E-05 9.9964E-05 0.0764744 0.186269 9.9964E-05 0.0608343 0.0156674 0.01906
0.0793533 0.315287 0.00719372 0.0933491 0.00447745 0.172707 0.0034717 0.0423377 0.281723 9.9991E-05
0.194984 0.168441 9.9991E-05 0.129039 0.00110078 0.286254 0.0811686 0.0174165 0.106735 0.0147624
0.0910125 0.111011 0.0411669 0.261177 0.0618989 9.9973E-05 9.9973E-05 0.0740857 0.359348 9.9973E-05
9.9973E-05 0.145688 0.0451197 9.9973E-05 0.0145888 0.478383 9.9973E-05 0.0971024 0.210579 0.00823814
0.258436 0.347005 9.9982E-05 0.0806246 0.0135125 0.182248 0.0621997 9.9982E-05 0.00725319 0.0485207
9.9973E-05 0.0594891 0.129292 0.0104413 9.9973E-05 0.571192 9.9973E-05 0.0409051 0.179243 0.00913725
0.173947 0.37696 9.9973E-05 0.0379626 0.00120679 0.250989 9.9973E-05 0.131838 9.9973E-05 0.0267963
0.186283 0.233413 9.9982E-05 0.120275 0.00936781 0.388694 0.0296731 0.0223195 9.9982E-05 0.0097751
0.13144 0.141228 0.0391967 0.424398 0.021598 0.186677 9.9982E-05 0.0305749 9.9982E-05 0.0246888
0.142884 0.19905 9.9982E-05 0.11809 0.000701363 0.240923 9.9982E-05 0.0411503 0.234295 0.0227063
0.18287 0.376288 9.9946E-05 0.216832 9.9946E-05 0.22341 9.9946E-05 9.9946E-05 9.9946E-05 9.9946E-05
0.0434481 0.201462 0.0475568 0.0285735 0.0590342 0.486305 0.0669683 0.0664529 9.9982E-05 9.9982E-05
0.147251 0.452338 9.9964E-05 9.9964E-05 0.0438319 0.254835 9.9964E-05 0.0755073 9.9964E-05 0.0258363
9.9955E-05 0.124915 0.156983 0.225129 9.9955E-05 0.0509084 9.9955E-05 9.9955E-05 0.441565 9.9955E-05
9.9964E-05 0.0126157 9.9964E-05 9.9964E-05 0.0158779 9.9964E-05 0.0900432 0.0477267 0.825925 0.00741133
0.0488554 0.429756 0.00244226 0.152542 9.9982E-05 0.131106 0.13609 0.0292963 0.0697116 9.9982E-05
9.9991E-05 0.229478 0.174295 0.159262 0.023494 0.362669 0.00269658 0.00593344 0.0380277 0.00404374
0.129731 0.173974 0.0244847 0.306849 0.0423976 0.126336 0.097684 0.0505397 0.0479037 9.9991E-05
0.0332635 0.242348 0.0288789 0.490242 0.0158661 0.11254 9.9982E-05 9.9982E-05 0.0541351 0.0225276
9.9973E-05 0.151665 0.0206979 0.155412 9.9973E-05 0.354126 0.0690028 9.9973E-05 0.213318 0.0354785
9.9973E-05 0.204776 0.0865955 9.9973E-05 0.0127849 0.419618 9.9973E-05 0.154603 0.0978453 0.0234768
0.136975 0.388153 9.9973E-05 0.1922 0.00220261 0.107399 9.9973E-05 0.102147 9.9973E-05 0.0706245
0.00171663 0.336221 0.131386 0.156748 9.9964E-05 0.307582 0.0659462 9.9964E-05 9.9964E-05 9.9964E-05
0.0974795 0.613691 9.9973E-05 0.0163462 0.102478 0.14258 9.9973E-05 9.9973E-05 0.0126054 0.0145204
9.9955E-05 0.588015 9.9955E-05 9.9955E-05 0.0404375 0.211046 0.0692619 0.0907399 9.9955E-05 9.9955E-05
0.06261 0.609289 9.9946E-05 9.9946E-05 9.9946E-05 0.31328 9.9946E-05 0.0142217 9.9946E-05 9.9946E-05
0.0255586 0.582488 0.0177867 0.0142873 0.0444258 0.292735 9.9982E-05 0.0106719 9.9982E-05 0.0118472
0.217637 0.186698 0.018233 0.35975 9.9973E-05 0.150273 0.0399482 9.9973E-05 9.9973E-05 0.0271599
0.0619933 0.301382 9.9946E-05 9.9946E-05 9.9946E-05 0.456123 0.179903 9.9946E-05 9.9946E-05 9.9946E-05
0.127636 0.340168 0.152516 9.9964E-05 9.9964E-05 0.239829 9.9964E-05 0.0652165 0.0742335 9.9964E-05
0.147751 0.489991 0.0298781 9.9982E-05 0.0255897 0.0797127 0.0786136 0.0887089 9.9982E-05 0.0595553
9.9964E-05 0.375411 9.9964E-05 0.34869 0.0154468 0.143321 0.00780994 0.10892 9.9964E-05 9.9964E-05
0.0519886 0.430895 0.109479 9.9982E-05 0.0519755 0.182848 9.9982E-05 0.0227384 0.148838 0.00103696
9.9964E-05 9.9964E-05 0.0176154 9.9964E-05 9.9964E-05 0.331415 0.0268174 0.0512353 0.539989 0.0325279
0.0782421 0.217962 0.0184531 0.0567926 0.0789924 0.124577 9.9982E-05 0.0373071 0.387474 9.9982E-05
9.9946E-05 9.9946E-05 9.9946E-05 9.9946E-05 0.0296683 0.249822 9.9946E-05 9.9946E-05 0.697183 0.0227272
0.134809 0.567319 0.0582496 0.0707124 0.0159669 0.0884721 9.9973E-05 0.0641712 9.9973E-05 9.9973E-05
9.9964E-05 0.0514568 0.00502316 9.9964E-05 0.0640222 0.172103 9.9964E-05 0.0148602 0.692135 9.9964E-05
0.0337822 9.9955E-05 9.9955E-05 0.375527 9.9955E-05 0.0129781 9.9955E-05 9.9955E-05 0.552613 0.0246002
0.0541448 0.286539 0.0899511 0.222907 0.0337154 0.226831 9.9982E-05 0.080293 9.9982E-05 0.00541913
9.9973E-05 0.601746 0.155233 0.0307951 0.0238044 0.0917825 9.9973E-05 0.0627072 9.9973E-05 0.0336318
0.134905 0.469359 0.148405 0.0138078 9.9964E-05 0.123324 9.9964E-05 0.109799 9.9964E-05 9.9964E-05
9.9964E-05 0.0988827 0.152196 9.9964E-05 0.00220242 0.0301887 9.9964E-05 9.9964E-05 0.678764 0.0373655
0.0821643 0.668172 9.9973E-05 0.0510432 0.010119 0.0413115 9.9973E-05 0.110339 9.9973E-05 0.0365508
0.0728447 0.21542 0.0641154 0.17233 0.0708613 9.9982E-05 9.9982E-05 0.00329026 0.340609 0.0603285
0.161323 0.320102 0.0688547 0.00808898 9.9973E-05 0.331173 9.9973E-05 0.0944285 0.0157293 9.9973E-05
9.9964E-05 9.9964E-05 0.0174951 0.105625 0.0605924 0.14729 9.9964E-05 9.9964E-05 0.666123 0.00247511
0.102287 0.450816 0.0439688 0.118614 0.0350147 9.9982E-05 9.9982E-05 0.118325 0.120829 0.00994533
0.0476394 0.575024 0.00873417 9.9964E-05 0.0303973 0.293808 9.9964E-05 9.9964E-05 9.9964E-05 0.0439973
9.9955E-05 0.674679 0.0839334 9.9955E-05 9.9955E-05 0.159792 9.9955E-05 0.047067 9.9955E-05 0.0340285
0.151764 0.460567 9.9973E-05 0.0954766 0.0587589 0.0987205 0.0502964 0.084117 9.9973E-05 9.9973E-05
9.9973E-05 0.0895983 0.0151782 9.9973E-05 0.00500803 0.148916 9.9973E-05 0.0408708 0.662716 0.0374127
0.0155197 0.316879 9.9982E-05 0.200497 0.0201907 0.213277 9.9982E-05 0.066425 0.136978 0.0300337
0.0288136 0.0792165 0.0165141 0.348217 0.0807208 0.0606248 0.0303638 9.9991E-05 0.267268 0.0881615
0.110246 0.331888 0.0243428 0.0422623 0.0119653 0.293337 9.9982E-05 0.154424 9.9982E-05 0.0313347
9.9955E-05 9.9955E-05 9.9955E-05 0.0927878 0.0126972 0.149405 0.0996186 9.9955E-05 0.644992 9.9955E-05
0.0228059 0.379677 0.128158 0.204401 0.0509992 9.9991E-05 0.142299 0.00823093 0.0585669 0.00476147
9.9964E-05 9.9964E-05 9.9964E-05 0.419695 0.0304912 0.249395 0.0140102 9.9964E-05 0.2578 0.0282095
0.0462623 0.443468 0.179265 0.0926224 9.9964E-05 0.23182 0.00616288 9.9964E-05 9.9964E-05 9.9964E-05
0.0363731 0.12033 9.9982E-05 0.50869 0.0442848 0.141698 0.0269704 9.9982E-05 0.0633704 0.0580828
0.0540251 0.0894242 0.0584523 0.0235293 0.00814162 0.170648 9.9991E-05 0.0758824 0.515722 0.00407484
0.204582 0.440045 0.147615 9.99549E-05 9.99549E-05 0.100364 9.99549E-05 0.106894 9.99549E-05 9.99549E-05
0.0954332 0.589465 0.0217193 0.0102658 9.9982E-05 0.0861134 9.9982E-05 0.0978854 0.0329889 0.0659288
0.0839564 0.358949 0.129209 0.210756 0.00482428 0.127729 9.9973E-05 9.9973E-05 9.9973E-05 0.0842762
0.100287 0.568329 0.0743248 9.9973E-05 9.9973E-05 0.160599 0.0560207 9.9973E-05 0.0391819 0.000956939
0.0397013 0.0656671 9.9973E-05 0.426426 0.0408006 0.0387731 9.9973E-05 0.102081 0.286251 9.9973E-05
0.00251995 0.455796 9.9982E-05 0.217704 0.0572743 0.115798 0.0557316 0.0248841 9.9982E-05 0.070092
9.99552E-05 0.347826 0.0434566 9.99552E-05 0.0112244 0.477478 9.99552E-05 0.119516 9.99552E-05 9.99552E-05
0.0698884 0.399354 0.0801033 0.0524829 9.9973E-05 0.281851 9.9973E-05 0.047889 0.0681315 9.9973E-05
0.087997 0.0787405 9.9973E-05 0.133161 9.9973E-05 0.148165 9.9973E-05 0.140582 0.386675 0.0243798
0.126807 0.165262 9.9982E-05 0.297501 9.9982E-05 0.187612 0.00375176 0.0371161 0.13354 0.04821
9.9964E-05 0.504499 0.0717141 9.9964E-05 0.0637784 0.2584 9.9964E-05 0.0701812 9.9964E-05 0.0310274
0.16295 9.9973E-05 0.151293 0.404601 9.9973E-05 0.207173 0.00279998 0.038201 0.0326816 9.9973E-05
0.00100889 0.215301 0.102051 0.185888 0.00159488 0.153374 9.9991E-05 0.0502291 0.183819 0.106634
0.126387 0.234149 0.0187662 0.0864628 0.0202937 0.418681 0.0583053 0.0120943 9.9991E-05 0.024761
0.0529738 0.0732887 9.9991E-05 0.215939 0.0539083 0.160967 0.0754307 0.0422607 0.286616 0.0385162
0.208427 0.235731 0.0735097 0.408397 0.010566 0.0472619 0.00899052 0.006917 9.9982E-05 9.9982E-05
9.9946E-05 9.9946E-05 9.9946E-05 0.229385 0.0106008 0.427202 9.9946E-05 9.9946E-05 0.332212 9.9946E-05
9.9955E-05 0.596353 9.9955E-05 9.9955E-05 0.0323053 0.22144 9.9955E-05 0.0207077 9.9955E-05 0.128694
0.00805429 0.570658 9.9973E-05 0.0361814 0.0321987 0.269184 0.0361883 0.0472354 9.9973E-05 9.9973E-05
0.0491333 0.531248 0.0188315 0.108342 0.00216192 0.185445 0.104349 0.000289804 9.9982E-05 9.9982E-05
0.141031 0.629676 9.9964E-05 0.00766141 9.9964E-05 0.141541 9.9964E-05 0.0399167 9.9964E-05 0.0397744
0.238782 0.482427 0.0405851 0.0317835 9.9973E-05 0.0558241 9.9973E-05 0.0908398 9.9973E-05 0.0594581
0.111578 0.305731 0.108034 0.051412 9.9973E-05 0.340386 0.0456031 0.0369552 9.9973E-05 9.9973E-05
0.0379119 0.212115 9.9982E-05 0.343028 0.070796 0.0902017 0.0186178 0.045618 0.181512 9.9982E-05
0.066866 0.0826692 9.9964E-05 0.444332 9.9964E-05 0.34402 0.0420816 9.9964E-05 9.9964E-05 0.0196311
9.9955E-05 0.155425 0.0449844 0.136685 9.9955E-05 0.567108 9.9955E-05 0.0952982 9.9955E-05 9.9955E-05
9.9955E-05 0.3176 9.9955E-05 9.9955E-05 0.0178062 0.539835 9.9955E-05 9.9955E-05 0.0472296 0.0770289
0.0795196 0.184866 9.9982E-05 0.168617 0.0565982 0.377005 0.00733878 0.0979143 0.0279406 9.9982E-05
9.9973E-05 0.236028 9.9973E-05 0.475507 0.0957691 9.9973E-05 0.0108935 0.015172 0.166097 0.000232813
0.272719 0.445507 0.0773803 9.9973E-05 0.0422163 0.0310412 0.0830237 0.047812 9.9973E-05 9.9973E-05
0.0256255 0.379202 0.0486921 0.000132395 0.0125547 0.425957 0.00250382 0.0173794 9.9991E-05 0.0878532
0.00210195 0.028356 9.9982E-05 0.0423698 0.067712 0.095434 0.0192308 0.0328459 0.71175 9.9982E-05
0.0833588 0.229227 9.9982E-05 0.000295058 0.0128348 0.0532192 0.00454973 0.0464574 0.569858 9.9982E-05
0.10055 0.103101 0.0694026 0.0995971 0.0232972 0.518006 9.9973E-05 0.0857459 9.9973E-05 9.9973E-05
9.9946E-05 0.408662 0.239396 9.9946E-05 9.9946E-05 0.116949 0.234394 9.9946E-05 9.9946E-05 9.9946E-05
9.99639E-05 0.193356 0.278565 0.127266 9.99639E-05 9.99639E-05 0.160223 0.0979656 9.99639E-05 0.142224
0.0186169 0.0549163 0.120053 0.098328 0.0206582 0.216418 0.282464 0.0918415 9.9991E-05 0.0966039
0.0467088 0.428968 0.0700247 9.9973E-05 9.9973E-05 0.253322 0.146662 0.0527787 0.00123626 9.9973E-05
0.0735401 0.259198 0.123535 9.9973E-05 0.0838551 9.9973E-05 0.354387 0.0385947 9.9973E-05 0.0665896
9.9991E-05 0.230153 0.122714 0.0104049 0.0540562 0.13852 0.317185 0.00203098 0.036926 0.0879102
0.0165366 0.306512 0.0525829 0.0874328 9.9991E-05 0.0407647 0.357121 0.0197184 0.032727 0.0865047
9.9973E-05 0.224616 0.193404 9.9973E-05 0.0507999 0.0541435 0.372832 0.0347916 9.9973E-05 0.0691134
9.9982E-05 0.220167 0.154984 0.117168 0.0321409 0.0934541 0.304997 0.02862 9.9982E-05 0.0482682
0.1402 0.170363 0.083098 0.0330048 9.9973E-05 0.245254 0.204849 9.9973E-05 9.9973E-05 0.122931
0.130174 0.15806 0.0420828 0.157395 0.047221 0.232337 0.0841095 0.0185942 9.9991E-05 0.129927
9.9964E-05 0.276646 0.135675 0.160708 0.0214584 9.9964E-05 0.315324 9.9964E-05 9.9964E-05 0.089788
0.0289261 0.408481 0.0590597 0.0228079 0.0715921 0.197831 0.146418 0.0613631 9.9991E-05 0.00342032
0.0822679 0.135009 0.219595 9.9982E-05 9.9982E-05 0.262162 0.175726 0.111622 0.00409313 0.00932508
0.0208383 0.221592 0.17593 9.9973E-05 9.9973E-05 0.195071 0.350033 0.0288145 9.9973E-05 0.00742119
0.0048256 0.158619 0.0978563 0.101182 0.100669 9.9991E-05 0.366799 0.0104197 0.0241681 0.135361
0.0477224 0.353114 9.9982E-05 0.0124309 0.0426626 0.143042 0.258533 0.0662155 9.9982E-05 0.0760795
0.0501336 0.343153 0.0824735 0.0152554 0.041428 0.107007 0.205037 0.0863748 9.9991E-05 0.0690381
9.9964E-05 9.9964E-05 0.0361943 0.140261 0.0272155 9.9964E-05 0.0428909 9.9964E-05 0.678618 0.0744198
0.0485398 0.293397 9.9982E-05 0.12728 0.0181542 0.133096 0.296902 9.9982E-05 0.0150518 0.0673784
0.115796 0.265094 0.0662914 9.9991E-05 0.0394717 0.164156 0.221037 0.0181139 0.020198 0.0897418
0.0452673 0.554063 0.0526542 0.0367125 9.9982E-05 0.0826495 0.0499487 9.9982E-05 0.117363 0.0611418
9.9955E-05 0.30707 0.123439 9.9955E-05 9.9955E-05 9.9955E-05 0.454467 0.0352133 9.9955E-05 0.0793112
0.17689 0.202309 0.163699 9.9973E-05 0.00437662 9.9973E-05 0.345343 0.0248449 9.9973E-05 0.0822372
0.135344 0.298618 0.047087 0.288168 0.0116366 0.0990348 0.087908 9.9991E-05 0.000106594 0.0319971
9.9973E-05 0.30298 0.162757 9.9973E-05 0.0676307 0.0104588 0.309024 9.9973E-05 0.0276506 0.1192
9.9982E-05 0.248784 0.172348 0.129589 0.0735913 0.113209 0.152992 0.00799327 9.9982E-05 0.101294
9.9973E-05 0.284162 0.213328 0.096242 0.0136836 9.9973E-05 0.183355 0.10912 9.9973E-05 0.0998097
0.0248565 0.139089 0.0895364 9.9982E-05 9.9982E-05 0.112705 0.435119 0.0506842 0.0624133 0.0853961
0.0865738 0.101964 0.142558 0.0841351 0.0895057 9.9991E-05 0.341067 0.03066 0.0436037 0.0798322
0.026794 0.0519259 0.0821048 0.0332653 0.0530701 0.0321809 0.443261 0.270635 9.9991E-05 0.00666361
9.99201E-05 9.99201E-05 9.99201E-05 9.99201E-05 9.99201E-05 9.99201E-05 9.99201E-05 9.99201E-05 9.99201E-05 0.999101
9.9982E-05 0.0496723 0.202847 0.0448036 0.107421 0.213296 0.198859 0.105867 9.9982E-05 0.0770347
9.9964E-05 0.111433 0.0644668 9.9964E-05 9.9964E-05 0.297362 0.374033 0.0775239 9.9964E-05 0.0747809
