0.0658833 9.9955E-05 0.0908038 0.316499 9.9955E-05 9.9955E-05 9.9955E-05 0.0363824 9.9955E-05 0.489931
0.270343 0.0597868 9.9964E-05 0.149881 0.0408204 9.9964E-05 9.9964E-05 9.9964E-05 0.154864 0.323904
0.220451 0.215772 9.9964E-05 0.29932 9.9964E-05 0.00835701 9.9964E-05 0.104773 9.9964E-05 0.150927
0.324282 0.0516507 9.9982E-05 0.253642 9.9982E-05 0.00415293 0.0814979 0.00564386 0.0533479 0.225583
0.000541909 0.00911807 0.047236 0.587975 0.0193 9.9982E-05 0.0520807 9.9982E-05 0.077946 0.205603
9.9937E-05 0.38709 0.0482574 9.9937E-05 9.9937E-05 9.9937E-05 0.563953 9.9937E-05 9.9937E-05 9.9937E-05
0.302581 0.0537199 0.034731 0.337393 0.0475993 0.0189621 9.9982E-05 9.9982E-05 0.0386179 0.166195
0.0716537 9.9955E-05 0.0116837 9.9955E-05 9.9955E-05 9.9955E-05 0.807689 0.0142525 9.9955E-05 0.0942217
0.0597063 0.188188 0.0472475 0.367772 0.0934788 9.9973E-05 9.9973E-05 0.00473746 9.9973E-05 0.23857
0.114279 0.0993269 9.9955E-05 0.376579 9.9955E-05 9.9955E-05 9.9955E-05 9.9955E-05 0.146602 0.262713
0.159239 0.146984 9.9964E-05 0.543718 9.9964E-05 9.9964E-05 9.9964E-05 0.013867 0.000533649 0.135258
0.254784 0.140095 0.0289644 0.2949 0.0371993 9.9982E-05 0.16682 9.9982E-05 0.0445726 0.0324639
0.160348 9.9964E-05 9.9964E-05 0.328442 0.111152 9.9964E-05 9.9964E-05 0.0137235 0.0731148 0.31282
0.170292 0.147251 0.0501041 0.519327 0.00672289 9.9973E-05 0.0156222 0.0903809 9.9973E-05 9.9973E-05
0.394512 0.0418536 9.9946E-05 9.9946E-05 9.9946E-05 9.9946E-05 0.515508 9.9946E-05 0.0475271 9.9946E-05
0.153164 0.206637 9.9982E-05 0.257854 0.0775604 0.100949 0.00469292 0.0519302 9.9982E-05 0.147012
0.0952872 0.406155 0.0392623 0.299172 0.0116384 9.9982E-05 0.0587369 0.00738658 9.9982E-05 0.0821622
0.100763 9.9964E-05 9.9964E-05 0.433481 0.0420977 0.140052 9.9964E-05 9.9964E-05 0.0493475 0.233859
0.328771 0.0674909 9.9973E-05 0.318587 0.0369004 0.00957541 9.9973E-05 9.9973E-05 0.0633537 0.175022
0.262617 9.9955E-05 9.9955E-05 0.500047 9.9955E-05 9.9955E-05 9.9955E-05 0.0564624 0.0436778 0.136696
0.277415 9.9964E-05 9.9964E-05 0.422966 0.0612091 0.0442385 9.9964E-05 9.9964E-05 0.052327 0.141444
0.0789915 0.0617611 0.0291603 0.444306 0.0685101 0.0210173 0.0901229 0.0149039 0.0283327 0.162894
0.27736 0.048951 0.0596492 0.440114 9.9973E-05 9.9973E-05 9.9973E-05 0.105456 0.0203104 0.047859
0.0684209 0.165617 9.9964E-05 0.0320995 9.9964E-05 9.9964E-05 0.52636 0.122305 0.0847986 9.9964E-05
0.142385 0.0699306 0.0187221 0.457215 0.0887384 0.0363548 9.9982E-05 9.9982E-05 0.0356217 0.150832
0.185375 0.0878352 9.9964E-05 9.9964E-05 0.0195328 9.9964E-05 0.525218 9.9964E-05 0.0881217 0.093518
9.9973E-05 0.281402 9.9973E-05 0.146585 0.0506683 0.126594 0.350407 0.000504437 9.9973E-05 0.043539
0.172446 9.9955E-05 9.9955E-05 0.499899 0.0171884 9.9955E-05 0.298291 9.9955E-05 9.9955E-05 0.0116758
9.9946E-05 0.313091 9.9946E-05 0.0931161 9.9946E-05 9.9946E-05 0.562836 0.0303571 9.9946E-05 9.9946E-05
0.175411 0.0848979 9.9955E-05 0.666267 9.9955E-05 9.9955E-05 0.0543993 9.9955E-05 0.0185253 9.9955E-05
0.0706983 0.0371837 0.0990973 0.104344 0.0429389 9.9982E-05 0.407247 0.04081 9.9982E-05 0.19748
0.108315 0.0929259 9.9991E-05 0.451832 0.0594326 0.0240921 0.00817006 0.00291327 0.0363595 0.215859
0.274635 0.297756 9.9973E-05 0.202318 0.00360872 0.0657271 0.0725619 0.0830927 9.9973E-05 9.9973E-05
0.161941 9.9955E-05 9.9955E-05 0.0599288 0.00127568 0.0211081 0.755247 9.9955E-05 9.9955E-05 9.9955E-05
0.0486413 0.0804623 0.00834473 9.9964E-05 0.00909454 0.054142 0.798915 9.9964E-05 9.9964E-05 9.9964E-05
0.147159 0.0495153 9.9973E-05 0.424451 0.0516109 0.0336055 0.121287 9.9973E-05 9.9973E-05 0.172071
0.0608662 9.9964E-05 9.9964E-05 0.533619 0.0865777 9.9964E-05 0.102909 0.00876687 9.9964E-05 0.206861
0.142226 0.0938329 9.9973E-05 0.261494 0.0895644 0.11478 9.9973E-05 9.9973E-05 0.00651402 0.291289
0.0214611 0.0308247 9.9964E-05 0.0113446 9.9964E-05 9.9964E-05 0.666677 9.9964E-05 0.184525 0.0847679
0.0031466 0.234891 0.0629429 0.138994 0.035252 0.0716287 0.311672 0.0778969 9.9991E-05 0.0634757
0.0775246 0.344444 9.9982E-05 9.9982E-05 0.0727586 0.044889 0.171314 0.0118569 0.0763675 0.200646
0.0852271 0.341294 9.9955E-05 0.43676 0.0578713 9.9955E-05 9.9955E-05 9.9955E-05 9.9955E-05 0.0783481
0.185643 0.0331865 9.9973E-05 0.325979 0.0198914 9.9973E-05 0.161166 0.0344524 9.9973E-05 0.239382
0.0531062 0.0306529 9.9973E-05 9.9973E-05 0.119669 0.017602 0.503295 0.00976113 9.9973E-05 0.265614
9.9973E-05 0.247075 9.9973E-05 0.230949 0.0368512 0.00407063 9.9973E-05 0.00385768 0.0817039 0.395193
0.109617 0.0578109 9.9982E-05 0.146273 0.0489761 0.0357707 9.9982E-05 0.103466 0.127474 0.370412
0.216629 0.155243 0.0527442 0.225201 0.00277708 0.0776041 9.9982E-05 0.0787403 9.9982E-05 0.190861
0.173642 0.440632 0.00794319 0.266177 9.9973E-05 0.0664897 9.9973E-05 9.9973E-05 0.0114556 0.0333607
0.011953 0.0506657 9.9991E-05 0.172781 0.0841841 0.0719109 0.0235341 0.0797647 0.0283182 0.476788
9.9955E-05 0.296595 9.9955E-05 0.0289882 0.058235 9.9955E-05 0.422309 9.9955E-05 9.9955E-05 0.193372
0.212188 0.0107452 0.0375006 0.523335 9.9982E-05 0.00109846 9.9982E-05 0.0304109 0.0386172 0.145905
0.0163867 0.207974 0.0876278 0.205031 0.0134189 9.9982E-05 0.328438 0.0925083 0.048414 9.9982E-05
0.0357491 0.243435 9.9964E-05 0.284608 0.0414936 9.9964E-05 9.9964E-05 9.9964E-05 0.12921 0.265105
9.9946E-05 0.16884 9.9946E-05 9.9946E-05 0.0243042 0.0568065 0.74945 9.9946E-05 9.9946E-05 9.9946E-05
0.0669578 0.384654 9.9973E-05 0.168163 0.0970841 9.9973E-05 0.277998 0.00432367 9.9973E-05 0.000519665
0.183752 9.9964E-05 0.00582065 0.184815 0.0228797 9.9964E-05 9.9964E-05 0.019925 9.9964E-05 0.582407
0.170985 9.9955E-05 9.9955E-05 0.463149 9.9955E-05 0.0100234 9.9955E-05 0.0636479 9.9955E-05 0.291695
0.053427 0.0512199 0.0821938 0.477427 0.0721071 9.9982E-05 0.1752 0.0442845 9.9982E-05 0.0439406
9.99639E-05 0.286367 9.99639E-05 0.0752982 0.0542021 9.99639E-05 0.245848 0.0334353 9.99639E-05 0.304449
0.0162755 0.00589514 9.9964E-05 0.543827 0.0298506 9.9964E-05 0.33788 9.9964E-05 9.9964E-05 0.0658715
9.9973E-05 0.0628282 0.0650033 9.9973E-05 0.0473145 0.0296233 0.666875 0.0236717 9.9973E-05 0.104385
9.9946E-05 0.192068 9.9946E-05 9.9946E-05 9.9946E-05 9.9946E-05 0.75704 0.00122445 0.0490672 9.9946E-05
0.0105345 9.9982E-05 0.030244 0.537988 0.0849497 0.0374865 0.000177692 0.0135275 9.9982E-05 0.284892
0.118113 0.0302783 9.9964E-05 9.9964E-05 0.00653879 9.9964E-05 0.819196 0.0205564 0.00491851 9.9964E-05
0.18233 0.250933 0.0460987 0.402036 0.0386602 9.9973E-05 9.9973E-05 9.9973E-05 0.034894 0.0447474
0.141593 9.9946E-05 9.9946E-05 9.9946E-05 0.0631591 9.9946E-05 0.670873 9.9946E-05 0.123775 9.9946E-05
0.0664575 9.9973E-05 0.0179941 0.513544 0.143281 9.9973E-05 9.9973E-05 0.0479092 0.0138099 0.196705
0.13717 0.115257 0.05485 0.270204 0.0186797 9.9982E-05 0.126522 0.0943622 9.9982E-05 0.182754
0.106203 0.0177018 9.9964E-05 0.250228 0.0225154 9.9964E-05 9.9964E-05 0.0684374 9.9964E-05 0.534514
9.9937E-05 0.454022 9.9937E-05 9.9937E-05 0.0192288 9.9937E-05 0.52605 9.9937E-05 9.9937E-05 9.9937E-05
0.237603 9.9982E-05 0.0429219 0.193163 0.0472694 0.0262219 9.9982E-05 0.0992803 0.00639141 0.346949
0.105204 0.0111411 9.9973E-05 0.377691 0.0832227 9.9973E-05 0.0146409 0.0254911 9.9973E-05 0.382309
0.0212437 9.9973E-05 9.9973E-05 0.284222 9.9973E-05 0.00621445 0.268444 0.0496002 0.00562976 0.364345
9.9973E-05 0.40602 0.0473592 0.303814 0.0435757 9.9973E-05 9.9973E-05 0.0248003 0.143795 0.0303363
0.259313 9.9982E-05 0.0267868 0.159302 0.0196392 0.00847047 0.0495638 0.0317469 9.9982E-05 0.444978
0.141197 9.9973E-05 9.9973E-05 0.297877 0.0900691 9.9973E-05 0.301462 0.00724687 0.0885563 0.0732919
0.275196 0.0639704 9.9964E-05 0.53538 9.9964E-05 9.9964E-05 9.9964E-05 0.0412264 0.0610121 0.022816
0.112095 0.277685 9.9982E-05 0.189822 0.03199 0.171257 0.0625125 0.0476172 9.9982E-05 0.106821
0.124415 0.17402 9.9973E-05 0.227351 0.0560187 9.9973E-05 0.0564289 0.104269 9.9973E-05 0.257197
0.325454 0.062678 0.0432353 0.159836 0.0549092 0.0415416 9.9991E-05 0.0519062 0.00847784 0.251862
0.023705 0.0633691 9.9973E-05 0.320434 0.0250978 9.9973E-05 9.9973E-05 0.0637834 0.202599 0.300712
0.27505 0.128409 9.9964E-05 0.371028 0.0707679 0.124258 9.9964E-05 0.0300868 9.9964E-05 9.9964E-05
0.200318 0.0418091 0.0029085 0.226359 0.00113397 9.9991E-05 0.0652156 0.0471258 0.097657 0.317373
0.121591 0.0647197 9.9964E-05 0.398745 9.9964E-05 9.9964E-05 9.9964E-05 0.0413877 0.139301 0.233855
0.0640375 0.099389 9.9964E-05 0.549353 9.9964E-05 9.9964E-05 9.9964E-05 0.0455869 0.0614855 0.179748
0.301496 0.0465888 9.9982E-05 0.0956245 0.108451 9.9982E-05 0.0707421 0.0665275 0.119906 0.190464
0.355878 0.0806917 9.9964E-05 0.1552 9.9964E-05 9.9964E-05 0.259563 0.0569584 9.9964E-05 0.0913085
0.177382 0.354433 9.9955E-05 0.213945 9.9955E-05 9.9955E-05 0.113391 9.9955E-05 0.140349 9.9955E-05
0.234393 9.99371E-05 9.99371E-05 9.99371E-05 0.110811 9.99371E-05 0.654097 9.99371E-05 9.99371E-05 9.99371E-05
0.0420278 0.228743 9.9991E-05 0.329329 0.0100169 0.0240125 0.237154 0.00825234 0.019368 0.100996
0.26134 0.114534 9.9973E-05 0.0975377 0.0525263 0.048876 9.9973E-05 0.188308 9.9973E-05 0.236579
0.175213 0.140442 9.9982E-05 9.9982E-05 0.0645803 0.0145221 0.448372 0.00182119 0.0367523 0.118098
0.154349 0.0317616 9.9973E-05 0.446323 0.00372179 0.0117094 9.9973E-05 0.0279532 9.9973E-05 0.323882
0.0964534 0.137911 9.9964E-05 0.490675 9.9964E-05 9.9964E-05 0.192723 9.9964E-05 0.0534571 0.0283803
0.323676 0.28526 0.0161257 0.0217342 9.9964E-05 9.9964E-05 0.338529 0.0142756 9.9964E-05 9.9964E-05
0.371498 9.9937E-05 9.9937E-05 9.9937E-05 9.9937E-05 9.9937E-05 0.62658 0.00122264 9.9937E-05 9.9937E-05
0.0402014 0.0995783 9.9982E-05 0.452517 0.0369274 9.9982E-05 0.0894529 0.0184886 0.099001 0.163633
0.043009 0.428978 9.9964E-05 0.280738 0.0663952 9.9964E-05 9.9964E-05 9.9964E-05 0.135735 0.0447444
0.247571 9.9982E-05 9.9982E-05 0.128394 0.0128963 0.00552974 0.0526369 0.0848459 0.114749 0.353177
0.296134 9.9946E-05 9.9946E-05 0.338642 9.9946E-05 9.9946E-05 0.195627 9.9946E-05 9.9946E-05 0.168997
0.18532 0.265659 9.9964E-05 9.9964E-05 0.105648 9.9964E-05 0.305028 0.0601685 9.9964E-05 0.0777769
0.370227 9.9973E-05 9.9973E-05 0.336862 0.00846214 9.9973E-05 0.0698356 0.066325 0.0284147 0.119573
0.058781 9.9982E-05 0.00629376 0.548744 0.0449087 0.0607739 9.9982E-05 0.108736 0.0721672 0.0993952
0.251279 0.010476 0.0636422 0.311928 0.00705341 9.9982E-05 9.9982E-05 0.00443899 0.0351462 0.315836
0.539853 0.042604 9.9982E-05 0.170816 0.000363644 0.0720274 9.9982E-05 0.0329109 0.0244771 0.116748
0.179861 0.0387103 9.9955E-05 0.085333 9.9955E-05 9.9955E-05 0.648512 0.0470842 9.9955E-05 9.9955E-05
0.366156 0.164514 0.0779852 9.9964E-05 9.9964E-05 9.9964E-05 0.320753 0.0508709 0.0193214 9.9964E-05
0.0934738 0.0549374 9.9964E-05 0.356511 9.9964E-05 9.9964E-05 9.9964E-05 0.0305839 0.0338405 0.430253
0.420982 0.0792831 9.9973E-05 0.122076 0.0902151 9.9973E-05 9.9973E-05 0.0377703 0.0944126 0.15496
0.160055 0.0198277 0.0011639 0.57918 0.0499815 0.0557097 9.9982E-05 0.0825366 9.9982E-05 0.0513452
9.9964E-05 0.352021 9.9964E-05 0.212024 0.0146873 9.9964E-05 0.335279 0.0299951 0.0555929 9.9964E-05
9.9946E-05 9.9946E-05 0.0573541 0.046097 9.9946E-05 9.9946E-05 0.875671 0.0202781 9.9946E-05 9.9946E-05
9.9955E-05 0.288559 9.9955E-05 0.344108 0.043616 9.9955E-05 0.282649 0.0405687 9.9955E-05 9.9955E-05
0.313701 0.00929695 9.9964E-05 0.32804 9.9964E-05 0.0792536 9.9964E-05 0.0282391 9.9964E-05 0.241069
0.298103 9.9973E-05 0.021456 0.286732 0.0420827 9.9973E-05 0.0318086 0.0175949 9.9973E-05 0.301923
0.0897254 9.9946E-05 9.9946E-05 0.221887 9.9946E-05 9.9946E-05 9.9946E-05 9.9946E-05 0.0753674 0.612421
0.250001 9.9955E-05 9.9955E-05 0.261746 0.012709 9.9955E-05 9.9955E-05 0.0589713 9.9955E-05 0.416073
0.171612 9.9955E-05 0.0110693 9.9955E-05 0.0998017 9.9955E-05 0.713074 0.00394329 9.9955E-05 9.9955E-05
0.282228 9.9982E-05 0.106961 0.438163 0.0422173 9.9982E-05 0.0048255 0.00216106 0.0355625 0.0876819
0.058578 9.9964E-05 9.9964E-05 0.581251 0.00320882 0.137151 9.9964E-05 0.0911453 9.9964E-05 0.128266
0.34478 9.9964E-05 9.9964E-05 0.413344 0.0753594 9.9964E-05 0.0902903 0.0296829 9.9964E-05 0.0461435
0.177379 0.137555 0.0626587 0.0723395 0.056349 9.99729E-05 0.450804 0.0426143 9.99729E-05 9.99729E-05
9.9973E-05 0.0828467 0.00934999 0.734378 0.0126724 0.0816423 9.9973E-05 0.0381157 9.9973E-05 0.0406948
0.17383 0.113232 0.0371401 0.362822 9.9973E-05 9.9973E-05 0.00438992 0.0614077 9.9973E-05 0.246879
0.171584 9.9982E-05 0.00186399 0.632889 0.0393443 0.0415015 9.9982E-05 0.0770727 0.0156612 0.0198839
0.135841 0.178209 0.0276431 0.282916 0.034766 9.9982E-05 0.0164584 9.9982E-05 0.0513811 0.272586
0.186411 0.000586375 0.0192449 0.159307 0.130454 9.9964E-05 0.503597 9.9964E-05 9.9964E-05 9.9964E-05
0.00683798 0.105334 9.9955E-05 9.9955E-05 9.9955E-05 0.0290389 0.815494 0.0427956 9.9955E-05 9.9955E-05
0.103905 0.248766 9.9982E-05 0.285603 0.0568723 0.109786 9.9982E-05 0.0924016 0.023911 0.0785554
0.207758 0.0238627 0.0493413 0.330634 0.0209173 9.9982E-05 9.9982E-05 0.0647253 0.0690688 0.233492
9.9964E-05 0.100024 9.9964E-05 0.317089 0.0766642 0.0420281 9.9964E-05 9.9964E-05 0.00256639 0.461229
9.9955E-05 0.285687 9.9955E-05 0.274166 0.0530583 9.9955E-05 9.9955E-05 9.9955E-05 0.080612 0.305977
0.293318 0.341381 9.9973E-05 0.0988175 0.0197203 9.9973E-05 0.205482 0.00557796 0.0354035 9.9973E-05
0.0835586 0.215652 0.0482381 0.209972 9.9973E-05 0.1969 0.00810893 9.9973E-05 9.9973E-05 0.237271
9.9955E-05 0.0144376 9.9955E-05 0.540094 9.9955E-05 9.9955E-05 0.210864 9.9955E-05 0.0391891 0.194916
9.99201E-05 9.99201E-05 9.99201E-05 9.99201E-05 9.99201E-05 9.99201E-05 9.99201E-05 0.999101 9.99201E-05 9.99201E-05
0.194933 0.00816785 9.9973E-05 0.143111 0.0360571 9.9973E-05 0.494625 0.0221251 0.10068 9.9973E-05
0.141125 0.126876 9.9973E-05 0.224331 0.0461686 0.0389536 0.230915 9.9973E-05 9.9973E-05 0.191331
9.99201E-05 9.99201E-05 9.99201E-05 9.99201E-05 9.99201E-05 9.99201E-05 9.99201E-05 0.999101 9.99201E-05 9.99201E-05
0.230215 0.160245 0.0136695 9.9964E-05 0.0268868 9.9964E-05 0.470401 0.0981829 9.9964E-05 9.9964E-05
0.25504 0.233831 9.9973E-05 0.345494 0.0231948 0.0217864 0.0854971 9.9973E-05 9.9973E-05 0.0348568
9.9973E-05 0.238914 0.052507 0.222749 9.9973E-05 0.00635401 0.350467 9.9973E-05 0.0299134 0.0987967
0.0306991 0.17418 9.9982E-05 0.282383 0.128024 0.0115732 0.186733 0.00375311 9.9982E-05 0.182454
0.0644158 0.362117 0.00452209 0.108486 0.117386 9.9991E-05 0.0612715 0.0629322 0.00155415 0.217214
0.0590626 0.20359 0.0508719 9.9964E-05 0.0369592 9.9964E-05 0.58652 9.9964E-05 9.9964E-05 0.0625971
0.115897 9.9991E-05 0.0209214 0.251903 0.0734728 0.0243221 0.245259 0.0520483 0.0436625 0.172414
0.125345 0.404959 9.9973E-05 0.173872 9.9973E-05 0.0524833 0.124486 0.0185333 9.9973E-05 0.100021
0.268805 0.0984494 9.99652E-05 0.116302 0.0584683 9.99652E-05 9.99652E-05 0.00681475 9.99652E-05 0.450761
0.301726 9.9946E-05 9.9946E-05 0.0471089 9.9946E-05 9.9946E-05 9.9946E-05 9.9946E-05 0.118579 0.531987
9.9973E-05 0.0847398 0.0412833 0.444623 9.9973E-05 0.0894531 9.9973E-05 0.0830847 0.0335643 0.222952
0.0831638 0.219397 9.9973E-05 0.471925 0.0562674 0.0217838 0.0344225 9.9973E-05 0.11274 9.9973E-05
9.9964E-05 9.9964E-05 0.0262081 0.501948 9.9964E-05 9.9964E-05 0.264004 0.0338119 0.0341736 0.139454
0.223794 0.0286745 9.9955E-05 9.9955E-05 0.0585446 0.0592563 0.629231 9.9955E-05 9.9955E-05 9.9955E-05
9.9973E-05 0.288457 9.9973E-05 0.183749 0.0741848 0.0874874 0.218028 9.9973E-05 0.00460001 0.143194
9.9964E-05 0.287516 9.9964E-05 0.253447 0.101459 0.0644619 9.9964E-05 0.0984741 9.9964E-05 0.194241
0.0731112 0.186526 0.0393597 0.266635 0.0676329 0.00413505 9.9991E-05 0.0726691 0.0185836 0.271248
9.9946E-05 0.165956 9.9946E-05 9.9946E-05 9.9946E-05 9.9946E-05 0.719779 0.0209621 0.0927034 9.9946E-05
0.0716652 0.0137085 9.9982E-05 0.36732 0.0489426 0.128218 9.9982E-05 0.0802672 0.0410097 0.248668
0.221725 0.104607 0.0229212 0.301166 0.10636 9.9982E-05 9.9982E-05 0.0214698 0.0278616 0.193689
0.316879 0.0536592 0.0434275 0.324203 0.0561171 9.9991E-05 0.115078 0.0432992 0.0150245 0.0322122
0.139868 0.177798 9.9973E-05 0.442031 0.0335753 0.141141 9.9973E-05 0.0580053 0.00728175 9.9973E-05
0.137502 0.262707 0.0415876 0.285199 0.155987 0.0179541 0.0528885 0.00872208 9.9991E-05 0.0373538
0.307807 0.254748 9.9982E-05 0.247491 0.0365294 0.0113866 0.00411063 0.0762778 0.0614503 9.9982E-05
0.284409 0.0103328 0.0210029 0.303845 0.0716806 9.9991E-05 0.0272165 0.0274163 0.145202 0.108796
0.123522 9.9982E-05 9.9982E-05 0.386934 0.0252434 0.0210818 0.0172294 0.0444354 0.045112 0.336242
0.268112 9.9964E-05 0.0389302 0.39594 9.9964E-05 9.9964E-05 9.9964E-05 0.134743 0.0720913 0.0897835
0.185832 0.25157 9.9982E-05 0.100139 0.120838 9.9982E-05 0.0411139 0.0316597 0.0893495 0.179297
0.123203 0.167127 0.0175 0.20788 0.0122746 9.9982E-05 0.441698 0.0245821 0.00553632 9.9982E-05
0.10916 0.233628 9.9973E-05 0.32825 0.0165938 9.9973E-05 0.166391 0.123601 9.9973E-05 0.0220756
9.9982E-05 0.233412 0.00690931 0.249696 9.9982E-05 0.0656021 0.0424805 0.122779 0.0263456 0.252575
0.357396 0.135653 0.10424 0.0877893 9.9991E-05 0.000777268 0.0756958 0.0403388 0.0447867 0.153222
0.173836 0.32526 0.0113917 0.394159 0.0218797 9.9982E-05 0.00715897 0.0270634 9.9982E-05 0.0390517
0.023748 0.00179904 9.9955E-05 9.9955E-05 0.0333494 9.9955E-05 0.89397 9.9955E-05 0.0466335 9.9955E-05
0.583977 0.216783 9.9973E-05 0.103516 0.00390567 0.0136242 9.9973E-05 0.0378848 9.9973E-05 0.0400092
0.126716 0.31741 9.9964E-05 9.9964E-05 0.0205324 9.9964E-05 0.217525 0.0219041 9.9964E-05 0.295513
0.0727244 0.29294 0.0613825 0.0806292 0.0431034 0.0335907 9.9982E-05 0.07494 9.9982E-05 0.34049
0.080232 0.257628 9.9955E-05 0.147491 9.9955E-05 9.9955E-05 0.127174 9.9955E-05 9.9955E-05 0.386975
0.224503 0.229874 9.9964E-05 9.9964E-05 0.0879119 0.00404733 0.425488 9.9964E-05 9.9964E-05 0.0277756
0.126404 0.126307 9.9964E-05 9.9964E-05 0.0183166 9.9964E-05 0.352439 0.00423747 9.9964E-05 0.371896
0.337882 9.9946E-05 0.0549735 0.177681 9.9946E-05 9.9946E-05 0.428864 9.9946E-05 9.9946E-05 9.9946E-05
0.132123 0.110325 9.9964E-05 0.600907 0.0440699 9.9964E-05 9.9964E-05 0.0508168 9.9964E-05 0.0613586
0.000262253 0.242649 9.9955E-05 9.9955E-05 9.9955E-05 0.0946086 0.635888 0.0260925 9.9955E-05 9.9955E-05
0.506803 0.0164871 9.9973E-05 0.0377106 9.9973E-05 9.9973E-05 0.277166 0.00920327 0.0229204 0.129409
0.058413 0.0742143 0.0445458 0.590337 0.126572 0.00348627 9.9982E-05 9.9982E-05 0.0598117 0.0424196
0.0226605 0.0139383 9.99461E-05 9.99461E-05 9.99461E-05 9.99461E-05 0.942557 9.99461E-05 0.0202443 9.99461E-05
0.054505 0.529864 9.9955E-05 0.0146929 0.065996 9.9955E-05 0.334442 9.9955E-05 9.9955E-05 9.9955E-05
0.103167 0.418543 0.0403591 0.274484 0.0153533 9.9982E-05 9.9982E-05 0.0102399 0.0498022 0.0878511
9.9946E-05 0.491119 9.9946E-05 0.250506 0.0172716 9.9946E-05 0.240504 9.9946E-05 9.9946E-05 9.9946E-05
0.192338 0.120974 9.9973E-05 0.483976 0.0102619 9.9973E-05 0.127289 0.0249699 9.9973E-05 0.0398911
0.155188 0.17328 9.9964E-05 0.448335 9.9964E-05 0.100259 9.9964E-05 9.9964E-05 0.0389854 0.0835522
0.0135672 0.138852 9.9973E-05 0.453204 0.0224463 0.0420458 0.252908 9.9973E-05 0.0766768 9.9973E-05
0.156686 0.102805 9.9946E-05 0.31608 9.9946E-05 9.9946E-05 9.9946E-05 9.9946E-05 9.9946E-05 0.423829
0.114776 0.0722334 9.9973E-05 0.440223 0.0155201 9.9973E-05 9.9973E-05 0.0170897 0.0211097 0.318748
0.229716 0.0754547 0.0304307 0.413204 0.0207016 0.149482 0.0294751 0.0200634 0.0313723 9.9991E-05
0.0425721 0.236903 0.0350553 0.192081 0.0317917 0.0436908 0.157538 0.0668246 0.0320725 0.161472
0.179407 9.9982E-05 0.00729231 0.447404 0.0174721 9.9982E-05 0.207935 0.00372266 0.0187582 0.117808
0.190926 9.9982E-05 0.0866501 0.522685 0.00468514 0.0839889 9.9982E-05 0.046123 0.00715316 0.057589
0.237474 0.0941767 9.9973E-05 0.361824 9.9973E-05 9.9973E-05 0.0782222 0.0416987 0.176137 0.0101678
0.144569 0.185796 0.110516 0.151255 0.0877878 0.0247209 9.9991E-05 0.0820911 0.0133901 0.199774
9.9973E-05 0.224098 9.9973E-05 0.301968 0.0403977 0.102864 9.9973E-05 0.0355056 0.0268058 0.268061
0.0881449 0.21735 9.9991E-05 0.00315644 0.0363603 0.0891128 0.221449 0.0253238 0.0199486 0.299055
0.181434 9.9964E-05 9.9964E-05 0.43849 0.00543703 9.9964E-05 9.9964E-05 0.0710885 0.138623 0.164528
9.9955E-05 0.226041 9.9955E-05 0.156529 9.9955E-05 0.0951617 9.9955E-05 0.0138813 9.9955E-05 0.507888
0.0288973 0.153391 0.0124002 0.298228 0.0412606 0.106603 9.9991E-05 0.0377829 0.111476 0.209861
9.9982E-05 0.169389 0.147905 0.213205 0.0424724 0.0124908 9.9982E-05 0.0242227 0.0654954 0.32462
0.0163594 0.279086 9.9982E-05 0.160134 0.0980896 9.9982E-05 0.225701 0.0567646 0.0936144 0.0700512
9.9955E-05 9.9955E-05 0.0948893 0.724219 9.9955E-05 9.9955E-05 0.027408 0.02305 9.9955E-05 0.129934
0.191527 0.39397 9.9982E-05 0.135624 0.0135329 0.0308482 0.0899712 0.04022 9.9982E-05 0.104106
0.162219 0.0726732 9.9973E-05 0.302783 0.114273 0.0507457 9.9973E-05 0.0647425 9.9973E-05 0.232264
0.185776 9.9955E-05 9.9955E-05 0.494267 9.9955E-05 0.0146144 9.9955E-05 9.9955E-05 0.166001 0.138843
0.0948223 0.0472116 9.9973E-05 0.345995 0.025801 9.9973E-05 9.9973E-05 0.0078908 0.0494177 0.428562
0.187215 0.267708 0.0575564 0.136481 0.00951423 9.9982E-05 0.223735 0.0128726 9.9982E-05 0.104718
0.0774044 0.250232 9.9973E-05 0.0317122 0.0471968 9.9973E-05 0.356111 9.9973E-05 0.0510258 0.186018
0.302287 9.9955E-05 9.9955E-05 0.618397 0.0199777 9.9955E-05 9.9955E-05 0.0209633 0.0378762 9.9955E-05
0.0953303 9.9964E-05 9.9964E-05 0.388754 0.0162018 0.215556 9.9964E-05 0.0812024 9.9964E-05 0.202556
0.0908609 0.0639859 0.131048 0.467644 0.0591535 9.9964E-05 9.9964E-05 9.9964E-05 9.9964E-05 0.186908
0.254523 0.34362 9.9964E-05 0.0740837 9.9964E-05 9.9964E-05 9.9964E-05 0.0056368 0.105232 0.216505
0.0212781 0.293711 9.9982E-05 0.152547 0.0161431 9.9982E-05 0.264991 0.157098 0.055063 0.0389685
0.399128 0.104829 9.9982E-05 0.025784 0.0386077 9.9982E-05 0.0958025 0.0738446 0.0254748 0.23633
0.285311 0.0930038 0.0527421 0.0950785 9.9982E-05 0.0154279 9.9982E-05 0.00833152 0.0576196 0.392286
9.9973E-05 0.101117 0.000280134 0.104086 0.120847 9.9973E-05 0.491384 0.0314348 9.9973E-05 0.150551
0.311425 0.160896 0.00741792 0.23498 0.0439314 9.9973E-05 0.111522 9.9973E-05 9.9973E-05 0.129528
0.0386185 0.32933 0.00789927 0.322392 9.9991E-05 0.0786083 0.0537264 0.0612814 0.0351126 0.0729312
9.9955E-05 0.246748 9.9955E-05 9.9955E-05 0.0387036 9.9955E-05 0.64866 0.0458656 0.0195231 9.9955E-05
0.047866 0.490918 0.017109 0.0877651 0.0373139 0.125274 9.9982E-05 0.0375295 9.9982E-05 0.156024
0.00928552 9.9973E-05 9.9973E-05 0.397839 0.084296 9.9973E-05 0.0934334 0.0444965 0.0688419 0.301508
0.113671 9.9973E-05 9.9973E-05 0.586731 0.0719487 9.9973E-05 0.0655561 0.0447893 0.0148378 0.102166
0.0987378 9.9964E-05 0.0171341 0.445073 0.0544765 9.9964E-05 9.9964E-05 9.9964E-05 0.0550662 0.329112
9.9964E-05 0.352959 0.065138 0.145517 9.9964E-05 9.9964E-05 9.9964E-05 0.0179186 0.0573999 0.360668
0.177678 0.193689 9.9982E-05 0.274504 0.0221827 0.050747 9.9982E-05 0.0743578 0.111428 0.0952135
0.353147 0.00716779 9.9955E-05 0.46759 0.0790215 0.0925748 9.9955E-05 9.9955E-05 9.9955E-05 9.9955E-05
0.171281 9.9964E-05 9.9964E-05 0.403618 9.9964E-05 0.0886292 0.00577353 0.0470092 9.9964E-05 0.283289
0.245501 0.14085 9.9982E-05 0.134315 0.135136 9.9982E-05 0.115654 0.0484675 0.0037481 0.176128
0.0581944 9.9982E-05 0.019328 0.543856 0.000491077 9.9982E-05 0.00705509 0.0690978 0.0441743 0.257604
0.271215 0.0370533 9.9973E-05 0.338683 9.9973E-05 0.0606891 9.9973E-05 0.0695948 0.0638567 0.158609
0.0766627 0.786383 9.9946E-05 9.9946E-05 9.9946E-05 0.0774971 9.9946E-05 9.9946E-05 9.9946E-05 0.0588571
0.29077 0.0335395 9.9955E-05 0.129268 9.9955E-05 9.9955E-05 9.9955E-05 9.9955E-05 0.0536658 0.492257
0.11374 0.145393 0.0165923 0.31078 0.056095 9.9973E-05 9.9973E-05 0.0538094 9.9973E-05 0.303291
0.140952 9.9973E-05 0.00542213 0.356145 0.0853528 9.9973E-05 0.299402 0.0327889 9.9973E-05 0.0796379
0.183801 0.118991 0.035914 0.342051 0.0417806 9.9982E-05 0.240697 0.0224653 9.9982E-05 0.0140997
0.017095 0.199502 9.9955E-05 0.615616 9.9955E-05 0.0335373 9.9955E-05 9.9955E-05 9.9955E-05 0.13375
0.23994 0.0798214 0.0386999 9.9973E-05 0.0595123 9.9973E-05 0.434807 0.036079 9.9973E-05 0.110841
0.314685 0.105981 9.9973E-05 0.195489 0.00775235 9.9973E-05 9.9973E-05 0.0606366 0.0458513 0.269305
0.17347 0.294958 9.9955E-05 0.28908 9.9955E-05 9.9955E-05 0.21147 9.9955E-05 9.9955E-05 0.0305231
0.106994 9.9982E-05 0.026147 0.578419 9.9982E-05 0.00830355 0.0416362 0.00555924 0.0554638 0.177277
0.0897525 0.672983 0.0195801 0.00129714 0.0366689 9.9973E-05 9.9973E-05 0.0502564 0.129162 9.9973E-05
9.9964E-05 0.287146 0.101159 0.211953 9.9964E-05 9.9964E-05 0.241334 0.0240269 9.9964E-05 0.133981
0.323235 9.9973E-05 9.9973E-05 9.9973E-05 0.0457448 0.0554071 0.387656 0.0320646 0.0360509 0.119542
0.172173 0.204828 9.9964E-05 0.49702 0.0594763 0.0414574 9.9964E-05 9.9964E-05 9.9964E-05 0.0246456
9.9964E-05 0.082351 0.0482761 0.219434 0.0239665 9.9964E-05 9.9964E-05 0.0665223 9.9964E-05 0.559051
0.378661 0.00510277 9.9964E-05 0.16052 9.9964E-05 9.9964E-05 0.263791 0.00254271 9.9964E-05 0.188983
0.0187213 0.0311814 9.9964E-05 0.225772 9.9964E-05 9.9964E-05 0.0535921 9.9964E-05 0.106689 0.563643
0.171729 0.040801 9.9964E-05 0.645764 0.0300488 0.0676903 9.9964E-05 9.9964E-05 0.0435668 9.9964E-05
0.143348 9.9937E-05 9.9937E-05 9.9937E-05 0.103794 9.9937E-05 0.752159 9.9937E-05 9.9937E-05 9.9937E-05
9.9973E-05 0.22441 0.00828262 0.493172 0.0356408 9.9973E-05 9.9973E-05 0.051071 0.147321 0.0398029
0.075433 0.258372 9.9946E-05 0.420801 9.9946E-05 9.9946E-05 9.9946E-05 9.9946E-05 9.9946E-05 0.244795
0.280155 0.00701907 9.9955E-05 0.586308 0.0482891 0.0777288 9.9955E-05 9.9955E-05 9.9955E-05 9.9955E-05
0.511117 0.050116 9.9982E-05 0.318627 0.0103801 0.00319914 0.0199604 0.0300012 0.0563996 9.9982E-05
0.259565 0.118224 9.9964E-05 0.344535 0.0166793 9.9964E-05 9.9964E-05 9.9964E-05 0.101086 0.159511
0.168329 0.0510079 9.9991E-05 0.459959 0.0430996 0.00204588 0.0176162 0.0307131 0.0652737 0.161856
0.38371 9.9955E-05 9.9955E-05 0.457674 0.0315085 0.103664 9.9955E-05 0.0229434 9.9955E-05 9.9955E-05
0.432595 0.167295 9.9964E-05 0.155317 0.0320135 9.9964E-05 0.0521016 9.9964E-05 9.9964E-05 0.160277
0.0148642 0.232702 9.9982E-05 0.148114 0.0243982 9.9982E-05 0.458071 0.00134008 0.079564 0.0407472
0.387956 9.9955E-05 9.9955E-05 0.38473 9.9955E-05 0.0047848 9.9955E-05 0.0187704 9.9955E-05 0.203259
0.257119 9.9955E-05 9.9955E-05 0.418164 9.9955E-05 9.9955E-05 9.9955E-05 0.0330691 0.00978978 0.281358
0.257507 0.191477 9.9991E-05 0.0784102 0.0390913 0.0420927 0.126279 0.0119207 0.0372859 0.215837
0.336932 0.0592205 9.9973E-05 0.191201 9.9973E-05 0.0510585 0.291398 0.0234782 0.0464118 9.9973E-05
0.1482 9.9973E-05 9.9973E-05 0.295008 0.00338448 0.0759416 9.9973E-05 0.0707494 0.0491633 0.357253
0.0156675 0.186098 9.9955E-05 0.556003 9.9955E-05 9.9955E-05 0.194415 0.047317 9.9955E-05 9.9955E-05
0.0619985 9.9964E-05 9.9964E-05 0.559464 0.0422181 9.9964E-05 0.015046 9.9964E-05 0.0215575 0.299316
0.0634892 0.23604 9.9973E-05 0.333928 0.043072 9.9973E-05 0.236108 0.0218952 9.9973E-05 0.0651678
0.115746 0.217154 0.0204396 0.231586 0.028486 0.016655 0.0833934 0.0537615 0.129081 0.103697
9.9964E-05 0.2879 9.9964E-05 0.166483 0.0248862 9.9964E-05 0.368851 0.0678176 0.0836627 9.9964E-05
0.23473 9.9955E-05 9.9955E-05 0.239795 0.0562644 9.9955E-05 0.238132 9.9955E-05 9.9955E-05 0.230579
0.151893 0.167648 0.114643 0.0975794 0.00170861 0.0860329 9.9982E-05 0.0783506 9.9982E-05 0.301944
0.521651 9.9955E-05 0.0564898 0.0972743 9.9955E-05 9.9955E-05 0.168837 9.9955E-05 9.9955E-05 0.155248
0.304034 0.0860522 9.9973E-05 0.263805 0.0480645 9.9973E-05 9.9973E-05 0.0603072 0.0315246 0.205913
0.188444 0.093042 9.9982E-05 0.40184 0.0532312 0.00892069 0.0173605 0.075459 9.9982E-05 0.161503
0.35083 0.304774 9.9973E-05 0.173389 9.9973E-05 0.0217957 9.9973E-05 0.0688553 0.0678614 0.0121952
0.115289 0.137502 0.0909439 0.391342 9.9964E-05 9.9964E-05 0.179972 0.0845515 9.9964E-05 9.9964E-05
0.139574 0.314463 9.9964E-05 0.22304 9.9964E-05 0.0014482 9.9964E-05 0.0194859 9.9964E-05 0.301589
0.114804 0.0348863 9.9973E-05 0.475645 0.102346 0.104252 9.9973E-05 9.9973E-05 0.0708193 0.0969467
0.15921 9.9964E-05 0.011633 0.475353 0.00675779 9.9964E-05 9.9964E-05 0.0269015 9.9964E-05 0.319744
0.269831 0.0904792 9.9964E-05 0.0862546 9.9964E-05 0.118882 0.396243 9.9964E-05 0.03791 9.9964E-05
9.9973E-05 0.0673975 9.9973E-05 0.0878918 0.021989 0.00328563 0.756289 0.0194634 0.0433843 9.9973E-05
9.9964E-05 0.116436 9.9964E-05 0.649258 9.9964E-05 0.0828227 0.100316 0.0163951 0.0343724 9.9964E-05
0.380375 9.9973E-05 9.9973E-05 0.0110773 0.0425065 9.9973E-05 0.0552299 0.0107985 0.107484 0.392229
0.0177549 0.497214 9.9982E-05 0.120929 0.059318 0.0113609 9.9982E-05 0.048318 0.073736 0.17117
0.114144 0.316412 9.9982E-05 0.129675 0.038241 9.9982E-05 0.0813788 0.0122272 0.0938834 0.213839
0.271005 0.0573994 9.9964E-05 0.301797 9.9964E-05 0.138855 0.193743 9.9964E-05 0.036801 9.9964E-05
0.225833 9.9964E-05 9.9964E-05 0.242005 9.9964E-05 0.0073864 0.129035 9.9964E-05 0.0532999 0.342041
0.0188958 0.137531 9.9982E-05 0.420581 0.0145506 0.0767358 9.9982E-05 0.092537 0.0330395 0.20593
0.298611 0.13502 0.0192282 0.201367 0.0162789 9.9982E-05 9.9982E-05 0.00292635 0.0244277 0.301941
0.143809 0.128754 9.9973E-05 0.368121 0.0862939 0.0645454 9.9973E-05 0.0546467 9.9973E-05 0.15353
0.0408576 9.9973E-05 9.9973E-05 0.513371 0.0304375 0.0997318 9.9973E-05 0.00502993 0.0153672 0.294905
0.128336 9.9955E-05 9.9955E-05 0.56446 9.9955E-05 0.00995145 0.0197466 9.9955E-05 9.9955E-05 0.277007
0.263141 0.0423225 9.9964E-05 0.404706 0.0463165 0.033518 9.9964E-05 9.9964E-05 9.9964E-05 0.209596
0.104639 0.19897 9.9964E-05 0.132508 9.9964E-05 0.0134821 9.9964E-05 0.111802 9.9964E-05 0.438198
9.9973E-05 0.06349 0.068699 0.673609 0.00640628 0.0475593 9.9973E-05 0.0376669 0.102269 9.9973E-05
0.279689 9.9973E-05 9.9973E-05 0.382448 9.9973E-05 0.000458931 0.0568361 0.0826035 0.105333 0.0923315
0.0686628 0.218005 9.9982E-05 0.22833 0.0523281 0.170925 9.9982E-05 0.0337329 0.0544957 0.17332
0.109074 0.255059 9.9964E-05 0.462317 0.0169927 0.115698 9.9964E-05 9.9964E-05 0.0404593 9.9964E-05
0.148178 9.9982E-05 9.9982E-05 0.513143 0.057617 0.0281147 0.100986 0.0677398 0.0684345 0.0155865
0.344633 0.0174225 0.0105221 9.9982E-05 0.0151542 0.0237358 0.459383 9.9982E-05 0.0676796 0.0612699
9.9973E-05 0.168593 9.9973E-05 0.0969785 0.11345 9.9973E-05 0.340984 0.0080965 0.0413415 0.230257
0.302803 9.9946E-05 0.0106408 9.9946E-05 0.0486706 9.9946E-05 0.637286 9.9946E-05 9.9946E-05 9.9946E-05
0.0188339 0.155559 9.9973E-05 0.407288 0.0251155 0.0585492 9.9973E-05 0.0726038 9.9973E-05 0.261751
0.2025 9.9973E-05 9.9973E-05 0.00425927 0.0576452 0.0251993 0.656495 9.9973E-05 0.0248868 0.0287148
0.159104 0.108084 9.9964E-05 9.9964E-05 9.9964E-05 0.0855725 0.620195 0.00834777 9.9964E-05 0.0182968
0.122688 0.0925424 9.9991E-05 0.47697 0.0130843 0.00307736 0.00753067 0.0677545 0.0850145 0.131238
0.167088 0.135865 9.9973E-05 0.351716 0.0352692 0.0333305 9.9973E-05 0.0357398 0.240691 9.9973E-05
0.0983947 9.9973E-05 9.9973E-05 0.450639 0.0154818 0.0349212 9.9973E-05 0.0196424 0.16522 0.215402
9.9955E-05 0.273182 0.0151152 0.108474 0.0417157 9.9955E-05 0.561014 9.9955E-05 9.9955E-05 9.9955E-05
0.210971 0.0321802 0.0466877 0.376898 9.9964E-05 9.9964E-05 9.9964E-05 0.0596717 9.9964E-05 0.273191
9.9973E-05 0.283413 9.9973E-05 0.187419 0.0616917 9.9973E-05 0.317661 0.0583936 0.0353317 0.0557906
0.00652064 9.9973E-05 9.9973E-05 0.503504 9.9973E-05 0.0297548 0.0485327 0.122155 0.170531 0.118701
0.152766 0.0109132 9.9964E-05 9.9964E-05 0.070674 0.0225036 0.666956 9.9964E-05 0.075787 9.9964E-05
9.9973E-05 0.311475 9.9973E-05 0.352019 0.0295093 0.0785068 0.0539022 0.0391045 9.9973E-05 0.135183
0.129889 0.126341 9.9964E-05 0.606519 0.0131988 0.00170613 9.9964E-05 9.9964E-05 9.9964E-05 0.121947
0.207169 0.0537944 9.9946E-05 0.366145 9.9946E-05 9.9946E-05 9.9946E-05 9.9946E-05 9.9946E-05 0.372292
9.9964E-05 0.111 9.9964E-05 0.39968 0.0409927 9.9964E-05 9.9964E-05 0.078265 0.00205478 0.367607
0.0586384 9.9964E-05 0.0165566 0.112006 9.9964E-05 9.9964E-05 0.725466 0.00233888 0.0845944 9.9964E-05
0.256091 0.177948 0.0544266 0.246767 0.0232151 9.9991E-05 0.11325 0.054483 0.0277864 0.0459344
0.0263052 0.423828 0.0361476 0.100731 0.0735319 0.0970802 0.233602 0.0085739 9.9982E-05 9.9982E-05
0.174464 0.078657 0.0612091 0.473601 0.00489801 0.0278998 9.9982E-05 0.0507958 0.128276 9.9982E-05
0.12618 0.159459 0.0150768 0.0448952 0.0275971 0.012733 0.613759 9.9973E-05 9.9973E-05 9.9973E-05
0.0850887 0.140328 0.0668674 0.228158 0.0607135 0.0110955 0.0507506 0.0148848 0.122576 0.219538
0.20321 0.425686 9.9973E-05 0.0264873 0.0610234 0.0163101 0.190041 9.9973E-05 0.0769421 9.9973E-05
0.0785803 0.0132942 9.9964E-05 0.384854 9.9964E-05 0.110222 9.9964E-05 0.0296745 9.9964E-05 0.382975
0.170684 0.43863 0.087383 0.0505505 0.029434 9.9973E-05 0.082734 9.9973E-05 9.9973E-05 0.140285
0.0554689 0.202877 0.00104922 0.163491 0.0387426 9.9991E-05 0.417467 0.00309557 0.0725556 0.0451536
0.0568239 9.9973E-05 0.0351257 0.297628 0.0107674 9.9973E-05 9.9973E-05 0.0900667 0.155176 0.354112
0.038371 0.0656042 0.0217504 0.286063 9.9982E-05 9.9982E-05 0.0288494 0.0513547 0.0857815 0.422026
0.0546731 0.0610218 0.00188732 0.157 0.043488 9.9991E-05 0.00530151 0.00711948 0.0367137 0.632695
0.0505667 9.9973E-05 0.0497609 0.458412 9.9973E-05 0.060754 0.00764446 9.9973E-05 0.0348681 0.337694
9.9973E-05 0.395444 0.0273719 0.131946 0.0144 9.9973E-05 0.339784 0.00380335 0.0869511 9.9973E-05
0.167751 0.139609 0.0731947 0.408328 0.0677037 9.9982E-05 9.9982E-05 0.00254151 0.0229451 0.117727
0.18048 9.9955E-05 9.9955E-05 0.634411 0.0516105 9.9955E-05 9.9955E-05 9.9955E-05 0.0912432 0.0417553
0.079104 9.9973E-05 9.9973E-05 0.583973 0.00369031 9.9973E-05 0.0694398 0.0408148 0.0743803 0.148298
0.11931 0.262625 9.9973E-05 0.0690326 9.9973E-05 9.9973E-05 0.392271 0.0237973 0.101178 0.0314872
0.238285 0.0801365 0.0199001 0.158669 0.0177501 9.9982E-05 0.182805 0.0812403 9.9982E-05 0.221013
0.175463 9.9964E-05 0.011035 0.531504 0.0831722 9.9964E-05 9.9964E-05 9.9964E-05 0.0485167 0.14991
0.153704 0.311304 9.9973E-05 9.9973E-05 0.0176215 9.9973E-05 0.0198967 0.0523062 0.146127 0.298741
0.131696 0.07581 9.9973E-05 0.253626 0.022513 9.9973E-05 0.203113 9.9973E-05 0.107033 0.205909
0.301281 0.124959 0.0411296 0.128863 9.9982E-05 0.00649623 9.9982E-05 0.0273596 0.0659482 0.303763
9.9982E-05 0.181804 0.0430753 0.276719 0.061014 0.0396866 0.274243 0.0407454 0.0825135 9.9982E-05
0.119029 0.408383 9.9955E-05 0.177662 9.9955E-05 0.164209 9.9955E-05 0.130217 9.9955E-05 9.9955E-05
0.158477 0.191858 0.0580997 0.247365 0.0358736 9.9973E-05 0.307837 0.00019087 9.9973E-05 9.9973E-05
0.134833 9.9955E-05 0.119221 0.290527 0.053484 9.9955E-05 9.9955E-05 9.9955E-05 9.9955E-05 0.401434
0.0992835 0.0135683 9.9982E-05 0.466308 0.0137545 0.111601 9.9982E-05 0.0300851 0.00451254 0.260687
0.143394 0.12528 9.9973E-05 0.566635 0.0100436 0.120675 9.9973E-05 0.0322405 0.00143266 9.9973E-05
9.9964E-05 9.9964E-05 0.0548155 0.799561 0.0177874 9.9964E-05 9.9964E-05 0.0640631 0.0537153 0.00965777
0.27566 0.0603148 0.0283803 0.289719 0.0452092 0.115482 9.9982E-05 0.0957299 9.9982E-05 0.089305
0.154932 0.0707134 9.9982E-05 0.326887 0.0194246 0.0038966 9.9982E-05 0.0348951 0.0854732 0.303578
0.000286136 0.234393 9.9973E-05 0.288697 0.115368 9.9973E-05 0.190993 0.0251248 9.9973E-05 0.144839
0.169164 0.531536 9.9946E-05 0.00737236 9.9946E-05 9.9946E-05 9.9946E-05 9.9946E-05 9.9946E-05 0.291327
0.344083 9.9964E-05 9.9964E-05 0.364685 0.00952724 9.9964E-05 9.9964E-05 0.00572722 0.0586282 0.21695
0.352935 9.9964E-05 0.0552915 0.53139 0.0293327 9.9964E-05 0.0152858 0.0153653 9.9964E-05 9.9964E-05
0.131316 0.222742 9.9982E-05 0.286641 0.0440538 9.9982E-05 0.0304676 0.0306991 0.19631 0.0575707
9.9964E-05 0.502825 9.9964E-05 0.167833 0.130928 0.0343778 0.153927 0.00970979 9.9964E-05 9.9964E-05
0.0480408 0.0225849 0.0295206 0.268605 0.0539547 0.0359498 9.9991E-05 0.104726 0.0168994 0.41962
0.214863 0.155041 0.00465107 0.340314 0.0181538 0.0504815 9.9982E-05 9.9982E-05 0.0197901 0.196506
9.9946E-05 9.9946E-05 9.9946E-05 9.9946E-05 0.0482098 9.9946E-05 0.694317 0.00462993 9.9946E-05 0.252244
9.9955E-05 9.9955E-05 9.9955E-05 0.0991154 9.9955E-05 0.00348425 0.626433 0.0157578 9.9955E-05 0.25471
0.283148 0.10981 9.9973E-05 0.302694 0.0620427 0.0664539 9.9973E-05 0.076576 0.0989746 9.9973E-05
0.135682 9.9973E-05 0.102418 0.232513 9.9973E-05 0.311221 0.00694363 9.9973E-05 0.0115293 0.199394
0.136167 0.145312 0.385908 9.99639E-05 0.03307 9.99639E-05 9.99639E-05 9.99639E-05 0.283395 0.0157478
0.243164 0.0325971 0.286494 9.9982E-05 0.0220121 0.0711069 9.9982E-05 0.0127437 0.134598 0.197084
9.9964E-05 0.0370772 0.0116544 0.380205 9.9964E-05 0.0756488 9.9964E-05 9.9964E-05 0.00622229 0.488793
9.99639E-05 9.99639E-05 0.229825 0.141366 0.0610116 0.160845 9.99639E-05 9.99639E-05 0.130717 0.275835
0.127622 9.9964E-05 0.195524 9.9964E-05 0.0299769 0.184632 9.9964E-05 9.9964E-05 0.0799905 0.381855
9.9964E-05 0.224115 0.297625 0.231091 9.9964E-05 0.164059 9.9964E-05 0.0520537 0.0306579 9.9964E-05
9.9964E-05 9.9964E-05 0.176045 9.9964E-05 0.0211599 0.278865 0.0222413 9.9964E-05 0.0837998 0.41749
0.140264 0.0884501 0.202438 0.0911936 0.0315466 0.220345 9.9982E-05 9.9982E-05 0.106353 0.11921
0.389839 9.9973E-05 0.164665 0.0391048 0.00343794 0.212175 9.9973E-05 0.000907935 9.9973E-05 0.18957
0.0968527 0.0632643 0.247797 0.314837 0.0342008 0.0692641 9.9991E-05 0.0708339 0.00781161 0.095038
0.0780893 0.0145995 0.288517 0.0713923 0.0193046 0.0959332 0.00896851 9.9991E-05 0.174062 0.249034
9.9982E-05 0.0309512 0.132713 0.46169 0.0815803 0.0535956 9.9982E-05 0.0184471 0.0564718 0.164351
0.127531 9.9973E-05 0.0609028 9.9973E-05 0.00766211 0.21679 9.9973E-05 0.027328 0.168351 0.391136
0.169385 9.9973E-05 0.116649 0.0967172 0.0346498 0.154736 9.9973E-05 9.9973E-05 0.180464 0.247099
0.181722 0.131704 0.316945 0.0063275 0.112374 0.0908856 9.9973E-05 9.9973E-05 0.159742 9.9973E-05
0.00180732 0.00540193 0.327877 0.377887 0.0284271 0.0904904 9.9991E-05 0.0269976 0.0140454 0.126966
9.9973E-05 0.230983 0.123692 0.267809 0.0307518 0.0561437 9.9973E-05 9.9973E-05 0.0697572 0.220563
0.0165774 0.000319021 0.0819876 0.067605 0.0221082 9.9982E-05 0.673372 0.0524213 0.0854089 9.9982E-05
0.0644127 0.0454655 0.144436 0.191166 0.0453493 0.32197 0.000298593 0.010383 9.9991E-05 0.176418
0.0699754 9.9973E-05 0.124386 0.125253 0.046157 0.186177 9.9973E-05 0.0669077 9.9973E-05 0.380844
0.0375112 0.0371745 0.152526 0.461494 0.00330234 0.0502116 0.0923021 0.05207 9.9991E-05 0.113309
0.0440147 9.9973E-05 0.319318 0.0545197 9.9973E-05 0.275532 0.0115465 9.9973E-05 0.0813116 0.213458
0.0782341 0.0128846 0.261233 9.9973E-05 0.0286957 0.356199 9.9973E-05 0.104433 9.9973E-05 0.158021
0.12127 0.267142 0.0650065 0.256794 9.9982E-05 0.126659 0.00524132 0.0449782 9.9982E-05 0.112709
0.0654202 9.9982E-05 0.235139 0.266523 0.0590541 0.243195 0.00193233 9.9982E-05 0.0276611 0.100875
0.299277 0.0725578 0.175782 0.1208 0.0428424 0.101143 9.9973E-05 9.9973E-05 0.187297 9.9973E-05
0.157996 0.0151094 0.140974 0.0143598 9.9982E-05 0.235276 0.0225527 9.9982E-05 0.232065 0.181467
0.201096 0.00116048 0.312467 0.080536 9.9973E-05 0.287421 0.0196915 9.9973E-05 0.0973283 9.9973E-05
0.0683842 0.036047 0.23448 0.0685062 0.0825239 0.230788 0.015327 0.0809427 0.158266 0.0247348
9.9973E-05 9.9973E-05 0.257091 0.178927 0.0246037 0.124788 9.9973E-05 0.0402976 0.335836 0.0381561
0.0146545 9.99279E-05 0.984546 9.99279E-05 9.99279E-05 9.99279E-05 9.99279E-05 9.99279E-05 9.99279E-05 9.99279E-05
0.0155121 0.0501617 0.227327 0.0487401 0.103382 0.117118 0.00609305 0.0273009 0.193543 0.210821
9.9964E-05 0.0169803 0.153642 0.355144 0.0163608 0.241007 9.9964E-05 9.9964E-05 0.216466 9.9964E-05
0.0477369 0.192402 0.29229 0.120297 0.00370537 0.247841 0.0585447 0.0267172 0.0103659 9.9991E-05
