0.0426844 9.9955E-05 9.9955E-05 0.020203 9.9955E-05 0.300868 0.164479 9.9955E-05 9.9955E-05 0.471266
9.999E-05 0.00121984 0.253364 0.124606 0.0388726 0.257223 0.103873 0.0565644 0.0097331 0.154444
9.9964E-05 0.0977314 0.208294 0.0514338 0.0336758 0.355034 0.253431 9.9964E-05 9.9964E-05 9.9964E-05
9.9973E-05 0.00645256 0.260554 0.114247 0.0251402 0.461776 9.9973E-05 0.0253163 0.106214 9.9973E-05
9.9973E-05 9.9973E-05 0.145962 0.135791 9.9973E-05 0.49651 0.0648363 0.0665432 0.0575095 0.0325486
0.053386 9.9946E-05 0.00622722 9.9946E-05 9.9946E-05 9.9946E-05 0.259029 9.9946E-05 0.680758 9.9946E-05
0.0547216 0.00768646 0.0926873 0.0745256 9.9982E-05 0.391426 0.0870825 9.9982E-05 0.0385356 0.253135
9.9955E-05 9.9955E-05 0.0658302 9.9955E-05 9.9955E-05 9.9955E-05 0.0560836 0.0141298 0.822817 0.0406394
0.00968018 9.9973E-05 0.277137 0.0164691 9.9973E-05 0.423609 0.12801 0.00284835 9.9973E-05 0.141946
9.9964E-05 9.9964E-05 9.9964E-05 0.0194892 0.0373949 0.472748 0.199647 0.109949 9.9964E-05 0.160372
9.9973E-05 0.0369201 0.0846677 9.9973E-05 0.0204484 0.492023 0.191416 0.0176215 9.9973E-05 0.156604
9.9982E-05 0.0109607 0.121243 9.9982E-05 0.00338059 0.260874 0.137565 0.12898 0.166283 0.170515
9.9964E-05 0.196802 0.011368 9.9964E-05 9.9964E-05 0.384034 0.0968522 0.00930506 9.9964E-05 0.301238
9.9973E-05 0.0347782 0.0784709 9.9973E-05 0.0557914 0.577007 0.210665 0.00349597 0.0394923 9.9973E-05
9.9946E-05 9.9946E-05 0.387343 9.9946E-05 9.9946E-05 9.9946E-05 0.0464124 0.0239136 0.541731 9.9946E-05
9.9955E-05 0.242055 0.184754 9.9955E-05 0.0893625 0.298323 0.185006 9.9955E-05 9.9955E-05 9.9955E-05
9.9955E-05 9.9955E-05 9.9955E-05 9.9955E-05 9.9955E-05 0.171157 0.467544 0.00894711 0.0847839 0.267068
0.00576229 0.0263602 9.9973E-05 0.145494 0.070792 0.54475 9.9973E-05 0.0190489 9.9973E-05 0.187492
9.999E-05 0.0234518 0.277015 0.0624248 0.0192583 0.312714 0.0904829 0.0485208 0.00431278 0.16172
9.9964E-05 9.9964E-05 0.0724607 0.0528759 0.026876 0.524258 9.9964E-05 0.00230022 9.9964E-05 0.320829
0.0116235 0.0112765 0.0532512 0.139197 0.0212419 0.69196 9.9982E-05 0.0480635 9.9982E-05 0.0231869
9.9982E-05 0.0742064 0.0271349 0.0522981 9.9982E-05 0.442398 0.0973116 0.0217619 0.113582 0.171107
0.0522091 0.099599 0.0316641 0.00225154 9.9973E-05 0.609389 0.160577 0.0440103 9.9973E-05 9.9973E-05
9.9946E-05 0.148802 0.261531 0.074187 9.9946E-05 9.9946E-05 9.9946E-05 9.9946E-05 0.51488 9.9946E-05
0.0376896 0.048798 0.100958 0.0501947 0.0571748 0.330383 0.0886855 9.9982E-05 9.9982E-05 0.285916
9.9964E-05 9.9964E-05 0.134453 9.9964E-05 0.005103 9.9964E-05 0.116441 0.0716313 0.529094 0.142877
9.9946E-05 9.9946E-05 0.540223 9.9946E-05 0.0658301 0.0208623 9.9946E-05 9.9946E-05 0.372485 9.9946E-05
0.0156265 9.9955E-05 0.047899 9.9955E-05 9.9955E-05 0.650307 9.9955E-05 9.9955E-05 0.263097 0.0225711
9.9964E-05 0.0429946 9.9964E-05 0.0341595 0.0023388 9.9964E-05 0.332642 9.9964E-05 0.534128 0.0533376
9.9955E-05 9.9955E-05 9.9955E-05 0.00332733 9.9955E-05 0.722007 0.091968 0.0330945 0.149104 9.9955E-05
0.00383489 0.106325 0.204485 9.9955E-05 9.9955E-05 9.9955E-05 9.9955E-05 9.9955E-05 0.401523 0.283332
9.9964E-05 0.0678843 0.0247262 0.121487 0.0648489 0.493224 0.227429 9.9964E-05 9.9964E-05 9.9964E-05
9.99718E-05 0.0441629 0.183661 9.99718E-05 0.0485531 0.217386 0.365472 9.99718E-05 0.140365 9.99718E-05
9.9964E-05 9.9964E-05 0.0262343 9.9964E-05 0.0232359 0.0755612 0.0388236 0.0145882 0.821157 9.9964E-05
0.119496 0.0333766 0.0276789 9.9955E-05 9.9955E-05 9.9955E-05 9.9955E-05 0.0232299 0.795719 9.9955E-05
0.00225329 9.9982E-05 0.229891 0.0659072 0.0739 0.439991 0.108875 9.9982E-05 0.066833 0.0121494
9.9982E-05 9.9982E-05 0.22463 0.0101564 0.0454617 0.412563 0.0876837 0.0772794 0.109969 0.0320566
0.0143048 0.077281 0.15384 9.9982E-05 0.0979766 0.390751 0.108408 0.0378061 9.9982E-05 0.119433
9.9964E-05 9.9964E-05 9.9964E-05 0.158707 0.00132027 0.0768125 0.0974266 0.00923959 0.656094 9.9964E-05
0.0106195 9.9964E-05 0.0819827 0.0610652 9.9964E-05 9.9964E-05 0.197896 9.9964E-05 0.38489 0.263147
0.00406994 0.0808376 0.198836 9.9991E-05 0.0353546 0.23038 0.160439 0.0689196 0.204717 0.0163469
9.9964E-05 0.019182 0.201092 0.053584 9.9964E-05 0.448529 0.245958 0.0312553 9.9964E-05 9.9964E-05
9.9964E-05 0.0189868 0.218768 9.9964E-05 0.0486007 0.436644 9.9964E-05 9.9964E-05 0.177035 0.0995658
0.0120393 0.0586486 0.235654 9.9982E-05 0.0437134 0.0674267 9.9982E-05 0.0156233 0.524339 0.0423551
0.0447452 9.9973E-05 0.141676 9.9973E-05 0.0046079 0.18065 0.195234 0.00945463 9.9973E-05 0.423332
9.9973E-05 0.132659 9.9973E-05 0.0885809 0.0556083 0.121086 0.12861 0.0447834 9.9973E-05 0.428372
0.00561249 0.045557 0.176625 0.0148636 0.0294198 0.36016 0.0569866 9.9991E-05 0.0357867 0.274889
9.9982E-05 0.0114955 0.00954913 0.0933604 0.061092 0.179504 0.449921 0.0467997 9.9982E-05 0.148078
9.9982E-05 0.132257 0.114485 0.0354492 0.0565293 0.252645 0.242841 0.00160992 9.9982E-05 0.163984
9.9955E-05 9.9955E-05 0.170851 0.10482 9.9955E-05 9.9955E-05 0.191265 9.9955E-05 0.316762 0.215803
0.0533073 0.0505113 9.9955E-05 9.9955E-05 0.0218884 0.610279 0.263515 9.9955E-05 9.9955E-05 9.9955E-05
0.0448066 0.041588 9.9964E-05 9.9964E-05 9.9964E-05 0.0272517 0.314737 9.9964E-05 0.286823 0.284394
0.0023686 0.0202237 0.120632 9.9982E-05 0.0264211 0.10866 0.224505 0.037915 9.9982E-05 0.459074
9.9973E-05 9.9973E-05 0.0678205 0.00397054 0.0273498 9.9973E-05 0.0811665 0.00445838 0.786374 0.0285603
9.9982E-05 0.095609 0.000253433 0.00595959 9.9982E-05 0.0642962 0.514322 0.0397415 0.277318 0.00230041
0.0188922 0.0195122 0.00789786 0.066642 9.9982E-05 0.571852 0.0362991 0.00997751 9.9982E-05 0.268728
9.9955E-05 0.0166694 9.9955E-05 9.9955E-05 0.0306111 0.460823 0.0959101 9.9955E-05 9.9955E-05 0.395486
0.0363959 0.0774658 0.116093 9.9982E-05 9.9982E-05 0.433304 0.0602709 0.0476648 0.183759 0.044847
9.9973E-05 0.0835126 0.21373 0.0558747 9.9973E-05 0.144627 0.266363 9.9973E-05 0.221363 0.0142296
9.9955E-05 9.9955E-05 0.063184 9.9955E-05 9.9955E-05 0.40953 0.0338385 9.9955E-05 0.307988 0.184959
9.9964E-05 0.109107 9.9964E-05 0.0441675 0.0120018 9.9964E-05 0.134596 9.9964E-05 0.672121 0.0276072
9.9955E-05 0.00815093 0.110396 9.9955E-05 9.9955E-05 9.9955E-05 0.164097 0.0172764 0.69958 9.9955E-05
0.067101 0.0380662 0.269719 9.9964E-05 9.9964E-05 0.408891 0.0554279 9.9964E-05 9.9964E-05 0.160395
9.99461E-05 0.0525451 0.0703821 9.99461E-05 9.99461E-05 9.99461E-05 0.00542919 9.99461E-05 0.871044 9.99461E-05
0.0288696 9.9973E-05 0.0898306 0.0760002 9.9973E-05 0.355258 0.271312 0.0400527 9.9973E-05 0.138376
9.99564E-05 0.0170194 9.99564E-05 9.99564E-05 0.06657 9.99564E-05 0.0802242 0.0625851 0.773102 9.99564E-05
9.9964E-05 0.160224 9.9964E-05 0.0188976 9.9964E-05 0.568389 0.0551754 0.0257266 9.9964E-05 0.171187
9.9973E-05 0.0223407 0.361436 9.9973E-05 9.9973E-05 0.110634 0.134877 0.0373956 0.134657 0.198359
9.9973E-05 0.126363 0.217652 9.9973E-05 0.00176121 0.270563 0.12502 0.0253025 9.9973E-05 0.233039
9.9928E-05 9.9928E-05 9.9928E-05 9.9928E-05 9.9928E-05 9.9928E-05 0.388731 9.9928E-05 0.61047 9.9928E-05
0.049058 0.164211 0.203166 9.9964E-05 9.9964E-05 0.248055 9.9964E-05 0.0198581 9.9964E-05 0.315252
9.9964E-05 9.9964E-05 0.443153 0.00909871 0.00978981 0.18376 9.9964E-05 9.9964E-05 0.0336347 0.320164
0.0459191 0.0621008 0.212976 0.0329241 0.00321987 0.311538 9.9982E-05 9.9982E-05 0.255896 0.0752266
0.0256651 0.0565657 0.152635 0.0646976 9.9982E-05 0.313186 0.219415 0.0135555 9.9982E-05 0.15408
0.0385527 0.132987 0.0326583 9.9991E-05 0.0210706 0.334177 0.149438 0.027631 0.0309579 0.232427
9.9955E-05 0.174988 9.9955E-05 0.0813293 9.9955E-05 0.404439 9.9955E-05 9.9955E-05 0.32556 0.0131841
9.9973E-05 0.0542889 0.0436634 0.0446925 0.0368285 0.624198 0.117639 0.0783897 9.9973E-05 9.9973E-05
9.9973E-05 0.0659067 0.0552101 9.9973E-05 0.102641 0.130134 0.329581 9.9973E-05 0.078389 0.237838
9.9973E-05 0.0870748 0.185925 9.9973E-05 0.0153573 0.157126 0.408973 9.9973E-05 0.0198749 0.12537
9.9982E-05 0.0557798 0.158356 0.144248 0.0484708 0.447142 0.113424 0.0143935 0.0179853 9.9982E-05
9.9964E-05 0.0783123 0.163366 0.134077 9.9964E-05 0.0633136 9.9964E-05 0.0350931 9.9964E-05 0.525438
0.0330029 0.141375 0.097378 9.9973E-05 0.03538 0.406238 0.204158 0.0821681 9.9973E-05 9.9973E-05
9.9982E-05 0.0812947 0.145769 0.068676 9.9982E-05 0.303411 0.0266458 0.0567097 0.0467069 0.270586
9.9964E-05 9.9964E-05 0.269231 0.0724707 9.9964E-05 0.331445 0.0579691 0.0382523 9.9964E-05 0.230232
9.9964E-05 9.9964E-05 0.0587203 0.137411 9.9964E-05 0.310979 0.309682 0.0104252 9.9964E-05 0.172383
9.9982E-05 0.162376 0.20072 0.00838774 9.9982E-05 0.19519 0.0591797 0.0119847 0.09982 0.262142
9.9982E-05 0.00750994 0.234015 9.9982E-05 0.0618658 0.163612 0.132731 0.018832 0.239815 0.141419
9.9964E-05 0.0103136 9.9964E-05 0.148865 9.9964E-05 0.305743 0.380047 0.0503155 0.104315 9.9964E-05
9.99551E-05 0.127657 9.99551E-05 9.99551E-05 9.99551E-05 0.0728012 0.0248551 9.99551E-05 0.77308 0.00110625
0.00632136 9.9982E-05 9.9982E-05 0.0522542 0.100013 0.239273 0.299603 0.0545875 0.195655 0.0520924
0.0326128 0.199813 0.174744 0.0213911 0.0468866 0.110788 0.244997 0.0565089 9.9991E-05 0.112158
9.9964E-05 0.0384266 9.9964E-05 0.0868899 0.00806498 0.195467 0.217775 9.9964E-05 0.452977 9.9964E-05
9.9982E-05 0.0368725 0.214972 9.9982E-05 0.0174433 0.437791 0.119184 0.0377519 0.024335 0.111451
9.9955E-05 9.9955E-05 9.9955E-05 9.9955E-05 9.9955E-05 0.448662 0.164795 0.0404067 0.242769 0.102867
9.9955E-05 9.9955E-05 0.259317 9.9955E-05 9.9955E-05 0.149055 0.211105 0.0238155 0.356207 9.9955E-05
9.9955E-05 0.0184811 9.9955E-05 0.080507 9.9955E-05 9.9955E-05 0.0101166 9.9955E-05 0.86941 0.0209857
9.9973E-05 0.061849 9.9973E-05 0.0807958 0.0141394 0.489447 0.178615 0.0966633 0.0781909 9.9973E-05
9.9964E-05 0.0424578 0.173666 0.111988 9.9964E-05 0.282116 0.362094 0.0272779 9.9964E-05 9.9964E-05
9.9964E-05 0.0492705 0.321232 9.9964E-05 0.0393712 0.182156 9.9964E-05 9.9964E-05 0.0413686 0.366202
9.9964E-05 9.9964E-05 0.0504347 9.9964E-05 0.0204164 0.537803 0.0642424 9.9964E-05 0.212979 0.113725
9.9964E-05 0.177896 0.345675 9.9964E-05 9.9964E-05 9.9964E-05 0.00544971 0.0264165 0.383877 0.0602859
9.9982E-05 0.0636192 0.140447 9.9982E-05 0.0523944 0.501006 0.0109823 0.0417731 0.0478954 0.141683
0.0203525 0.152228 0.0881886 0.0973076 0.0817196 0.459609 0.0457696 9.9982E-05 9.9982E-05 0.0546252
9.9973E-05 0.0118271 0.0596388 9.9973E-05 0.0306985 0.457824 0.109809 0.0382419 9.9973E-05 0.291661
0.0440756 0.120958 9.9964E-05 0.0294224 0.0393933 0.558773 0.206978 9.9964E-05 9.9964E-05 9.9964E-05
9.9973E-05 0.159799 0.0248111 9.9973E-05 0.0148687 9.9973E-05 0.084413 0.0375126 0.637852 0.0404436
9.9964E-05 9.9964E-05 0.22186 0.113397 0.0279577 0.111536 0.044019 9.9964E-05 0.48083 9.9964E-05
9.9955E-05 9.9955E-05 0.167909 0.00891686 9.9955E-05 0.332275 0.0426463 9.9955E-05 9.9955E-05 0.447753
9.9973E-05 0.0741607 0.115285 0.0439786 9.9973E-05 0.544601 0.131241 0.0455514 9.9973E-05 0.0448825
9.9964E-05 0.0722626 9.9964E-05 9.9964E-05 0.0535632 0.558446 0.143406 0.00241419 9.9964E-05 0.169508
9.9973E-05 0.00832693 9.9973E-05 9.9973E-05 0.00465628 0.0320531 0.40329 0.0528727 0.393022 0.105479
9.99281E-05 9.99281E-05 0.105615 9.99281E-05 9.99281E-05 9.99281E-05 9.99281E-05 9.99281E-05 0.893585 9.99281E-05
9.9964E-05 0.0737214 0.16906 9.9964E-05 0.00981373 0.187395 0.244292 9.9964E-05 0.315318 9.9964E-05
9.9964E-05 9.9964E-05 0.108594 0.0297836 0.0545598 0.479208 0.109223 9.9964E-05 9.9964E-05 0.218232
9.9982E-05 0.0695521 0.189573 0.0309256 0.00147245 0.431545 9.9982E-05 0.0559241 0.0920478 0.12876
9.9973E-05 0.0235934 0.114349 0.0393046 0.0547993 0.414547 9.9973E-05 0.0512488 9.9973E-05 0.301858
9.9973E-05 0.0305978 0.150965 9.9973E-05 0.0241278 0.418401 0.0134089 0.0469393 9.9973E-05 0.31526
0.0167516 0.0560789 0.028572 9.9964E-05 0.0199417 9.9964E-05 0.0284298 9.9964E-05 0.849826 9.9964E-05
0.00771032 0.000131602 0.081873 0.0129997 9.9982E-05 0.618582 9.9982E-05 0.0489421 0.0332894 0.196272
9.9964E-05 0.0353517 0.242178 9.9964E-05 0.0881679 0.313176 0.0344987 9.9964E-05 9.9964E-05 0.286228
9.9955E-05 0.144468 9.9955E-05 0.0899817 9.9955E-05 0.672916 9.9955E-05 9.9955E-05 0.0571139 0.0350205
9.9973E-05 0.0700672 0.148616 9.9973E-05 9.9973E-05 0.0556553 0.153935 0.0297427 0.493033 0.0486508
9.9973E-05 0.0583259 0.0772787 9.9973E-05 0.0632128 0.606599 0.165623 0.00929308 9.9973E-05 0.0193675
0.085913 0.0496526 0.282887 9.9964E-05 0.0205444 0.42047 0.140132 9.9964E-05 9.9964E-05 9.9964E-05
9.9964E-05 0.0547797 9.9964E-05 9.9964E-05 0.0748633 0.41785 0.194623 0.0995266 9.9964E-05 0.157958
9.9982E-05 0.0309948 9.9982E-05 0.0300348 0.0237327 0.387947 0.138789 0.0522049 0.0925876 0.24351
9.9955E-05 0.0252311 9.9955E-05 9.9955E-05 0.0721684 0.188158 9.9955E-05 0.0984207 0.615522 9.9955E-05
0.0718984 0.060069 9.99461E-05 9.99461E-05 9.99461E-05 9.99461E-05 0.0541518 9.99461E-05 0.813281 9.99461E-05
9.9973E-05 0.112901 0.3313 9.9973E-05 0.079473 0.0490233 0.153495 0.0310084 9.9973E-05 0.2425
0.00897393 0.0607916 0.0545775 0.164793 0.0459513 0.255295 0.0999272 9.9991E-05 0.00400673 0.305584
9.9973E-05 0.0600542 0.0123529 0.00728111 0.0339788 0.328253 0.256247 9.9973E-05 9.9973E-05 0.301533
0.0208863 9.9973E-05 0.0914183 0.0205534 0.029753 0.0734133 0.443171 9.9973E-05 9.9973E-05 0.320504
9.9982E-05 0.00989384 0.0969922 0.0206868 0.0389511 0.222388 0.231227 0.0942414 0.28542 9.9982E-05
0.0912491 9.9982E-05 0.331782 0.00933883 0.0471633 0.197426 0.119866 9.9982E-05 0.00759344 0.195381
9.9964E-05 9.9964E-05 9.9964E-05 9.9964E-05 0.0645218 0.451151 0.0961796 0.0583043 0.177417 0.152026
9.99279E-05 0.99026 9.99279E-05 9.99279E-05 9.99279E-05 9.99279E-05 9.99279E-05 0.00894043 9.99279E-05 9.99279E-05
9.9982E-05 0.0821169 9.9982E-05 0.023289 0.00191729 0.176714 0.104312 0.0281543 0.519867 0.0634293
0.0560302 0.00427635 0.0848689 9.9973E-05 9.9973E-05 0.46566 0.12333 0.0235858 0.241949 9.9973E-05
9.99201E-05 0.999101 9.99201E-05 9.99201E-05 9.99201E-05 9.99201E-05 9.99201E-05 9.99201E-05 9.99201E-05 9.99201E-05
9.9991E-05 0.0652337 0.082624 0.0402777 0.0408735 0.0394877 0.0810675 0.0251716 0.510808 0.114356
0.00698547 9.9964E-05 0.225436 9.9964E-05 0.024036 0.417163 0.200161 9.9964E-05 0.125819 9.9964E-05
9.9982E-05 9.9982E-05 0.34664 0.0183534 0.0230872 0.107716 0.0589903 0.0483479 0.286923 0.109743
9.9973E-05 0.0720427 0.0275452 0.126526 9.9973E-05 0.180347 0.285771 9.9973E-05 0.198137 0.109332
9.9982E-05 0.101818 0.353506 0.0973627 9.9982E-05 0.0543358 0.0987966 0.0199869 0.156269 0.117724
9.9955E-05 0.0241483 9.9955E-05 9.9955E-05 0.00359354 9.9955E-05 0.229743 9.9955E-05 0.637689 0.104327
9.9973E-05 0.0938495 0.275495 0.0152468 0.0239621 0.307244 9.9973E-05 0.0791137 0.204789 9.9973E-05
9.9973E-05 9.9973E-05 0.296289 9.9973E-05 0.0730794 0.197477 0.172877 0.00226948 0.144755 0.112954
9.9964E-05 0.0880521 9.9964E-05 9.9964E-05 0.0980359 0.374148 0.152619 0.0262534 9.9964E-05 0.260491
9.9973E-05 9.9973E-05 0.0139088 0.0884995 0.0140768 0.20432 9.9973E-05 0.0474652 0.0012328 0.630197
0.0961244 0.00620113 9.9982E-05 0.0450217 0.0516454 0.205114 0.304572 0.0181978 9.9982E-05 0.272923
9.9964E-05 9.9964E-05 0.300176 0.212017 0.0403478 0.332034 0.0969332 0.018092 9.9964E-05 9.9964E-05
0.0650445 9.9964E-05 9.9964E-05 0.0265588 9.9964E-05 0.512201 0.105455 9.9964E-05 0.268048 0.0222924
9.9955E-05 9.9955E-05 0.0832079 9.9955E-05 0.0428598 0.150036 9.9955E-05 0.00918437 0.714212 9.9955E-05
9.9991E-05 0.0235906 0.154633 0.180663 0.00390055 0.100852 0.163225 0.00325985 0.353391 0.0163851
9.9982E-05 0.203619 0.229079 0.13969 0.0986208 0.00514671 0.306173 0.0160669 9.9982E-05 0.00140514
0.040211 0.0918476 0.469418 0.0156798 0.0294906 0.199767 0.130465 9.9982E-05 9.9982E-05 0.0229211
9.9937E-05 9.9937E-05 0.119947 0.117569 9.9937E-05 9.9937E-05 9.9937E-05 9.9937E-05 0.761785 9.9937E-05
9.9973E-05 0.0763993 0.117597 9.9973E-05 0.0669955 0.286816 0.183033 0.0450857 9.9973E-05 0.223774
0.0330157 0.0957379 0.205076 0.106127 9.9973E-05 0.255433 0.0555404 9.9973E-05 9.9973E-05 0.248771
9.9982E-05 0.0502001 0.202235 9.9982E-05 0.0133261 0.42446 0.0422502 0.0194112 0.183525 0.0643931
9.9973E-05 0.0948084 0.262873 0.108832 0.089906 0.292788 0.101065 9.9973E-05 9.9973E-05 0.0494289
0.0385485 0.141695 0.11011 0.022474 0.0150421 0.108902 0.299232 9.9991E-05 0.0927199 0.171176
9.9982E-05 0.220769 0.0940789 0.0480263 0.0387651 0.171122 0.368648 0.0468405 9.9982E-05 0.0115504
9.9991E-05 0.113371 0.132596 0.0494029 0.0350653 0.13084 0.00263583 0.0166739 0.0398643 0.479451
9.9973E-05 0.0702584 9.9973E-05 0.0089907 0.0507354 0.413245 0.0932871 0.0146759 9.9973E-05 0.348508
0.05352 0.0601123 0.0583992 9.9973E-05 0.0148543 0.615444 9.9973E-05 0.0229662 9.9973E-05 0.174404
9.9982E-05 0.11816 0.17514 0.0427237 9.9982E-05 0.00398987 0.36248 0.0164586 0.0427626 0.238086
9.9964E-05 0.0437116 9.9964E-05 9.9964E-05 0.0624729 0.0781671 0.388695 0.0184192 0.408135 9.9964E-05
9.9982E-05 0.0847727 0.11897 0.0023072 9.9982E-05 0.0382631 0.216681 0.0251263 0.262808 0.250871
0.0037966 0.103691 0.45538 0.111929 0.0490057 0.0294338 0.246464 9.9973E-05 9.9973E-05 9.9973E-05
0.0510356 0.123314 0.327996 9.9991E-05 0.00547532 0.241955 0.0474265 0.0124803 0.130319 0.0598986
9.9964E-05 0.0282371 0.0764295 0.0623138 9.9964E-05 0.371208 0.418752 9.9964E-05 0.0426601 9.9964E-05
9.99371E-05 9.99371E-05 0.116628 9.99371E-05 9.99371E-05 9.99371E-05 9.99371E-05 0.0133494 0.869323 9.99371E-05
0.0191714 0.0227304 0.406181 9.9973E-05 0.0176184 0.4058 0.0972202 9.9973E-05 0.0309792 9.9973E-05
9.9973E-05 0.048715 0.30753 0.0716176 9.9973E-05 0.0917301 0.198795 9.9973E-05 0.250666 0.0306454
0.0678415 0.111423 0.0331664 9.9973E-05 0.00680357 9.9973E-05 0.267256 0.0359741 9.9973E-05 0.477235
9.9964E-05 9.9964E-05 0.312703 0.11217 9.9964E-05 0.21901 0.140722 9.9964E-05 0.170477 0.0445178
9.9964E-05 9.9964E-05 0.0848448 0.0329995 0.0650885 0.0952395 0.284639 9.9964E-05 0.436789 9.9964E-05
9.9973E-05 0.0151191 0.336914 9.9973E-05 0.0428374 0.076901 0.0699317 9.9973E-05 0.403434 0.054563
9.9946E-05 9.9946E-05 0.0260444 9.9946E-05 9.9946E-05 0.461458 9.9946E-05 0.00377641 0.508121 9.9946E-05
9.9964E-05 0.0308909 0.0213621 0.0355822 9.9964E-05 0.555056 0.252107 9.9964E-05 9.9964E-05 0.104602
9.9946E-05 9.9946E-05 9.9946E-05 9.9946E-05 0.0955331 9.9946E-05 0.248626 0.0228071 0.632434 9.9946E-05
9.9955E-05 9.9955E-05 0.359332 0.0706831 0.0421674 0.174935 9.9955E-05 9.9955E-05 0.352383 9.9955E-05
0.106257 0.0607665 0.148937 0.0365072 0.0302153 0.40638 0.126875 9.9982E-05 9.9982E-05 0.0838621
9.99281E-05 9.99281E-05 9.99281E-05 9.99281E-05 0.0497737 9.99281E-05 9.99281E-05 9.99281E-05 0.949427 9.99281E-05
9.9955E-05 0.0263901 0.103644 9.9955E-05 9.9955E-05 0.0783306 0.475689 9.9955E-05 0.315447 9.9955E-05
0.0119956 9.9964E-05 9.9964E-05 9.9964E-05 0.0217319 0.233465 0.472649 0.0189184 9.9964E-05 0.240841
9.9964E-05 9.9964E-05 0.0205427 0.0656582 9.9964E-05 0.155357 0.379328 9.9964E-05 0.325644 0.0530708
9.9973E-05 0.0900141 0.112596 9.9973E-05 0.0415684 0.436847 0.0017676 9.9973E-05 0.159114 0.157793
9.9955E-05 9.9955E-05 9.9955E-05 0.115384 0.0624049 0.522318 0.287494 0.0118992 9.9955E-05 9.9955E-05
9.9973E-05 0.0011102 0.0588261 0.213921 0.0757834 0.248934 0.157646 9.9973E-05 0.243479 9.9973E-05
9.9973E-05 9.9973E-05 0.143848 0.0318836 0.00423245 0.382081 0.0960156 0.0136032 9.9973E-05 0.328037
9.9964E-05 0.017704 0.015716 9.9964E-05 9.9964E-05 0.606847 0.159667 0.0492372 9.9964E-05 0.150429
0.0632422 0.0409403 0.173998 9.9991E-05 0.0748425 0.409872 0.0384605 0.0279308 0.0152731 0.155341
0.0535366 9.9973E-05 0.0614141 0.0384107 9.9973E-05 0.202771 0.36019 9.9973E-05 0.184187 0.0991903
0.00483594 9.99726E-05 9.99726E-05 9.99726E-05 0.0167812 0.511658 9.99726E-05 0.00227714 0.231285 0.232762
0.100099 0.0520415 0.113551 9.9964E-05 0.0601008 0.425174 9.9964E-05 9.9964E-05 9.9964E-05 0.248633
9.9973E-05 0.0119399 0.231336 0.197202 9.9973E-05 0.380212 0.0699089 9.9973E-05 0.100802 0.00829977
0.0836155 0.0621181 0.381984 9.9982E-05 0.0333663 0.0841557 0.128237 0.0339471 9.9982E-05 0.192376
9.9973E-05 0.0116492 0.160291 0.0644447 0.0655179 0.230167 0.213608 9.9973E-05 9.9973E-05 0.254022
9.9991E-05 0.0560872 0.148345 0.0634404 0.0531903 0.0920754 0.193317 0.0163043 0.226933 0.150207
9.9964E-05 0.00551961 9.9964E-05 0.0352921 9.9964E-05 0.49818 0.100346 0.0725408 9.9964E-05 0.287722
0.0272471 9.9973E-05 0.261117 0.0686299 0.0275684 0.0518082 0.228985 9.9973E-05 9.9973E-05 0.334345
0.00627137 0.0442799 0.017949 0.217114 0.107716 0.176748 0.335072 0.0270482 9.9991E-05 0.0677016
0.147081 0.0751115 9.9973E-05 0.0367273 9.9973E-05 0.0539822 0.194049 0.0154582 9.9973E-05 0.477291
9.9991E-05 0.0860159 0.0653383 0.0460743 0.0256569 0.0715872 0.348626 0.0953295 0.166552 0.0947201
0.0582716 9.9946E-05 9.9946E-05 9.9946E-05 9.9946E-05 0.54875 9.9946E-05 9.9946E-05 0.014397 0.377982
9.9982E-05 0.038603 0.271576 0.00245851 0.0082664 0.168854 0.400774 9.9982E-05 0.0644103 0.0448572
0.0173459 0.149244 0.15487 0.0335445 0.01849 0.351268 0.0587482 9.9982E-05 9.9982E-05 0.21629
9.9964E-05 9.9964E-05 0.0980969 0.0641887 0.00239303 0.534349 9.9964E-05 0.064708 9.9964E-05 0.235864
0.0457677 0.037824 0.320241 0.0546748 0.00912295 0.403204 0.0165785 0.0147075 9.9991E-05 0.0977803
9.9973E-05 9.9973E-05 0.184026 0.0183901 9.9973E-05 0.0401886 0.0669944 0.0217734 0.358669 0.309659
9.9964E-05 9.9964E-05 0.205709 0.0848988 9.9964E-05 0.162551 0.108597 9.9964E-05 0.346292 0.0915535
9.9946E-05 0.0809879 9.9946E-05 0.05376 9.9946E-05 0.810087 9.9946E-05 0.0545654 9.9946E-05 9.9946E-05
9.9973E-05 0.0301982 0.0204968 9.9973E-05 0.144695 0.490621 0.0746398 9.9973E-05 0.00013114 0.238918
0.0806945 0.018682 0.0814559 9.9973E-05 9.9973E-05 0.483512 0.197219 0.0288421 9.9973E-05 0.109294
9.9955E-05 9.9955E-05 9.9955E-05 0.111426 9.9955E-05 0.248623 0.46373 0.0029933 9.9955E-05 0.172728
9.9973E-05 0.154963 9.9973E-05 9.9973E-05 0.0272917 0.0514568 0.457339 0.0353411 0.192743 0.0805655
9.9982E-05 0.0182867 0.68429 0.0354643 9.9982E-05 0.0444359 0.0186297 0.0127213 0.07799 0.107982
0.0846551 9.9973E-05 0.117288 9.9973E-05 0.0178644 0.131488 0.185727 0.0203589 9.9973E-05 0.442319
9.9973E-05 0.112971 9.9973E-05 0.020892 0.00610812 9.9973E-05 0.0675494 0.0106396 0.492433 0.289106
0.0349053 0.0553452 0.0325746 9.9982E-05 0.029925 0.47433 0.0525597 9.9982E-05 0.193486 0.126674
0.0913409 0.0146544 0.0739878 9.9991E-05 0.00211262 0.179399 0.359331 0.0558979 0.0604239 0.162753
9.9946E-05 0.0519173 9.9946E-05 9.9946E-05 0.0212976 9.9946E-05 0.304901 9.9946E-05 0.621285 9.9946E-05
0.0313188 0.0681367 0.122598 9.9982E-05 0.0305616 0.109928 0.436083 0.0435567 9.9982E-05 0.157617
9.9982E-05 0.0969568 0.1505 0.108063 0.0067854 0.221406 0.0908756 9.9982E-05 0.0178193 0.307395
9.9964E-05 0.115584 0.113768 0.0214095 9.9964E-05 0.657354 9.9964E-05 0.0348332 0.0566518 9.9964E-05
9.9982E-05 0.0524128 0.227822 0.0407159 0.0595387 0.470899 0.0280427 0.0571635 9.9982E-05 0.0632053
0.0533813 9.9964E-05 0.332107 0.0100147 0.0339643 9.9964E-05 0.324352 9.9964E-05 9.9964E-05 0.245781
9.9964E-05 0.0711278 0.20124 9.9964E-05 9.9964E-05 0.497727 0.136649 0.0518227 9.9964E-05 0.0410326
0.00161653 0.030625 0.182941 0.0214915 0.0609631 0.629019 9.9982E-05 9.9982E-05 0.0144821 0.0586618
9.9964E-05 9.9964E-05 0.16592 0.00253061 0.0523879 0.505624 0.0765295 9.9964E-05 9.9964E-05 0.196608
9.9973E-05 0.132121 0.176161 9.9973E-05 0.0535545 0.146472 0.241364 9.9973E-05 0.12389 0.126138
9.9964E-05 0.0582371 0.151832 0.0684322 9.9964E-05 0.430339 9.9964E-05 0.004843 9.9964E-05 0.285917
9.9982E-05 0.0320052 0.0515235 0.0603508 0.0872737 0.26392 0.0764016 0.0059706 9.9982E-05 0.422354
9.99371E-05 9.99371E-05 0.441028 9.99371E-05 0.0642362 9.99371E-05 0.494036 9.99371E-05 9.99371E-05 9.99371E-05
9.9964E-05 9.9964E-05 0.321876 0.142058 9.9964E-05 0.280101 9.9964E-05 0.0302963 0.0192167 0.206052
9.9964E-05 0.0270979 0.0859188 9.9964E-05 0.00401231 0.430259 0.0984149 9.9964E-05 9.9964E-05 0.353897
9.9982E-05 0.0838061 0.0146384 0.0330511 9.9982E-05 0.324536 0.0868972 0.0162465 0.291896 0.148728
9.9973E-05 0.0705541 0.157358 9.9973E-05 0.0287153 0.316415 0.107774 9.9973E-05 0.240205 0.0786784
9.9964E-05 9.9964E-05 0.158077 0.070074 0.00246524 0.521069 0.185401 9.9964E-05 9.9964E-05 0.0625147
9.9955E-05 0.0977688 9.9955E-05 0.103712 0.0187889 0.261608 9.9955E-05 9.9955E-05 0.517622 9.9955E-05
9.9973E-05 0.0371223 0.252867 0.0547637 0.0247416 0.240126 0.323394 0.0666854 9.9973E-05 9.9973E-05
9.9955E-05 9.9955E-05 9.9955E-05 9.9955E-05 0.0189451 0.469758 0.248781 9.9955E-05 0.229686 0.0323304
0.120589 9.9964E-05 0.162873 0.0765527 0.0282245 0.588806 9.9964E-05 9.9964E-05 0.0225548 9.9964E-05
9.9946E-05 9.9946E-05 0.159247 0.0980677 9.9946E-05 9.9946E-05 0.699297 0.0427889 9.9946E-05 9.9946E-05
0.143927 9.9964E-05 9.9964E-05 9.9964E-05 9.9964E-05 0.198076 0.329234 0.00248024 0.243175 0.0827079
9.9964E-05 0.163939 0.277103 0.0228418 9.9964E-05 0.0570902 0.0406273 9.9964E-05 0.437998 9.9964E-05
9.9973E-05 0.0124792 0.301441 0.0250894 0.0293861 0.514303 0.113672 9.9973E-05 9.9973E-05 0.00333046
9.9964E-05 0.0815228 0.252875 0.0618131 9.9964E-05 0.261581 0.104568 9.9964E-05 9.9964E-05 0.237239
9.9964E-05 9.9964E-05 0.268996 9.9964E-05 0.0366609 0.326882 0.0649369 9.9964E-05 0.262924 0.0391992
9.99549E-05 9.99549E-05 0.491056 0.180446 9.99549E-05 0.121566 9.99549E-05 0.0358954 9.99549E-05 0.170536
9.9964E-05 9.9964E-05 0.0935077 0.0426806 9.9964E-05 0.674332 0.0959682 0.060914 9.9964E-05 0.0321972
0.00524763 0.0397728 9.9955E-05 9.9955E-05 9.9955E-05 9.9955E-05 9.9955E-05 0.00151466 0.867456 0.0855087
9.9982E-05 0.0473341 0.199519 0.113215 0.0339578 0.412687 0.102729 0.00540587 9.9982E-05 0.0849513
0.0182603 9.9973E-05 0.0685221 0.0724654 9.9973E-05 0.624707 0.182271 0.00937251 9.9973E-05 0.024101
9.9955E-05 0.0460562 0.272538 9.9955E-05 0.0308241 0.631718 9.9955E-05 0.0183634 9.9955E-05 9.9955E-05
9.9982E-05 0.0758251 9.9982E-05 0.06909 0.10865 0.440719 0.134588 0.0159629 0.0201058 0.134859
9.9982E-05 0.0767641 0.0582382 9.9982E-05 0.0180328 0.470586 0.104929 0.075336 0.0165534 0.179361
9.9973E-05 0.0226984 9.9973E-05 0.00599193 0.0281943 0.331594 0.233931 0.0221998 9.9973E-05 0.35509
9.9982E-05 0.162183 0.138568 0.00470133 0.0967314 0.524381 0.04015 0.025783 0.00730139 9.9982E-05
9.9982E-05 0.0300872 0.242426 9.9982E-05 0.0582077 0.449423 0.0724751 0.0155675 0.0693432 0.0622704
9.99639E-05 9.99639E-05 0.27023 0.105115 9.99639E-05 0.0635329 0.0518174 0.0614399 0.447464 9.99639E-05
9.9964E-05 9.9964E-05 0.254971 0.0166346 0.0285159 0.555728 0.138757 9.9964E-05 0.00499376 9.9964E-05
0.006351 0.0477203 0.061961 9.9955E-05 9.9955E-05 0.579934 9.9955E-05 9.9955E-05 9.9955E-05 0.303534
9.9982E-05 0.087039 0.204167 9.9982E-05 0.0607995 0.190276 0.26345 0.0264006 0.0906898 0.0769777
0.00395021 0.0819061 9.9982E-05 0.0116688 0.0361563 0.444366 0.0678663 0.0498133 0.304073 9.9982E-05
9.9973E-05 0.000944141 0.0695477 0.10966 0.0829338 0.219949 0.162782 9.9973E-05 9.9973E-05 0.353883
9.9964E-05 0.0402931 0.0610993 0.102426 9.9964E-05 0.430231 0.215204 9.9964E-05 0.150346 9.9964E-05
9.9991E-05 0.00396225 0.0286217 0.0913267 0.00116589 0.488082 0.0673255 0.01714 0.0210253 0.28125
9.9973E-05 0.0790824 0.202398 0.0162801 9.9973E-05 0.242398 0.172834 9.9973E-05 0.263917 0.0227897
0.100111 0.0493202 0.103325 0.0310721 9.9991E-05 0.357105 0.235043 0.0343174 0.0835994 0.00600665
9.9973E-05 0.0614074 9.9973E-05 0.0243501 9.9973E-05 0.014378 0.335442 0.0715287 0.382119 0.110475
9.9955E-05 9.9955E-05 0.0105307 0.0719913 9.9955E-05 0.468937 9.9955E-05 9.9955E-05 0.25819 0.189851
0.0624432 0.0105333 0.128686 9.9991E-05 0.0843105 0.239091 0.14224 0.00963796 0.0204748 0.302483
9.9973E-05 9.9973E-05 0.327263 9.9973E-05 0.0373677 0.267503 0.0550566 0.0881131 0.208577 0.015819
9.9973E-05 0.0274507 0.23428 0.064589 9.9973E-05 0.290071 0.100745 0.0130517 9.9973E-05 0.269513
9.9964E-05 0.177203 0.043672 9.9964E-05 0.0543246 0.470669 0.179813 9.9964E-05 9.9964E-05 0.073919
9.9964E-05 0.0931689 9.9964E-05 9.9964E-05 0.0413761 0.194518 0.505999 0.0276201 9.9964E-05 0.136918
9.9973E-05 0.0953188 9.9973E-05 0.0175534 9.9973E-05 0.214959 0.168439 0.00584593 0.242903 0.254681
9.9955E-05 9.9955E-05 0.234016 9.9955E-05 9.9955E-05 0.248136 0.305881 0.0265306 9.9955E-05 0.184936
9.9982E-05 0.0406275 0.25919 0.110677 0.0973424 0.320001 0.0606854 0.0168265 9.9982E-05 0.0944517
0.00957829 0.00215304 0.116428 0.046776 0.00418122 0.608039 0.00343562 0.00582773 9.9991E-05 0.203481
9.9973E-05 9.9973E-05 0.111244 0.0520263 0.0194756 0.210649 0.00140499 0.061894 0.543006 9.9973E-05
0.0339986 0.0302044 9.9973E-05 0.0506165 0.046107 0.0326719 9.9973E-05 0.0053632 0.800738 9.9973E-05
9.9982E-05 9.9982E-05 0.0181789 0.0495241 0.0797428 0.362741 0.242757 0.0147607 0.054633 0.177463
9.9973E-05 0.0392628 0.464916 0.0468636 9.9973E-05 0.160091 9.9973E-05 0.0691971 0.0333099 0.18606
0.00749687 0.119711 0.166538 0.10416 9.9982E-05 0.13739 0.318077 0.0356134 9.9982E-05 0.110815
9.9973E-05 0.0118361 0.377206 9.9973E-05 9.9973E-05 0.149324 0.354138 0.00387179 0.0639563 0.0393677
0.0229444 0.0218934 0.280975 9.9982E-05 0.0622073 0.403867 0.0269625 0.0215619 0.159388 9.9982E-05
9.9973E-05 9.9973E-05 0.239768 0.202502 0.0319719 0.188882 9.9973E-05 0.0229349 0.0852829 0.228357
0.0372131 0.121028 0.113213 0.047376 9.9973E-05 0.338007 0.061289 9.9973E-05 9.9973E-05 0.281574
0.0968334 0.0150488 9.9973E-05 9.9973E-05 0.00224544 0.484347 0.227471 0.0624364 9.9973E-05 0.111318
9.9973E-05 0.142213 9.9973E-05 0.0453452 0.0586897 0.50875 0.15288 9.9973E-05 0.0135378 0.0782845
0.00028957 9.9964E-05 0.162089 0.0994547 0.102376 0.541392 9.9964E-05 9.9964E-05 9.9964E-05 0.0939989
9.9973E-05 0.0574435 0.0145308 0.0548592 0.0558532 0.664773 0.083995 9.9973E-05 9.9973E-05 0.0682448
9.9973E-05 0.0673015 0.200184 0.0109671 0.040773 0.567375 0.00563997 9.9973E-05 9.9973E-05 0.10746
0.0306475 0.122127 0.166678 9.9973E-05 0.0251203 0.148176 0.37929 9.9973E-05 9.9973E-05 0.127661
0.0601177 0.00342189 0.0653154 0.00256644 0.0311304 0.621649 0.0595188 0.00277106 9.9991E-05 0.153409
9.9982E-05 0.0815073 0.115476 0.118751 0.0464464 0.422143 9.9982E-05 0.0538116 0.0220159 0.139649
9.9982E-05 0.0879715 0.279681 0.133757 0.0325528 0.325302 0.0609313 0.0185376 9.9982E-05 0.0610671
9.9955E-05 9.9955E-05 0.0433528 0.132825 0.0706595 0.461752 0.290911 9.9955E-05 9.9955E-05 9.9955E-05
9.9982E-05 0.144193 0.188247 0.128901 0.00380151 0.345369 9.9982E-05 0.0193247 0.0962274 0.073736
0.0399846 0.0148536 0.0222313 0.0433669 0.0330487 0.233575 9.9991E-05 0.0272262 0.548485 0.0371286
9.9982E-05 0.024063 0.258685 0.0136741 9.9982E-05 0.100348 0.149336 0.0433151 0.342543 0.0678353
9.99461E-05 0.0240335 9.99461E-05 9.99461E-05 0.0312512 0.110602 9.99461E-05 9.99461E-05 0.833514 9.99461E-05
9.9964E-05 9.9964E-05 0.0575477 9.9964E-05 0.0654504 0.33329 0.246305 0.018655 9.9964E-05 0.278352
0.0411487 0.0373802 9.9964E-05 9.9964E-05 0.0285657 0.0979797 9.9964E-05 0.0538315 0.740694 9.9964E-05
0.00139943 9.9973E-05 0.111599 0.00376998 0.0394866 0.147405 0.0493407 9.9973E-05 0.6467 9.9973E-05
9.9973E-05 0.0900031 0.147929 0.0838387 9.9973E-05 0.357091 0.204807 0.0585152 9.9973E-05 0.0575165
0.0907363 0.074925 9.9973E-05 0.0788649 9.9973E-05 0.574439 0.130737 0.0337344 9.9973E-05 0.0162634
9.9982E-05 0.0112717 0.148949 0.0520665 0.0375267 0.352752 0.0857653 0.0550442 9.9982E-05 0.256425
9.9964E-05 9.9964E-05 0.03904 9.9964E-05 0.0018968 9.9964E-05 0.111131 0.0621743 0.698879 0.0864786
0.0368929 0.042051 0.061687 0.02327 0.0169502 0.631359 0.073725 9.9982E-05 9.9982E-05 0.113865
9.9973E-05 0.0369949 0.101197 0.0280451 9.9973E-05 9.9973E-05 0.280919 0.0265278 0.34858 0.177436
9.9982E-05 0.0540141 9.9982E-05 0.141447 0.0818876 0.552623 0.0535871 0.0692272 0.0201723 0.0268424
9.9955E-05 0.127508 0.0268253 0.0600913 0.016715 9.9955E-05 9.9955E-05 9.9955E-05 0.768361 9.9955E-05
9.9964E-05 9.9964E-05 0.233039 0.051257 9.9964E-05 0.0203511 0.202141 9.9964E-05 0.106839 0.385973
9.9973E-05 9.9973E-05 0.12055 9.9973E-05 0.0631336 0.598941 0.0899789 0.0032901 0.021744 0.102063
9.9964E-05 9.9964E-05 0.010454 0.0782791 0.0146475 0.481471 0.00670755 9.9964E-05 9.9964E-05 0.408041
9.9964E-05 0.150728 0.0956262 0.167514 9.9964E-05 0.26475 0.180812 9.9964E-05 9.9964E-05 0.14017
9.9973E-05 9.9973E-05 0.00574511 0.226232 9.9973E-05 0.013438 0.00760125 0.0118431 0.676833 0.0580076
9.9955E-05 0.0652294 9.9955E-05 0.0802798 9.9955E-05 0.414141 0.315216 9.9955E-05 0.124634 9.9955E-05
0.00655134 0.0216142 0.254464 0.0189453 0.0666668 0.147247 0.233906 9.9982E-05 0.250405 9.9982E-05
0.0666851 0.124074 9.9991E-05 0.192655 0.0456025 0.388772 0.0142831 0.0253196 0.00416704 0.138341
9.9964E-05 9.9964E-05 0.126362 0.102294 0.0367621 0.0307384 0.0418778 9.9964E-05 0.661566 9.9964E-05
0.179515 0.00949403 0.0568957 0.0600496 9.9991E-05 0.301374 0.262588 0.0337037 0.0512581 0.0450209
0.00322156 0.0804373 9.9973E-05 0.103965 0.0244203 0.0997597 0.468233 9.9973E-05 0.219663 9.9973E-05
9.9973E-05 0.0476498 0.147632 9.9973E-05 0.0504802 0.384909 0.0875209 0.00831871 9.9973E-05 0.27319
0.0084911 0.0601285 9.9973E-05 9.9973E-05 0.0201538 0.0677444 0.619031 9.9973E-05 0.0911781 0.132973
0.0439769 0.0570434 9.9964E-05 9.9964E-05 9.9964E-05 0.21979 0.163843 0.0632642 0.451682 9.9964E-05
9.9973E-05 0.0561527 0.183063 0.0723858 0.0325877 0.339487 9.9973E-05 0.0995765 9.9973E-05 0.216447
9.9982E-05 0.0257595 0.12554 0.150333 0.0192204 0.315882 0.047363 9.9982E-05 0.0147698 0.300933
0.00781427 9.9982E-05 0.180365 0.0103441 0.00173274 0.207686 0.0687612 0.0296488 9.9982E-05 0.493448
0.0806158 0.015568 0.0361548 0.0777663 0.0177658 0.598379 0.0888981 0.035349 9.9991E-05 0.0494035
9.9955E-05 0.0430417 9.9955E-05 0.134625 9.9955E-05 0.185687 0.336326 9.9955E-05 0.29982 9.9955E-05
0.0837387 0.0637183 0.332989 0.0463158 9.9982E-05 0.32233 0.0533257 0.00736365 9.9982E-05 0.090019
9.9973E-05 0.00651925 0.0307939 0.161578 0.0394824 0.668588 9.9973E-05 0.00409544 9.9973E-05 0.0886432
9.9964E-05 9.9964E-05 0.155248 0.16418 9.9964E-05 0.592686 9.9964E-05 0.00673999 0.0112602 0.0694847
9.9964E-05 9.9964E-05 9.9964E-05 0.111797 0.0221659 0.0725652 0.259061 9.9964E-05 0.446673 0.0873384
9.9973E-05 0.0615253 0.131312 0.0585462 9.9973E-05 0.0506847 0.19981 9.9973E-05 0.242562 0.25526
0.0481931 0.0143182 9.9991E-05 0.0342398 0.021616 0.455676 0.150549 0.0670844 0.00256554 0.205659
9.9982E-05 0.100299 0.36907 0.0322881 0.049055 9.9982E-05 0.14406 0.103274 0.0245949 0.17716
9.9982E-05 0.0492841 0.00422999 0.145094 9.9982E-05 0.273121 0.225192 0.0774409 0.167741 0.0576972
9.9982E-05 0.0283899 0.215434 0.0447317 0.057228 0.249021 0.185518 0.0333339 9.9982E-05 0.186143
0.0313343 0.0634621 0.0949142 0.0342293 0.0619416 0.115249 0.310997 0.00808066 0.279691 9.9991E-05
9.9973E-05 0.00975098 0.407614 9.9973E-05 0.118002 0.0694598 0.24139 0.00595586 9.9973E-05 0.147527
0.0278355 9.9973E-05 0.0900486 9.9973E-05 0.0145184 0.303388 0.146395 0.0107101 0.406805 9.9973E-05
0.0157987 9.9964E-05 0.286705 0.00400755 0.00914272 0.324425 9.9964E-05 9.9964E-05 9.9964E-05 0.359522
9.9964E-05 9.9964E-05 0.0753373 0.0784038 0.065185 0.479195 0.0962227 9.9964E-05 9.9964E-05 0.205256
9.9955E-05 9.9955E-05 9.9955E-05 9.9955E-05 0.0513572 0.653934 0.187023 0.0633152 9.9955E-05 0.0438718
9.9955E-05 0.0619703 9.9955E-05 0.018631 9.9955E-05 0.411783 0.123392 9.9955E-05 9.9955E-05 0.383724
0.0733351 0.138954 0.167195 9.9964E-05 0.0347965 0.383076 9.9964E-05 9.9964E-05 9.9964E-05 0.202244
9.9982E-05 0.0145429 0.350875 0.0635561 0.058856 0.335555 0.0216711 0.0379479 9.9982E-05 0.116795
9.9973E-05 0.0787065 0.183815 0.0676902 0.00684509 0.260173 0.188906 9.9973E-05 0.213564 9.9973E-05
0.0496184 9.9955E-05 0.302739 9.9955E-05 9.9955E-05 0.17784 0.400398 9.9955E-05 9.9955E-05 0.0689046
9.9982E-05 0.0046255 0.104612 0.0779451 0.0907678 0.523134 0.0114016 0.0111058 9.9982E-05 0.176208
9.9964E-05 0.0221847 0.173628 0.0686263 9.9964E-05 0.663158 0.0374673 9.9964E-05 0.0345352 9.9964E-05
9.9982E-05 0.0908667 0.191559 0.0912457 9.9982E-05 0.321868 0.216421 0.0568327 0.017815 0.013192
0.0669615 0.0404488 0.413779 9.9973E-05 0.00209451 9.9973E-05 0.290361 0.00481406 0.181242 9.9973E-05
0.024025 0.0784342 9.9982E-05 0.0997797 0.0560288 0.301036 0.192268 0.0205482 9.9982E-05 0.22768
9.9964E-05 9.9964E-05 0.0941556 9.9964E-05 0.10375 0.370403 0.0916769 0.0117178 9.9964E-05 0.327898
9.9955E-05 0.0378349 9.9955E-05 0.163912 9.9955E-05 9.9955E-05 0.0538741 9.9955E-05 0.693906 0.0499738
9.9964E-05 9.9964E-05 0.036321 0.0153266 0.0122422 0.094886 9.9964E-05 9.9964E-05 0.624989 0.215836
9.9964E-05 0.203404 0.0868922 0.0986211 0.0554159 0.514794 9.9964E-05 0.0404727 9.9964E-05 9.9964E-05
0.324339 9.9955E-05 9.9955E-05 9.9955E-05 0.120137 0.505263 9.9955E-05 0.0176128 9.9955E-05 0.0321488
0.472153 0.00877312 0.108856 0.0510724 9.9982E-05 9.9982E-05 0.142057 0.143153 0.00908547 0.0646507
0.416409 0.0244419 0.180166 0.0997747 9.9982E-05 0.0344286 9.9982E-05 0.0369026 0.0016321 0.206045
0.0815374 9.9982E-05 0.0353886 0.0624867 0.0315102 0.393767 0.138052 0.00883964 9.9982E-05 0.248218
0.413647 0.0613705 0.0852796 0.167372 0.00565521 0.156066 9.9982E-05 0.0361511 9.9982E-05 0.0742585
0.432746 9.9982E-05 0.271502 0.0247194 0.0569508 0.132597 9.9982E-05 0.0121426 0.00191846 0.0672247
0.458364 0.00249881 9.9973E-05 0.0082941 0.0319498 0.348588 0.115622 0.0343835 9.9973E-05 9.9973E-05
0.364148 0.0598487 0.0803292 0.00909896 0.125435 9.9973E-05 9.9973E-05 0.0652626 9.9973E-05 0.295578
0.332179 9.9964E-05 0.352782 0.0973025 0.0784039 0.110414 9.9964E-05 0.0285187 9.9964E-05 9.9964E-05
0.24441 9.9964E-05 0.324066 9.9964E-05 0.0318022 0.219686 9.9964E-05 0.0553205 9.9964E-05 0.124317
0.247355 0.112323 0.229333 0.0318338 9.9982E-05 0.192407 0.0847697 0.0289311 9.9982E-05 0.072848
0.459885 9.9973E-05 0.000501357 0.0699407 0.0178688 0.237104 0.157787 0.0566139 9.9973E-05 9.9973E-05
0.15041 0.108338 0.14124 0.05394 0.00415645 0.394468 0.0615086 0.0374114 9.9991E-05 0.0484269
0.156361 0.0514582 0.0240856 0.191158 0.109183 9.99827E-05 9.99827E-05 0.104597 0.0156562 0.347301
0.295488 0.0549175 9.9973E-05 0.0989542 0.0951843 0.215834 9.9973E-05 0.0528131 9.9973E-05 0.186508
0.564479 0.0592368 0.108322 0.0365281 9.9991E-05 0.0373644 0.0493458 0.0331666 0.0462851 0.0651722
0.309949 0.140203 9.9973E-05 0.136116 0.0162633 0.19464 0.112311 9.9973E-05 9.9973E-05 0.090218
0.207642 9.9982E-05 0.194044 0.0520712 0.0684825 0.0303898 0.14135 0.00116562 9.9982E-05 0.304654
0.127259 0.120581 9.9946E-05 9.9946E-05 9.9946E-05 9.9946E-05 0.00774268 9.9946E-05 0.743818 9.9946E-05
0.334477 0.0195601 0.0249597 0.01706 0.149949 0.228169 9.9982E-05 9.9982E-05 0.0410449 0.18458
0.334872 0.0741144 0.102463 9.9982E-05 0.117576 0.110796 9.9982E-05 0.0184433 0.012062 0.229474
0.0707024 9.9982E-05 0.0896233 9.9982E-05 0.0434808 0.380121 0.122257 0.0251582 0.108281 0.160176
0.532578 9.9982E-05 0.126454 0.0804927 0.0542315 0.00687946 9.9982E-05 0.0267641 0.0305623 0.141838
0.393359 0.0872324 0.278471 0.0430609 0.0974574 9.9964E-05 9.9964E-05 0.10002 9.9964E-05 9.9964E-05
0.0820175 0.0428739 0.208694 9.9982E-05 0.100735 0.218088 0.311856 0.0140157 9.9982E-05 0.0215197
0.430451 9.9982E-05 0.131552 9.9982E-05 0.0577285 0.116233 0.0384229 0.0865066 0.00716816 0.131738
0.322205 9.9955E-05 0.163118 0.118635 9.9955E-05 0.360021 9.9955E-05 0.0355207 9.9955E-05 9.9955E-05
0.201784 0.012509 0.243944 0.203191 0.0579839 0.103533 9.9982E-05 0.101784 9.9982E-05 0.0750726
0.428377 9.9991E-05 0.207286 0.104086 0.104814 0.0599585 0.0128027 0.00832971 0.0322286 0.0420174
0.327372 0.138636 0.154716 0.0835637 0.0963294 0.00720584 0.0492966 0.0831452 0.0208895 0.0388461
0.356606 0.0174029 0.0792807 0.432492 0.0422651 0.0457555 9.9973E-05 0.0258974 9.9973E-05 9.9973E-05
0.565648 9.9937E-05 9.9937E-05 9.9937E-05 9.9937E-05 9.9937E-05 9.9937E-05 9.9937E-05 0.0238448 0.409807
0.265373 0.0923599 0.232309 0.199165 9.9964E-05 0.132229 9.9964E-05 0.0781639 9.9964E-05 9.9964E-05
0.317626 9.9964E-05 9.9964E-05 0.162175 0.111734 0.245092 0.0973412 0.0656317 9.9964E-05 9.9964E-05
