9.9973E-05 0.051476 0.0233307 9.9973E-05 0.0474682 9.9973E-05 0.51049 0.229737 0.126408 0.0107909
0.0121515 0.0581038 0.0964117 0.0290684 9.9991E-05 0.0812718 0.345891 0.23647 0.12225 0.0182814
0.0759308 0.117284 0.259193 0.0182575 9.9982E-05 9.9982E-05 0.0523262 0.451869 0.0227355 0.00220323
9.9973E-05 0.0105206 0.102454 0.0838456 9.9973E-05 0.0173674 0.48231 0.237176 0.0660261 9.9973E-05
9.9982E-05 0.00319973 0.144169 9.9982E-05 0.00941542 0.101451 0.328752 0.385373 0.0272458 0.000194723
9.9946E-05 9.9946E-05 0.272877 0.658592 0.0148789 9.9946E-05 9.9946E-05 9.9946E-05 9.9946E-05 0.053053
0.00755854 9.9964E-05 9.9964E-05 0.0405939 0.0888708 9.9964E-05 0.294949 0.5273 9.9964E-05 0.0403274
9.9955E-05 0.0139266 0.107698 0.736728 9.9955E-05 0.0328187 0.108329 9.9955E-05 9.9955E-05 9.9955E-05
0.0495418 9.9955E-05 0.347489 9.9955E-05 9.9955E-05 9.9955E-05 0.265072 0.321685 9.9955E-05 0.0157122
9.9973E-05 0.0209951 0.217801 0.00228443 9.9973E-05 0.105184 9.9973E-05 0.558097 0.0754689 0.01987
0.0013954 0.0525273 0.139546 0.0112144 0.0228488 0.0191341 0.360145 0.37397 9.9991E-05 0.0191201
9.9973E-05 9.9973E-05 0.141678 0.235345 9.9973E-05 0.16449 0.12867 0.266159 0.0158609 0.0474965
0.106402 0.0424655 0.216653 9.9973E-05 9.9973E-05 0.0573606 0.11123 0.46134 0.00424779 9.9973E-05
0.0592458 0.0325969 0.0515275 0.107843 9.9982E-05 0.0230817 0.258366 0.444452 9.9982E-05 0.0226878
9.9955E-05 0.00203546 0.284028 0.511927 9.9955E-05 0.161982 9.9955E-05 9.9955E-05 0.0395272 9.9955E-05
0.160578 0.0622285 0.204412 0.0345171 9.9982E-05 0.0291049 0.236245 0.268389 9.9982E-05 0.00432548
9.9955E-05 9.9955E-05 0.341176 0.0545649 9.9955E-05 9.9955E-05 0.367296 0.151501 9.9955E-05 0.0849621
0.137251 9.9964E-05 9.9964E-05 9.9964E-05 0.0532451 9.9964E-05 0.196499 0.566361 0.0452551 0.000988229
0.0315506 9.9982E-05 0.148678 0.00900608 9.9982E-05 0.0971451 0.41189 0.235189 0.0458083 0.0205325
9.9955E-05 0.0563973 9.9955E-05 9.9955E-05 9.9955E-05 9.9955E-05 0.609349 0.1918 0.102949 0.0390046
0.0936712 9.9964E-05 0.0078346 9.9964E-05 9.9964E-05 9.9964E-05 0.303798 0.537067 0.0426057 0.0146242
0.0162183 0.0625834 0.0484426 0.0649155 9.9991E-05 0.126689 0.102713 0.487521 0.0800109 0.0108063
9.9964E-05 0.150506 0.120788 9.9964E-05 9.9964E-05 0.0273125 0.161023 0.482208 9.9964E-05 0.0577624
9.9973E-05 0.134164 0.127059 0.514168 9.9973E-05 0.0879693 0.0516656 0.0510315 0.0336428 9.9973E-05
0.11194 0.0199798 0.0214499 9.9982E-05 0.0351006 9.9982E-05 0.243651 0.439376 0.0835135 0.0447892
0.0136573 9.9982E-05 0.166352 0.500658 9.9982E-05 0.11755 0.0609195 0.0792846 0.038612 0.0227664
0.118321 0.0159904 0.298378 0.353877 0.0313701 9.9973E-05 0.163236 9.9973E-05 0.0185275 9.9973E-05
9.9946E-05 9.9946E-05 9.9946E-05 0.351484 9.9946E-05 0.0134694 0.310692 0.323755 9.9946E-05 9.9946E-05
9.9964E-05 0.0432342 0.341965 0.526703 9.9964E-05 9.9964E-05 9.9964E-05 0.0246699 0.052678 0.01035
9.9982E-05 0.00293762 0.0255792 0.129089 9.9982E-05 0.00502203 0.325536 0.502155 0.00106365 0.00841684
9.9973E-05 0.0251431 0.0670956 0.413919 9.9973E-05 0.0489558 0.248018 0.119234 9.9973E-05 0.0773345
0.101205 0.0172869 0.0771948 9.9973E-05 0.0569899 9.9973E-05 0.295109 0.386007 0.0659071 9.9973E-05
9.9964E-05 0.097355 0.355205 0.119374 9.9964E-05 9.9964E-05 0.0506508 0.311408 9.9964E-05 0.0656061
9.9937E-05 9.9937E-05 9.9937E-05 0.836127 9.9937E-05 9.9937E-05 0.0564316 0.106742 9.9937E-05 9.9937E-05
9.9955E-05 0.0301186 9.9955E-05 0.79654 0.0278108 0.0414113 9.9955E-05 0.10362 9.9955E-05 9.9955E-05
0.10811 9.9964E-05 0.183342 0.0880361 9.9964E-05 0.0201478 0.0667358 0.533228 9.9964E-05 9.9964E-05
0.0377764 9.9964E-05 0.14877 0.116849 9.9964E-05 0.133661 0.347576 0.214968 9.9964E-05 9.9964E-05
0.207209 0.0203021 0.0690844 9.9982E-05 0.00447226 0.0731413 0.203388 0.416171 9.9982E-05 0.00603159
9.9955E-05 9.9955E-05 0.00349986 0.743552 9.9955E-05 0.0419819 0.03489 9.9955E-05 0.175576 9.9955E-05
9.9982E-05 0.0617284 0.30956 0.342186 9.9982E-05 0.00493699 0.0119189 0.125044 0.0942388 0.0501878
0.0745163 0.023981 0.279787 0.143496 9.9973E-05 0.18558 9.9973E-05 0.274197 9.9973E-05 0.018143
9.9955E-05 9.9955E-05 0.362265 9.9955E-05 9.9955E-05 9.9955E-05 0.189964 0.439286 0.00293474 0.0050508
0.0356366 0.042944 0.127122 0.114277 9.9982E-05 9.9982E-05 0.193198 0.413328 0.0181245 0.0551702
0.118805 9.9973E-05 0.104028 0.513859 0.021079 0.099555 0.13077 0.0116047 9.9973E-05 9.9973E-05
9.9973E-05 0.0158843 0.164168 9.9973E-05 0.0144865 0.131024 0.238903 0.368258 0.0669771 9.9973E-05
0.0958548 0.107193 0.0512273 9.9973E-05 9.9973E-05 0.162609 9.9973E-05 0.52164 0.0364643 0.024712
0.063569 0.0450788 0.114919 0.0573702 9.9982E-05 9.9982E-05 0.250401 0.366415 0.0812437 0.0208038
0.0270565 0.0398134 0.349767 0.0356929 0.0170221 0.00780498 0.275999 0.143358 0.0700351 0.033451
0.148839 0.0897476 0.223005 0.00406806 9.9982E-05 0.00220342 0.210089 0.278318 0.0435305 9.9982E-05
0.0310808 9.9964E-05 0.319469 0.355776 9.9964E-05 9.9964E-05 0.164082 9.9964E-05 0.0998265 0.0293655
9.9973E-05 0.0922031 9.9973E-05 0.0420696 0.0171532 9.9973E-05 0.109856 0.706801 0.011879 0.0197381
9.999E-05 0.0704609 0.108338 0.35625 0.0298557 0.0362568 0.150343 0.162997 0.0693293 0.0160687
0.0658477 9.9964E-05 0.20051 9.9964E-05 9.9964E-05 0.14621 9.9964E-05 0.453742 0.0469615 0.0863293
0.0131864 9.99461E-05 0.0352955 0.816695 9.99461E-05 9.99461E-05 9.99461E-05 0.134224 9.99461E-05 9.99461E-05
0.048589 0.0257067 0.204336 0.411835 9.9973E-05 9.9973E-05 0.147348 0.148549 9.9973E-05 0.0133358
9.9955E-05 9.9955E-05 9.9955E-05 9.9955E-05 9.9955E-05 0.0360914 0.357443 0.537965 0.0253464 0.0426541
9.9955E-05 0.098884 9.9955E-05 9.9955E-05 9.9955E-05 9.9955E-05 0.267818 0.588844 0.0351251 0.00882893
0.0635012 0.0275269 0.0354562 0.191504 9.9973E-05 9.9973E-05 0.347967 0.245881 9.9973E-05 0.0878638
9.99549E-05 0.0770722 0.303748 0.207908 9.99549E-05 0.0788432 0.331928 9.99549E-05 9.99549E-05 9.99549E-05
9.9937E-05 9.9937E-05 9.9937E-05 0.336968 9.9937E-05 9.9937E-05 0.257418 0.404915 9.9937E-05 9.9937E-05
0.0295487 0.0534134 0.132717 0.709769 0.0333037 9.9973E-05 9.9973E-05 9.9973E-05 0.0199508 0.0209974
9.9946E-05 0.0111866 0.165354 0.729661 9.9946E-05 9.9946E-05 9.9946E-05 9.9946E-05 0.0931989 9.9946E-05
0.0533068 9.9964E-05 0.18423 9.9964E-05 0.0408472 9.9964E-05 0.336758 0.353204 0.0312543 9.9964E-05
9.99461E-05 0.0307168 0.106841 0.843231 9.99461E-05 0.0186118 9.99461E-05 9.99461E-05 9.99461E-05 9.99461E-05
9.9964E-05 9.9964E-05 0.298524 9.9964E-05 9.9964E-05 0.0458551 0.198603 0.355548 0.0378106 0.0632601
9.9946E-05 0.0256924 9.9946E-05 0.747417 9.9946E-05 0.163845 9.9946E-05 9.9946E-05 0.0624464 9.9946E-05
0.112119 0.0426794 9.9955E-05 9.9955E-05 9.9955E-05 0.0390361 0.4186 0.387066 9.9955E-05 9.9955E-05
9.9973E-05 0.0673959 0.34639 0.0908334 9.9973E-05 0.144241 0.0217622 0.278636 9.9973E-05 0.050441
0.076118 0.0854447 0.154854 9.9982E-05 9.9982E-05 0.0557355 0.287763 0.309063 0.00835081 0.0224721
9.9946E-05 9.9946E-05 0.318095 0.637846 9.9946E-05 0.0415706 9.9946E-05 9.9946E-05 9.9946E-05 0.00188869
0.0411445 0.0694373 0.0256632 9.9991E-05 0.0135968 0.123458 0.506973 0.11137 0.0499414 0.0583169
0.111507 0.0616351 0.139709 0.0586736 9.9982E-05 9.9982E-05 0.156579 0.367924 0.0562393 0.0475324
0.0161611 0.046879 0.0339649 0.243138 0.0084166 0.0147699 0.323348 0.237226 0.047662 0.0284337
9.9982E-05 0.0371222 0.239826 9.9982E-05 0.00915919 0.0433589 0.070048 0.526046 0.00934325 0.0648962
0.0879373 0.0586985 9.9982E-05 0.0591232 9.9982E-05 0.0771786 0.280501 0.364968 0.0114155 0.0599786
9.9964E-05 0.0424162 0.00819748 0.337892 9.9964E-05 9.9964E-05 0.120976 0.473095 9.9964E-05 0.0170244
0.0638505 0.0841766 0.0603642 0.0180542 9.9991E-05 0.0599922 0.107488 0.571409 0.032897 0.00166775
0.0686826 0.0892014 0.168569 0.129349 9.9991E-05 0.0904745 0.215665 0.144126 0.0353053 0.0585267
0.062503 0.10117 0.440106 0.0487839 9.9982E-05 9.9982E-05 0.0342919 0.233805 0.0102353 0.0689053
0.0705878 0.0313571 0.0443072 0.0422087 0.0215763 9.9991E-05 0.322315 0.34986 0.0590577 0.0586302
9.9973E-05 0.0623459 0.186469 9.9973E-05 9.9973E-05 0.0616011 0.190506 0.305478 0.151631 0.04167
0.107234 0.0474219 0.228919 9.9973E-05 0.0480004 0.0527429 0.182985 0.332398 9.9973E-05 9.9973E-05
9.9982E-05 0.0989682 0.131346 0.0112653 9.9982E-05 0.156165 0.314489 0.203613 0.051085 0.0328682
9.9964E-05 9.9964E-05 0.0998957 9.9964E-05 9.9964E-05 0.085709 0.466766 0.275644 0.0635958 0.00798916
9.9964E-05 0.0108588 0.128613 9.9964E-05 9.9964E-05 0.0252899 0.106699 0.63315 0.0949893 9.9964E-05
0.0562653 0.0725424 0.172817 0.084622 9.9991E-05 0.104696 0.259723 0.174178 0.0175795 0.0574773
0.0108778 0.0761999 0.211222 0.230892 9.9982E-05 0.0808012 0.0234969 0.340494 0.0258159 9.9982E-05
9.9973E-05 0.0276328 0.347733 0.120658 9.9973E-05 0.0551298 0.0458712 0.322136 0.0805397 9.9973E-05
0.0507132 0.0489282 9.99551E-05 0.823581 9.99551E-05 9.99551E-05 0.0500417 9.99551E-05 9.99551E-05 0.0262366
0.0197402 0.0304244 0.280738 0.20369 9.9973E-05 9.9973E-05 0.18998 0.20309 0.0720378 9.9973E-05
0.132548 0.186362 0.254937 9.9973E-05 9.9973E-05 0.0915666 0.0355816 0.28793 9.9973E-05 0.0107759
0.0497348 9.9964E-05 0.266188 0.441681 9.9964E-05 9.9964E-05 0.168459 0.0464094 0.0271277 9.9964E-05
0.0255411 0.020385 0.175072 9.9973E-05 9.9973E-05 0.0860884 0.291794 0.390155 9.9973E-05 0.0106642
9.9964E-05 0.00320585 0.0641267 0.262101 9.9964E-05 9.9964E-05 0.240733 0.344942 0.0844919 9.9964E-05
9.9964E-05 0.0122504 0.288215 0.375929 9.9964E-05 9.9964E-05 0.248549 0.0265615 9.9964E-05 0.0480951
9.9946E-05 9.9946E-05 0.047346 0.835913 9.9946E-05 9.9946E-05 9.9946E-05 9.9946E-05 0.014336 0.101805
0.00454823 0.0515832 0.133876 0.0567601 9.9991E-05 0.129575 0.131856 0.418823 0.0726029 0.000275051
0.0451498 0.0715204 0.318171 0.022575 9.9973E-05 0.0587565 9.9973E-05 0.447965 0.0355629 9.9973E-05
0.0107395 0.127815 0.0203044 0.0577979 9.9991E-05 0.130625 0.339589 0.192656 0.117865 0.00250788
9.9964E-05 9.9964E-05 9.9964E-05 0.232078 9.9964E-05 0.0389516 0.452012 0.253589 0.00857482 0.0143947
0.0408774 0.0336651 0.390772 0.323721 9.9964E-05 0.08399 0.126574 9.9964E-05 9.9964E-05 9.9964E-05
0.0171141 0.0254742 0.118152 0.0705888 9.9982E-05 0.0664089 0.257757 0.399678 0.0446275 9.9982E-05
0.0215567 0.0969369 9.9973E-05 0.008484 0.0866034 9.9973E-05 0.193479 0.525489 0.0671505 9.9973E-05
0.043026 9.9973E-05 0.0652981 9.9973E-05 9.9973E-05 0.0553842 0.572379 0.144819 0.069185 0.0496091
0.133 0.0523305 0.119962 9.9964E-05 0.0558171 9.9964E-05 0.096547 0.541944 9.9964E-05 9.9964E-05
9.9964E-05 0.0899838 0.17382 0.648751 9.9964E-05 0.0190362 9.9964E-05 0.0375331 9.9964E-05 0.0304757
9.9982E-05 0.00540594 0.270447 0.368281 0.0583781 0.0117686 0.193008 9.9982E-05 0.0509871 0.0415243
9.9964E-05 0.0483296 0.0529303 9.9964E-05 9.9964E-05 0.0373382 0.333112 0.428154 0.0997365 9.9964E-05
0.0235062 0.0369378 0.138857 9.9964E-05 9.9964E-05 0.043731 0.516228 0.24034 9.9964E-05 9.9964E-05
0.0693003 0.101438 9.9955E-05 9.9955E-05 9.9955E-05 9.9955E-05 0.217698 0.560583 9.9955E-05 0.050481
9.9955E-05 0.0278947 0.459611 0.303967 9.9955E-05 9.9955E-05 9.9955E-05 0.180407 0.0276215 9.9955E-05
9.9946E-05 0.040364 0.0655264 0.871849 9.9946E-05 9.9946E-05 0.0216606 9.9946E-05 9.9946E-05 9.9946E-05
9.9964E-05 0.0673104 0.245029 0.37025 9.9964E-05 9.9964E-05 0.0675708 0.227349 9.9964E-05 0.0220914
9.9955E-05 0.0658475 9.9955E-05 9.9955E-05 0.0101078 9.9955E-05 0.143339 0.731909 9.9955E-05 0.0482965
0.016667 0.0513245 0.0217072 0.0621214 9.9991E-05 0.0819734 0.245555 0.441167 0.0727495 0.00663599
0.0245665 0.0049733 9.9973E-05 0.0114541 9.9973E-05 0.214847 0.514582 0.19475 0.0345269 9.9973E-05
9.9955E-05 0.0457164 9.9955E-05 9.9955E-05 9.9955E-05 0.0846908 0.536443 0.303185 9.9955E-05 0.0294656
0.0849035 9.9946E-05 0.0904911 0.817203 9.9946E-05 9.9946E-05 0.00680304 9.9946E-05 9.9946E-05 9.9946E-05
0.00673484 0.0086578 9.9982E-05 0.0204049 9.9982E-05 0.00398824 0.33247 0.466415 0.0772359 0.083893
0.064404 0.110123 0.00200769 9.9973E-05 0.100564 9.9973E-05 0.355954 0.317786 0.0488623 9.9973E-05
0.0777545 0.0193049 9.9973E-05 0.105966 9.9973E-05 9.9973E-05 0.27412 0.472007 0.0441176 0.00643005
9.99639E-05 0.0176722 0.150006 0.560226 9.99639E-05 9.99639E-05 0.0359394 0.13732 9.99639E-05 0.0984362
0.013258 0.0664023 0.039992 9.9973E-05 0.0089496 9.9973E-05 0.183974 0.678198 9.9973E-05 0.00892614
9.9973E-05 0.0701245 0.12215 0.0269671 0.0909309 9.9973E-05 0.15457 0.523422 0.0115357 9.9973E-05
0.0488875 0.0152551 9.9973E-05 0.00414697 9.9973E-05 0.0919447 0.167797 0.63438 0.0372881 9.9973E-05
9.9973E-05 0.0230323 0.20088 0.0219642 9.9973E-05 0.229839 0.231074 0.199988 9.9973E-05 0.0929231
0.0405738 9.9955E-05 9.9955E-05 0.550784 9.9955E-05 0.0935267 0.240319 9.9955E-05 9.9955E-05 0.074296
9.9955E-05 0.0599507 0.0298932 0.791516 9.9955E-05 9.9955E-05 0.0310589 9.9955E-05 9.9955E-05 0.0870817
0.105609 0.0650179 0.397052 9.9973E-05 9.9973E-05 0.0739465 0.00803314 0.349516 0.000525527 9.9973E-05
0.078816 0.120485 0.0749784 9.9982E-05 9.9982E-05 0.0906175 0.0170956 0.491149 0.0869388 0.0397196
0.0888278 0.00787414 0.154897 9.9973E-05 9.9973E-05 0.0221868 0.0782325 0.570517 0.0771643 9.9973E-05
0.0777716 9.9964E-05 0.319975 9.9964E-05 9.9964E-05 0.0103799 9.9964E-05 0.473321 0.0715144 0.0466382
0.0595634 9.9973E-05 0.266168 0.329214 9.9973E-05 0.0157764 0.0645024 0.249634 9.9973E-05 0.0148419
0.000810343 9.9973E-05 0.257507 9.9973E-05 0.157434 0.0660897 0.465979 0.00048846 0.0513913 9.9973E-05
9.9964E-05 9.9964E-05 9.9964E-05 0.192527 9.9964E-05 0.0616255 0.181128 0.513862 0.0354124 0.0150456
9.99201E-05 0.999101 9.99201E-05 9.99201E-05 9.99201E-05 9.99201E-05 9.99201E-05 9.99201E-05 9.99201E-05 9.99201E-05
9.9982E-05 0.0653872 0.0277437 0.547225 0.0190071 0.0729161 0.057332 0.201816 0.00837321 9.9982E-05
0.0145943 0.00271615 0.084303 0.258339 9.9982E-05 0.100466 0.254806 0.282502 9.9982E-05 0.00207369
9.99201E-05 0.999101 9.99201E-05 9.99201E-05 9.99201E-05 9.99201E-05 9.99201E-05 9.99201E-05 9.99201E-05 9.99201E-05
0.00903148 0.0937058 0.176317 0.504105 9.9982E-05 9.9982E-05 0.0557404 0.0548041 0.07222 0.0338763
0.0185049 9.9955E-05 0.273603 0.115132 9.9955E-05 9.9955E-05 0.246634 0.345626 9.9955E-05 9.9955E-05
0.00329905 0.00860561 0.237985 0.318671 9.9991E-05 0.073784 0.111274 0.111212 0.027591 0.107477
0.1061 9.9964E-05 0.29888 0.187003 9.9964E-05 9.9964E-05 9.9964E-05 0.327267 0.0604004 0.0199486
0.089291 0.0309993 0.525675 0.0758353 0.0354104 9.9973E-05 0.234801 9.9973E-05 0.0076885 9.9973E-05
0.0195797 9.9964E-05 0.361775 0.563504 9.9964E-05 0.0076148 9.9964E-05 0.00943349 0.0376934 9.9964E-05
0.0713401 0.0154865 0.0665177 0.271963 9.9982E-05 0.125942 0.261926 0.178582 9.9982E-05 0.00804364
0.0583483 0.0475626 0.478382 0.0902474 9.9982E-05 0.00255375 0.175498 0.11962 9.9982E-05 0.0275879
0.187287 0.0323958 0.074188 9.9982E-05 9.9982E-05 0.121896 0.239082 0.295383 0.00218107 0.0473881
9.9964E-05 9.9964E-05 9.9964E-05 0.00507416 9.9964E-05 0.193324 0.468457 0.193677 0.0775565 0.0615117
9.9973E-05 0.0767085 0.00316402 9.9973E-05 0.13447 9.9973E-05 0.0307597 0.589464 0.104083 0.0610506
0.0638015 9.9955E-05 0.399101 9.9955E-05 9.9955E-05 9.9955E-05 0.0996079 0.383697 0.0532926 9.9955E-05
9.9973E-05 0.00261743 0.0728711 0.301251 9.9973E-05 9.9973E-05 0.136215 0.435909 0.0150891 0.0357485
0.0708534 9.9973E-05 0.0896427 0.625456 9.9973E-05 9.9973E-05 0.0944773 0.0817491 0.0209039 0.016618
0.0687363 9.9973E-05 0.345383 0.347758 0.0825198 9.9973E-05 0.0700059 0.016938 0.0683595 9.9973E-05
0.198892 0.104832 0.237137 9.9964E-05 9.9964E-05 9.9964E-05 9.9964E-05 0.390511 0.0627439 0.00548332
0.140595 0.100935 0.193385 9.9982E-05 9.9982E-05 0.137478 0.150325 0.242053 0.0316585 0.00337156
9.9946E-05 0.0138864 0.139808 0.761446 9.9946E-05 9.9946E-05 9.9946E-05 9.9946E-05 0.0842603 9.9946E-05
0.0646645 0.0463717 0.171372 9.9982E-05 0.0810584 9.9982E-05 0.0894477 0.48572 0.0403581 0.0208074
0.080687 0.0341305 9.9973E-05 0.0305622 9.9973E-05 9.9973E-05 0.376682 0.404407 0.0452409 0.0279909
0.0622174 0.0087568 0.0753392 0.153013 9.9991E-05 0.0163829 0.232787 0.373056 0.0270746 0.0512741
0.0231949 0.0675882 0.119682 9.9982E-05 0.0921074 9.9982E-05 0.129096 0.461032 0.0625456 0.0445543
0.200352 0.0106102 0.403768 0.0849209 9.9982E-05 9.9982E-05 0.015129 0.219739 0.00202941 0.0632507
0.127468 0.11144 0.262848 0.0171204 9.9991E-05 0.0302445 0.070349 0.283171 0.0362999 0.0609582
0.0205943 0.086608 0.0185017 0.0412481 9.9991E-05 0.0692184 0.21458 0.32619 0.13139 0.0915705
0.0353981 0.0347227 0.116624 9.9973E-05 9.9973E-05 0.0639261 0.15561 0.532521 0.0608978 9.9973E-05
9.9955E-05 0.1015 9.9955E-05 9.9955E-05 0.053084 9.9955E-05 0.366243 0.435342 9.9955E-05 0.0433311
0.121388 0.0167417 0.328426 0.075702 9.9982E-05 0.00628998 9.9982E-05 0.379972 0.0513449 0.0199353
9.9973E-05 0.0753186 0.25922 0.440041 0.0102879 0.0147353 0.128761 0.0713353 9.9973E-05 9.9973E-05
9.9973E-05 0.106606 0.351116 0.16706 9.9973E-05 0.0462714 9.9973E-05 0.304106 0.020381 0.00415977
0.0194851 0.115299 0.326683 0.00259659 0.0485635 0.0528194 0.142781 0.252796 0.0388756 9.9991E-05
9.9973E-05 0.0497164 0.139802 0.117864 9.9973E-05 0.121489 0.355081 0.0918127 9.9973E-05 0.123935
9.9973E-05 0.0151875 0.306448 0.0603413 9.9973E-05 9.9973E-05 0.228859 0.253429 0.0819681 0.0534669
9.9946E-05 9.9946E-05 0.0621733 0.877042 0.000163625 9.9946E-05 9.9946E-05 9.9946E-05 0.0600211 9.9946E-05
9.9964E-05 0.0474193 0.378996 0.0117926 0.0500186 9.9964E-05 0.199709 0.311664 9.9964E-05 9.9964E-05
9.9955E-05 0.0873612 0.313053 0.176071 9.9955E-05 9.9955E-05 0.419269 9.9955E-05 0.00374565 9.9955E-05
0.0718921 0.108065 0.312739 9.9973E-05 0.080131 9.9973E-05 0.250516 0.121312 9.9973E-05 0.0550453
9.9964E-05 9.9964E-05 0.401456 0.123787 9.9964E-05 9.9964E-05 0.281109 0.104749 0.0815868 0.00691343
0.127608 9.9973E-05 0.216648 0.479143 9.9973E-05 0.0410073 0.120406 0.00948786 0.0054011 9.9973E-05
0.1162 9.9964E-05 0.163304 0.339072 9.9964E-05 9.9964E-05 0.354706 0.021559 9.9964E-05 0.00475891
9.99459E-05 9.99459E-05 9.99459E-05 0.561325 9.99459E-05 9.99459E-05 0.267376 0.106871 9.99459E-05 0.0638288
9.9955E-05 0.000119185 0.275079 9.9955E-05 9.9955E-05 9.9955E-05 0.249666 0.422017 0.0526197 9.9955E-05
0.0982904 0.00749654 0.216833 0.646924 9.9955E-05 9.9955E-05 9.9955E-05 9.9955E-05 0.0299565 9.9955E-05
0.0328351 9.9973E-05 0.264149 0.315273 9.9973E-05 0.0180315 0.214576 0.0936711 0.0611648 9.9973E-05
0.179258 9.9973E-05 0.144716 9.9973E-05 9.9973E-05 0.0113676 0.0719198 0.47918 0.0281013 0.0851569
9.99461E-05 9.99461E-05 0.0647715 0.889597 9.99461E-05 9.99461E-05 9.99461E-05 9.99461E-05 0.0050376 0.039994
0.0244748 9.9955E-05 0.416906 0.422186 9.9955E-05 9.9955E-05 9.9955E-05 0.135599 9.9955E-05 0.00033457
0.0366268 0.0563982 0.303057 0.00768109 9.9982E-05 0.0471335 0.0651368 0.419818 9.9982E-05 0.0639479
9.9964E-05 9.9964E-05 0.202065 0.379344 9.9964E-05 0.00319812 0.216237 0.189076 0.00967961 9.9964E-05
0.0312217 0.0812899 0.0571509 0.100955 9.9982E-05 0.0428176 0.187298 0.483541 0.0155255 9.9982E-05
0.0359264 0.0130883 0.152846 9.9991E-05 0.0554801 0.037626 0.305281 0.347519 0.0457386 0.00639508
0.0664086 9.9973E-05 0.21283 0.256119 9.9973E-05 0.0138183 9.9973E-05 0.337436 0.0788078 0.0342798
9.9964E-05 9.9964E-05 0.200605 9.9964E-05 9.9964E-05 0.0608521 0.322062 0.38495 0.0171048 0.0140259
9.9937E-05 9.9937E-05 0.247759 9.9937E-05 9.9937E-05 9.9937E-05 0.362612 0.38893 9.9937E-05 9.9937E-05
0.098894 0.0614354 0.238964 9.9964E-05 9.9964E-05 0.123202 0.10197 0.375135 9.9964E-05 9.9964E-05
9.9982E-05 0.0731207 0.321587 0.15322 9.9982E-05 0.00426295 0.0812747 0.194625 0.106308 0.0654023
0.0059571 9.9973E-05 9.9973E-05 0.321573 0.00467717 9.9973E-05 0.18413 0.46961 0.0110981 0.0026554
0.0880352 0.0433141 0.0228308 9.9991E-05 0.0582515 0.0350935 0.150924 0.492253 0.0658794 0.0433178
9.9982E-05 0.0232105 0.0774402 0.0955884 0.0665206 0.0316957 0.17955 0.482376 0.043419 9.9982E-05
0.0684987 0.0400295 0.267142 9.9991E-05 0.0307518 0.17125 0.121401 0.234335 0.0213764 0.0451163
0.0875301 0.0653028 0.321144 9.9973E-05 0.00236119 0.0171084 9.9973E-05 0.471094 0.0351597 9.9973E-05
0.0995729 9.9964E-05 0.352406 0.214554 9.9964E-05 0.015951 0.228555 9.9964E-05 0.0885618 9.9964E-05
9.9955E-05 0.0896662 0.0233045 9.9955E-05 9.9955E-05 0.0477592 9.9955E-05 0.80142 0.0373505 9.9955E-05
0.0571775 0.0514447 0.283598 9.9964E-05 0.0886285 9.9964E-05 0.360835 0.157916 9.9964E-05 9.9964E-05
0.0530766 0.00909723 0.179588 9.9991E-05 0.119424 0.0691178 0.0431653 0.418442 0.056745 0.0512444
0.00620432 0.0438938 0.043129 9.9982E-05 0.142554 0.107923 0.0630608 0.452507 0.140529 9.9982E-05
0.0686003 0.0271694 0.16762 0.222377 9.9982E-05 0.199904 0.125622 0.162724 0.0257838 9.9982E-05
9.9964E-05 0.0428635 9.9964E-05 0.00653842 9.9964E-05 9.9964E-05 0.292132 0.488643 0.0953614 0.0740615
9.9973E-05 0.0499442 0.415382 0.0772813 9.9973E-05 0.0104085 0.158638 0.252999 9.9973E-05 0.0350469
0.187324 0.0362535 0.0810493 0.0190093 9.9982E-05 9.9982E-05 0.178339 0.425833 0.0607117 0.01128
9.9964E-05 0.00557374 9.9964E-05 9.9964E-05 9.9964E-05 0.126234 0.225519 0.537844 0.0973942 0.00703572
9.9973E-05 0.0278668 0.176638 9.9973E-05 0.0601 0.0873911 0.146621 0.435754 0.0653296 9.9973E-05
9.9973E-05 9.9973E-05 0.0582297 0.326398 9.9973E-05 0.0510601 0.0984383 0.291183 0.0797156 0.0946758
9.9964E-05 9.9964E-05 0.215364 0.352422 0.00106526 0.0805912 0.336623 9.9964E-05 0.0135346 9.9964E-05
9.9937E-05 0.0574903 9.9937E-05 9.9937E-05 9.9937E-05 9.9937E-05 0.215972 0.725839 9.9937E-05 9.9937E-05
0.13865 0.11426 9.9964E-05 9.9964E-05 0.0493672 9.9964E-05 0.130162 0.565329 9.9964E-05 0.00183159
0.0175198 0.00537007 0.0052284 9.9973E-05 9.9973E-05 9.9973E-05 0.0694705 0.75166 0.0533028 0.0971483
9.9973E-05 0.0683379 0.338589 9.9973E-05 0.00784473 9.9973E-05 0.0989442 0.382303 0.073885 0.0297966
0.0239034 0.16939 0.264344 0.22952 9.9982E-05 0.0239981 0.105395 0.170915 9.9982E-05 0.0123342
9.9982E-05 0.0345586 0.308183 0.116871 9.9982E-05 0.111637 0.229758 0.102353 0.0698954 0.0265446
9.9973E-05 0.0340146 0.137195 9.9973E-05 0.0715862 0.177162 0.196923 0.342497 9.9973E-05 0.0403223
0.120939 0.0372565 0.094031 0.531097 9.9991E-05 0.0803793 0.0891186 0.00980753 0.0187845 0.0184865
0.0215157 9.9973E-05 0.111862 0.147187 9.9973E-05 0.0225486 0.100785 0.534537 9.9973E-05 0.0612656
9.9982E-05 0.0594654 0.325526 0.0626574 0.00784177 0.179278 0.280934 0.0359092 9.9982E-05 0.048188
0.00239351 0.0303611 0.179778 0.655862 9.9973E-05 9.9973E-05 9.9973E-05 0.115656 0.000689165 0.0149598
0.11574 0.0276262 0.449797 9.9964E-05 9.9964E-05 0.0714256 9.9964E-05 0.312208 9.9964E-05 0.0228032
0.045767 0.0749807 0.129959 9.9982E-05 9.9982E-05 0.0817041 0.248743 0.32728 0.0623808 0.0289856
0.0127633 0.0657432 0.0180668 0.0397185 9.9973E-05 0.074858 0.341653 0.446897 9.9973E-05 9.9973E-05
0.0380627 0.0085974 0.0402423 9.9982E-05 9.9982E-05 0.0536953 0.249376 0.54898 0.0148052 0.0460418
0.0026884 0.0274228 0.3621 9.9991E-05 0.0456303 0.0763926 0.196829 0.127064 0.0842565 0.0775166
9.9973E-05 0.101728 0.21442 0.0161606 0.0150086 0.0289885 0.10233 0.521064 9.9973E-05 9.9973E-05
0.128731 9.9955E-05 0.0863167 9.9955E-05 9.9955E-05 9.9955E-05 0.227952 0.51934 0.0371608 9.9955E-05
9.9964E-05 0.0535215 0.0146568 9.9964E-05 9.9964E-05 9.9964E-05 0.403882 0.425686 0.0545418 0.0473114
0.14442 0.0681987 0.269632 0.11605 9.9973E-05 9.9973E-05 9.9973E-05 0.389683 0.00639867 0.0053182
9.9964E-05 0.0787134 0.079689 9.9964E-05 9.9964E-05 9.9964E-05 0.166188 0.558409 0.0515475 0.0650526
9.9955E-05 0.0672512 0.0278098 9.9955E-05 9.9955E-05 9.9955E-05 0.268263 0.511059 0.125117 9.9955E-05
9.99371E-05 0.0445164 0.853042 9.99371E-05 9.99371E-05 9.99371E-05 0.101742 9.99371E-05 9.99371E-05 9.99371E-05
9.9973E-05 0.0272106 0.129083 9.9973E-05 9.9973E-05 0.126167 0.403783 0.231033 0.0778289 0.00459415
9.9964E-05 0.05216 0.161626 9.9964E-05 9.9964E-05 0.0653384 0.395361 0.303427 9.9964E-05 0.0216878
0.0719294 0.00591882 0.0601928 0.287028 9.9973E-05 9.9973E-05 0.548693 9.9973E-05 0.000182155 0.0257552
9.9973E-05 0.0554304 0.12401 0.255673 9.9973E-05 9.9973E-05 0.268148 0.258904 0.0255306 0.012004
9.9973E-05 0.00331155 0.137771 0.0409138 9.9973E-05 9.9973E-05 0.179943 0.581245 0.0476278 0.00888822
0.0682001 9.9973E-05 0.110144 0.509104 9.9973E-05 9.9973E-05 0.14483 0.118779 0.0173606 0.0312817
0.0170304 0.0343445 0.268657 9.9982E-05 9.9982E-05 0.109289 0.375292 0.167179 0.000505312 0.0275028
9.9946E-05 9.9946E-05 0.139843 0.299794 9.9946E-05 9.9946E-05 0.282113 0.27765 9.9946E-05 9.9946E-05
0.0101531 0.00179242 0.0690962 0.0107365 0.0955011 0.0138849 0.257018 0.470648 0.0710698 9.9991E-05
9.9973E-05 0.0697813 0.633241 0.0269643 9.9973E-05 0.0831809 9.9973E-05 0.0447003 0.0690045 0.0728273
9.9982E-05 0.0746236 0.265193 0.185844 0.118137 9.9982E-05 0.13875 0.157956 0.0064182 0.0528784
0.0156056 0.0739606 0.075084 0.368677 9.9964E-05 9.9964E-05 0.421895 9.9964E-05 0.0443772 9.9964E-05
0.048913 9.9955E-05 0.375744 9.9955E-05 9.9955E-05 9.9955E-05 0.125418 0.41772 0.0317054 9.9955E-05
0.0695843 0.0657922 0.230225 9.9982E-05 9.9982E-05 0.0243841 0.322441 0.189739 0.0361586 0.0614757
9.9955E-05 9.9955E-05 0.240367 0.247843 9.9955E-05 0.0334357 0.440771 9.9955E-05 9.9955E-05 0.037083
9.9964E-05 9.9964E-05 0.227762 0.0145705 9.9964E-05 0.17362 0.395193 0.0937303 0.0947247 9.9964E-05
0.00690596 9.9973E-05 0.121603 9.9973E-05 0.0435626 0.000983364 0.405264 0.408001 0.0133801 9.9973E-05
9.9955E-05 0.0063965 9.9955E-05 0.795014 9.9955E-05 0.0524726 9.9955E-05 0.0623965 9.9955E-05 0.0832205
9.9982E-05 0.0518335 0.160313 0.0152431 9.9982E-05 0.0616059 0.237532 0.356257 0.0981148 0.0189008
9.9946E-05 9.9946E-05 0.210769 9.9946E-05 9.9946E-05 9.9946E-05 0.219258 0.536335 9.9946E-05 0.0330392
0.0926521 9.9973E-05 0.10107 0.0186544 9.9973E-05 9.9973E-05 0.524889 0.227016 0.0306219 0.00479699
0.093526 0.0924584 0.095627 0.0389256 9.9982E-05 9.9982E-05 0.163442 0.384557 0.0734633 0.0578001
0.00392907 0.045575 0.0924081 0.0132154 9.9991E-05 0.0881855 0.200426 0.477283 0.0554817 0.0233962
0.022517 0.0264007 0.132845 0.00491284 9.9982E-05 9.9982E-05 0.246675 0.460266 0.0817908 0.0243923
0.156787 0.0282597 0.0317656 0.0717883 9.9973E-05 9.9973E-05 0.323888 0.358793 9.9973E-05 0.0284191
0.00978713 9.9973E-05 0.159665 0.092832 9.9973E-05 0.00756499 0.360561 0.2602 9.9973E-05 0.10909
9.9982E-05 0.00579559 0.154439 0.513837 9.9982E-05 0.0914419 0.116728 0.104748 0.00612296 0.00668758
9.9955E-05 0.0055634 0.247444 9.9955E-05 0.00970337 9.9955E-05 0.421555 0.315235 9.9955E-05 9.9955E-05
0.0100558 0.0172023 9.9955E-05 9.9955E-05 9.9955E-05 0.0730596 0.457204 0.441978 9.9955E-05 9.9955E-05
9.9982E-05 0.0611531 0.360838 0.0586663 9.9982E-05 0.112085 0.00313953 0.343039 0.00413625 0.0567417
9.9982E-05 0.0535034 0.129966 0.383287 9.9982E-05 0.0964508 0.145637 0.165159 0.00908534 0.0167119
9.9955E-05 0.0494071 9.9955E-05 9.9955E-05 9.9955E-05 0.189198 0.242213 0.445261 0.0734209 9.9955E-05
9.9964E-05 0.0311108 0.155132 0.215454 9.9964E-05 9.9964E-05 0.316668 0.244503 0.036732 9.9964E-05
0.0669856 9.9982E-05 0.0675231 0.0163471 9.9982E-05 0.00444406 0.24101 0.479122 0.102108 0.0222606
9.9973E-05 0.0497476 0.235595 0.239671 0.0192073 9.9973E-05 0.11653 0.302308 9.9973E-05 0.0366402
9.9982E-05 0.0352647 0.162785 0.0932351 0.10007 0.0090357 0.237027 0.318831 0.043551 9.9982E-05
9.9964E-05 0.0585777 0.205213 0.3915 9.9964E-05 0.109582 0.168447 9.9964E-05 0.06628 9.9964E-05
9.9955E-05 9.9955E-05 0.0675658 0.195846 9.9955E-05 9.9955E-05 0.495272 0.167558 0.0732588 9.9955E-05
0.0931373 0.105237 0.174248 0.0106109 0.0106547 0.0349897 0.12092 0.400276 9.9991E-05 0.0498261
0.0057787 9.9973E-05 0.147834 0.196262 9.9973E-05 0.168928 0.408087 0.0153802 9.9973E-05 0.0574307
9.9973E-05 0.0755167 0.190525 9.9973E-05 9.9973E-05 0.0873284 0.226844 0.323641 0.0640191 0.0318261
0.0795789 0.0980625 0.118837 0.0394636 9.9982E-05 9.9982E-05 0.282463 0.373155 0.00283208 0.00540847
0.049961 0.0993595 0.228916 9.9973E-05 9.9973E-05 0.0717464 0.0874287 0.43929 9.9973E-05 0.022998
9.9991E-05 0.14144 0.161364 0.230526 0.0166634 0.0422983 0.189474 0.172806 0.0321571 0.0131707
9.9955E-05 0.0296837 0.440455 9.9955E-05 0.0179548 9.9955E-05 0.21413 0.297277 9.9955E-05 9.9955E-05
0.137747 9.9964E-05 0.22624 9.9964E-05 9.9964E-05 0.127717 0.140362 0.355464 0.01207 9.9964E-05
9.9964E-05 0.0947045 9.9964E-05 9.9964E-05 0.0314862 9.9964E-05 0.305091 0.497977 0.0602045 0.0101368
9.9964E-05 9.9964E-05 0.0462261 0.547638 9.9964E-05 0.0421929 0.135252 0.20523 0.0230618 9.9964E-05
0.0794755 9.9946E-05 9.9946E-05 0.842764 9.9946E-05 9.9946E-05 9.9946E-05 0.067774 9.9946E-05 0.00938696
9.9973E-05 0.0524081 0.1483 0.101685 0.0500027 0.0242087 9.9973E-05 0.543008 0.0800874 9.9973E-05
0.0112326 0.00961623 0.195251 0.024805 9.9991E-05 0.195826 0.234093 0.251831 0.038058 0.039188
0.0543673 0.0325458 0.36859 0.0572212 0.0523828 0.0968545 0.0669985 0.239654 0.0302145 0.0011722
0.0660196 9.9973E-05 0.487263 0.113963 9.9973E-05 9.9973E-05 0.146705 0.146548 0.0316299 0.00757229
0.0531336 0.0105356 0.220477 0.178351 0.0333609 9.9982E-05 0.250963 0.239753 9.9982E-05 0.0132267
0.0789815 9.9982E-05 0.069109 0.118176 9.9982E-05 0.0572024 0.162616 0.359517 0.119729 0.0344694
0.0856112 0.115344 0.151676 9.9982E-05 0.0305165 9.9982E-05 0.00879852 0.477673 0.0563211 0.0738592
9.9964E-05 0.0511924 0.131971 9.9964E-05 0.00344563 0.119732 0.151216 0.542042 9.9964E-05 9.9964E-05
0.130997 0.0463928 0.0136988 0.0206569 9.9982E-05 9.9982E-05 0.229119 0.47644 0.0534613 0.0290348
0.110435 9.9964E-05 0.0452255 9.9964E-05 0.0692757 9.9964E-05 0.434796 0.271484 0.0683845 9.9964E-05
9.9946E-05 0.0209835 9.9946E-05 9.9946E-05 0.0084803 9.9946E-05 0.559093 0.410844 9.9946E-05 9.9946E-05
0.105333 0.0262323 0.109042 9.9964E-05 9.9964E-05 0.0501049 0.390294 0.318594 9.9964E-05 9.9964E-05
0.044823 0.126571 0.37319 9.9973E-05 0.00478107 0.0156269 0.377647 9.9973E-05 9.9973E-05 0.0570611
9.9955E-05 0.0547875 0.0777613 9.9955E-05 0.115495 9.9955E-05 0.130522 0.620934 9.9955E-05 9.9955E-05
0.0370667 0.108269 9.9982E-05 0.0954338 9.9982E-05 0.11811 0.183268 0.350376 0.0927493 0.0145273
0.0509187 0.08462 0.227432 9.9982E-05 9.9982E-05 0.0433988 0.0406858 0.454708 0.0857619 0.0122745
0.0356395 9.9973E-05 0.319641 0.0245826 0.0133886 9.9973E-05 0.0987808 0.426618 0.0810492 9.9973E-05
0.036995 0.0738462 9.9982E-05 0.109377 9.9982E-05 0.0961035 0.273376 0.367244 0.0364125 0.00644641
9.9964E-05 0.0204983 9.9964E-05 0.490935 9.9964E-05 0.0668173 0.321826 9.9964E-05 0.0444777 0.0550456
0.0225814 9.9982E-05 0.161839 0.368805 0.00905171 0.07647 0.129059 0.222364 0.00962964 9.9982E-05
0.0734964 9.9964E-05 9.9964E-05 0.762371 9.9964E-05 0.0144634 0.00615394 0.0822716 9.9964E-05 0.0608435
0.11372 0.0433008 0.140068 9.9973E-05 9.9973E-05 0.0176729 9.9973E-05 0.627068 0.0344342 0.0234354
0.0689831 9.9937E-05 9.9937E-05 0.683731 9.9937E-05 9.9937E-05 0.246587 9.9937E-05 9.9937E-05 9.9937E-05
0.0271774 0.0548177 0.184245 0.617101 0.0024249 9.9973E-05 9.9973E-05 0.0760987 9.9973E-05 0.0378362
0.0520304 0.082776 0.150004 9.9982E-05 9.9982E-05 0.168557 0.0948665 0.358629 0.0214736 0.0714638
9.9964E-05 0.0552763 9.9964E-05 9.9964E-05 9.9964E-05 0.0306842 0.14429 0.580905 0.105206 0.0832395
9.9964E-05 0.04692 9.9964E-05 9.9964E-05 9.9964E-05 0.0443769 0.386591 0.399688 0.116672 0.00535238
9.9946E-05 9.9946E-05 0.240932 0.618679 9.9946E-05 0.0394018 0.100387 9.9946E-05 9.9946E-05 9.9946E-05
0.00735509 0.0349409 0.0656547 9.9973E-05 0.0640604 9.9973E-05 0.413023 0.353734 0.0609324 9.9973E-05
9.9973E-05 0.0531425 0.299909 0.33455 9.9973E-05 0.11816 0.0668936 0.0909431 9.9973E-05 0.0361016
9.9964E-05 0.172863 9.9964E-05 0.0309401 9.9964E-05 0.0246872 0.0271767 0.650918 0.093015 9.9964E-05
0.111909 0.0396202 0.0647673 0.732395 0.000878032 9.9982E-05 0.0216215 9.9982E-05 0.0188586 0.00975032
9.9973E-05 9.9973E-05 0.292872 0.119588 0.0681346 9.9973E-05 0.197974 0.246974 0.0671449 0.00701358
0.00533269 0.0357182 0.0290816 9.9973E-05 9.9973E-05 0.0066901 0.341368 0.556678 9.9973E-05 0.0248309
9.9955E-05 9.9955E-05 0.0309949 9.9955E-05 9.9955E-05 0.0348546 0.479127 0.388868 0.0656555 9.9955E-05
9.9964E-05 0.0862123 0.114831 9.9964E-05 0.0532302 9.9964E-05 0.188718 0.492342 0.0642658 9.9964E-05
9.9964E-05 9.9964E-05 0.0206044 0.686225 0.0208705 9.9964E-05 0.211535 0.000875813 0.05949 9.9964E-05
0.0198921 0.0509816 0.177161 0.189652 9.9982E-05 9.9982E-05 0.00916224 0.405154 0.0789906 0.068806
0.124602 0.0109472 0.222198 0.310525 0.0922199 9.9991E-05 0.120104 0.109922 0.00311612 0.00626616
0.0127846 0.0906829 9.9982E-05 0.00569852 9.9982E-05 0.0425293 0.172023 0.451721 0.17346 0.0509003
0.0159071 0.0434666 0.259449 0.567144 0.0425868 9.9973E-05 0.0559275 9.9973E-05 9.9973E-05 0.0152189
0.0231741 0.0198254 0.23764 0.0588717 0.116984 0.0626883 9.9991E-05 0.422378 0.0171353 0.0412032
0.0268663 9.9964E-05 0.420176 0.282567 0.0134724 9.9964E-05 9.9964E-05 0.228166 9.9964E-05 0.0283528
0.0553772 0.0483334 0.0556235 9.9982E-05 0.0516142 0.0711434 0.279441 0.414416 0.0238516 9.9982E-05
0.0830966 0.0209758 0.381459 0.0796211 9.9964E-05 9.9964E-05 9.9964E-05 0.350553 9.9964E-05 0.0838948
0.0532302 0.0017702 0.117568 0.48091 9.9982E-05 0.0523633 0.121994 0.127679 0.0442855 9.9982E-05
0.00282973 0.0949931 9.9964E-05 9.9964E-05 9.9964E-05 0.186378 0.415247 0.232315 0.0678363 9.9964E-05
9.9973E-05 0.0578059 0.0847054 0.0422277 9.9973E-05 9.9973E-05 0.235986 0.383001 0.147632 0.0483424
9.9964E-05 0.0259251 0.160461 9.9964E-05 9.9964E-05 0.140224 0.22437 0.414003 9.9964E-05 0.0346176
0.0557995 0.0114892 9.9982E-05 0.0439793 9.9982E-05 0.108954 0.121414 0.624759 0.0279542 0.00545064
9.9964E-05 0.0283324 0.36658 0.327316 9.9964E-05 9.9964E-05 9.9964E-05 0.178584 0.077329 0.0214593
0.0420002 0.00206784 0.226509 9.9991E-05 0.0823338 0.0326093 0.201896 0.337893 0.0587783 0.0158133
9.9946E-05 9.9946E-05 9.9946E-05 9.9946E-05 9.9946E-05 9.9946E-05 0.112821 0.781604 0.092708 0.0122678
9.9973E-05 0.0453375 0.0245782 0.0498738 9.9973E-05 0.0885689 0.371509 0.401623 0.0182098 9.9973E-05
0.0269871 0.0219636 0.165909 0.413376 9.9973E-05 9.9973E-05 0.188823 9.9973E-05 0.0957453 0.0868951
9.99783E-05 0.0921626 0.166216 0.225994 9.99783E-05 9.99783E-05 0.0583586 0.360598 0.037769 0.0586019
0.0460202 0.0114806 0.153801 0.0310437 9.9991E-05 0.116328 0.0875871 0.478508 0.06358 0.0115512
0.0563227 0.0862359 0.51879 0.00398154 9.9973E-05 0.247773 0.0619514 0.0246457 9.9973E-05 9.9973E-05
0.0698056 0.0492443 0.21616 0.156931 9.9982E-05 0.0691605 9.9982E-05 0.284561 0.0821686 0.071769
0.0572092 0.00335886 0.380142 9.9982E-05 9.9982E-05 0.100906 0.244242 0.168614 0.0358127 0.00951472
0.0602632 0.0770151 0.179787 0.304053 0.0431766 9.9991E-05 0.170745 0.0378183 0.0525597 0.0744822
0.0283769 0.0986959 0.442814 9.9973E-05 0.0172717 0.108998 0.170979 0.132565 9.9973E-05 9.9973E-05
9.9973E-05 0.0122251 0.208104 0.365895 0.00645988 9.9973E-05 0.135122 0.26039 0.011504 9.9973E-05
0.031697 9.9964E-05 0.0455894 9.9964E-05 9.9964E-05 9.9964E-05 0.30271 0.505885 0.00667718 0.107041
0.0434031 0.0131304 0.0273358 9.9973E-05 0.00409561 9.9973E-05 0.40099 0.439964 0.0707815 9.9973E-05
0.0629643 0.0117271 0.155686 0.0142276 9.9973E-05 0.0669429 0.146507 0.541645 9.9973E-05 9.9973E-05
9.9964E-05 0.0731004 9.9964E-05 9.9964E-05 9.9964E-05 0.00190725 0.146705 0.691932 0.0743249 0.0116308
0.146972 0.0974546 9.9973E-05 9.9973E-05 0.0242607 9.9973E-05 0.374338 0.219003 0.0651279 0.0725437
0.061286 0.00568931 0.115323 9.9973E-05 9.9973E-05 0.171586 0.274391 0.336581 0.0348438 9.9973E-05
0.131794 9.9973E-05 0.335893 0.192323 9.9973E-05 0.00410713 0.221881 0.0926534 0.0210483 9.9973E-05
9.9955E-05 9.9955E-05 0.47426 9.9955E-05 0.0717498 9.9955E-05 0.131491 0.295357 9.9955E-05 0.026642
0.0570327 9.9964E-05 0.102149 9.9964E-05 9.9964E-05 0.0160127 0.447806 0.366191 0.0104082 9.9964E-05
9.9973E-05 0.00301686 0.124643 0.091847 9.9973E-05 9.9973E-05 0.279569 0.357875 0.0499506 0.0927993
0.00617946 0.0573332 0.328857 0.0405436 9.9973E-05 9.9973E-05 0.175592 0.264684 0.126511 9.9973E-05
0.0385771 9.9982E-05 0.569029 0.157777 0.0718105 0.0123704 0.0735251 0.045071 0.0316398 9.9982E-05
0.058901 0.0619868 0.0161609 9.9991E-05 0.00707738 0.168373 0.171802 0.460469 0.0274217 0.0277082
9.9964E-05 9.9964E-05 0.0893132 9.9964E-05 9.9964E-05 0.0445623 0.315246 0.423318 0.0335278 0.0936321
9.9946E-05 9.9946E-05 9.9946E-05 0.725282 9.9946E-05 0.0063805 0.21696 9.9946E-05 0.0507779 9.9946E-05
9.9973E-05 0.0251995 0.0306338 0.622341 0.0325979 9.9973E-05 0.0812734 0.11803 0.0896246 9.9973E-05
0.107091 0.14854 9.9973E-05 9.9973E-05 9.9973E-05 0.063598 0.0715784 0.498631 0.0917878 0.0184733
0.0435713 0.03117 9.9973E-05 9.9973E-05 0.242459 0.105675 0.103159 0.4705 0.0031651 9.9973E-05
9.9973E-05 9.9973E-05 0.103508 0.0288767 0.189435 0.345189 9.9973E-05 0.14426 0.0591504 0.129282
0.0564138 9.9982E-05 9.9982E-05 0.0417702 0.310158 0.148403 0.15301 0.173539 0.0539934 0.0625126
9.9955E-05 9.9955E-05 0.0319116 9.9955E-05 0.151308 9.9955E-05 0.235451 0.509654 0.0711768 9.9955E-05
0.0934314 9.9973E-05 9.9973E-05 9.9973E-05 0.25198 0.192808 0.0604072 0.248773 0.0785848 0.0737157
0.08967 9.9973E-05 9.9973E-05 9.9973E-05 0.353022 0.0895913 0.202491 0.168312 0.0403839 0.0562303
0.0525445 0.0273622 0.169803 0.00480509 0.466068 9.9991E-05 0.0209731 0.172919 0.0340537 0.0513709
0.211614 9.9982E-05 9.9982E-05 0.040615 0.279917 0.231098 0.109957 0.0544915 0.0619647 0.010143
0.115319 9.9964E-05 0.0731105 9.9964E-05 0.314386 0.143322 9.9964E-05 0.281543 9.9964E-05 0.0719187
0.128327 0.0196057 9.9982E-05 0.0101289 0.18543 0.0913644 0.207671 0.241024 9.9982E-05 0.116248
0.0242787 0.0814501 0.0942865 9.9982E-05 0.164923 0.0925853 0.172224 0.244943 9.9982E-05 0.125109
9.9973E-05 9.9973E-05 0.0298568 0.0305155 0.288161 0.27829 0.0715161 0.238594 9.9973E-05 0.0627658
0.112145 0.0261439 0.0694929 9.9991E-05 0.126316 0.0331759 0.0921078 0.448664 0.0582783 0.0335759
0.204592 0.0478468 9.9973E-05 9.9973E-05 0.0222874 0.330241 9.9973E-05 0.342915 0.0440149 0.00780253
0.113633 0.00381863 9.9973E-05 9.9973E-05 0.211618 0.259097 9.9973E-05 0.353512 0.0190268 0.0389953
9.9973E-05 9.9973E-05 0.0323295 0.048507 0.430813 0.101309 9.9973E-05 0.27479 0.0206787 0.0912735
9.9973E-05 0.00493855 0.0412754 9.9973E-05 0.339221 9.9973E-05 0.189257 0.249026 0.116241 0.0597403
0.0714806 0.0131453 0.157396 9.9991E-05 0.173997 0.120047 0.133687 0.193851 0.0801694 0.0561262
0.0582816 0.0555996 0.0150436 0.718314 0.0306147 9.9982E-05 9.9982E-05 0.00595147 0.0300423 0.0859525
0.122222 0.0485282 9.9964E-05 9.9964E-05 0.267987 9.9964E-05 0.154939 0.370805 9.9964E-05 0.0351194
0.0949973 0.0927608 9.9991E-05 0.0171285 0.226544 0.104002 0.0767634 0.268794 0.00294206 0.115968
0.0115515 0.0264532 0.0422558 0.0956045 9.9982E-05 0.131453 0.0835421 0.534316 9.9982E-05 0.0746236
9.9973E-05 0.00754091 9.9973E-05 9.9973E-05 0.502615 0.154299 0.104647 0.065346 0.0785854 0.0866667
0.0651169 0.161597 0.0428416 9.9982E-05 0.352737 0.270634 0.0367287 9.9982E-05 0.000626192 0.0695195
0.108882 0.0584711 0.327919 9.9973E-05 0.0771961 9.9973E-05 0.0977842 0.287506 9.9973E-05 0.041942
0.0441142 9.9955E-05 9.9955E-05 9.9955E-05 0.30814 0.148069 9.9955E-05 0.370915 9.9955E-05 0.128262
0.0333038 9.9973E-05 0.0667443 9.9973E-05 0.182902 0.18883 9.9973E-05 0.428007 0.0349357 0.0649779
0.0767979 0.0158494 0.152354 9.9991E-05 0.192621 0.140644 0.0911406 0.134996 0.146774 0.0487236
0.105209 9.9982E-05 0.0427205 0.0245293 0.37053 0.0500028 9.9982E-05 0.217373 0.0729707 0.116465
0.0949263 0.141247 0.0224422 0.00952284 0.347714 0.145111 9.9991E-05 0.143041 0.0150748 0.0808208
0.0434106 0.0466732 9.9973E-05 9.9973E-05 0.482083 0.0118244 0.123636 0.0473529 0.24472 9.9973E-05
9.99201E-05 9.99201E-05 9.99201E-05 9.99201E-05 9.99201E-05 9.99201E-05 9.99201E-05 9.99201E-05 9.99201E-05 0.999101
0.224968 0.0139533 0.0608938 9.9982E-05 0.189835 0.206916 0.167587 9.9982E-05 0.0595102 0.076136
0.0815065 0.00107248 9.9973E-05 9.9973E-05 0.29994 0.0247718 9.9973E-05 0.471428 0.0959406 0.0250406
