0.238105 0.531274 0.0826543 0.142471 0.00549606
0.233732 0.457069 9.9991E-05 0.304785 0.00431318
0.0918184 0.395697 9.9991E-05 0.468854 0.0435308
0.0380566 0.630393 9.9991E-05 0.138226 0.193224
9.999E-05 0.699192 0.0651376 0.23366 0.0019108
9.9982E-05 9.9982E-05 0.0176531 0.222449 0.759698
0.11102 0.579589 0.029434 0.278122 0.00183512
0.0512266 9.9982E-05 9.9982E-05 0.0420791 0.906494
0.106479 0.42027 0.0449857 0.428165 9.9991E-05
0.294453 0.410864 9.9982E-05 0.294483 9.9982E-05
0.196876 0.535894 9.9991E-05 0.24076 0.0263706
0.176787 0.366302 9.9991E-05 0.239543 0.217268
0.220805 0.476949 9.9982E-05 0.302046 9.9982E-05
0.134167 0.544316 9.9991E-05 0.281196 0.0402208
0.053355 9.9982E-05 9.9982E-05 0.289637 0.656808
0.183696 0.334241 9.9982E-05 0.481862 9.9982E-05
0.0953067 0.246311 9.9991E-05 0.551806 0.106477
0.0952022 0.764176 0.140421 9.9982E-05 9.9982E-05
0.154763 0.401164 0.00447615 0.439497 9.9991E-05
0.180302 0.623022 9.9982E-05 0.196476 9.9982E-05
0.0151772 0.713204 0.0702751 0.201243 9.9991E-05
0.164806 0.546169 0.0328771 0.163418 0.0927302
0.187103 0.529334 9.9982E-05 0.283362 9.9982E-05
0.26882 0.0108705 9.9991E-05 0.14519 0.575019
0.125206 0.621089 0.0736359 0.179969 9.9991E-05
0.158832 0.084884 9.9991E-05 0.152615 0.60357
9.9991E-05 0.19282 0.0259953 0.350919 0.430166
0.00522586 0.648049 9.9982E-05 9.9982E-05 0.346525
0.0265363 0.039835 9.9991E-05 0.294535 0.638994
9.9982E-05 0.676435 9.9982E-05 0.152382 0.170983
0.173141 0.180745 9.9991E-05 0.239487 0.406527
0.0579863 0.520866 0.0989822 0.322066 9.9991E-05
0.0510846 0.191302 9.9991E-05 0.570131 0.187383
9.9973E-05 0.13341 9.9973E-05 9.9973E-05 0.86629
0.0687163 9.9982E-05 0.107973 9.9982E-05 0.823111
9.9991E-05 0.537701 0.0181794 0.357777 0.0862422
0.10045 0.649925 9.9991E-05 0.112129 0.137396
0.238367 0.523513 0.0808589 0.157161 9.9991E-05
0.0256203 0.221614 9.9982E-05 9.9982E-05 0.752565
0.075336 0.0850662 0.0891152 0.369117 0.381365
0.200145 0.0847064 9.9991E-05 0.499751 0.215297
0.0579495 0.31369 9.9982E-05 0.628161 9.9982E-05
0.0786045 0.590864 9.9991E-05 0.233052 0.0973797
0.212684 0.192842 0.031793 0.0220215 0.540659
0.260444 0.244727 0.0836584 0.411071 9.9991E-05
0.381648 0.277047 0.135448 0.205757 9.9991E-05
0.239836 0.388632 0.0282091 0.295491 0.0478308
9.9982E-05 0.33544 9.9982E-05 0.600221 0.0641392
0.224026 0.392121 9.9991E-05 0.372684 0.0110689
9.9973E-05 9.9973E-05 9.9973E-05 0.505679 0.494021
0.125914 0.623735 0.0217321 0.221401 0.00721758
0.182514 0.17029 0.0786749 0.175123 0.393399
0.258357 0.261562 0.0430876 0.436893 9.9991E-05
0.013456 9.9982E-05 9.9982E-05 0.0576144 0.92873
0.181327 0.105605 9.9991E-05 0.336783 0.376185
0.169934 0.663927 9.9982E-05 0.165939 9.9982E-05
0.248022 0.578525 9.9982E-05 0.173253 9.9982E-05
0.137172 0.553501 9.9991E-05 0.108916 0.200311
0.187248 0.213885 9.9991E-05 0.284462 0.314306
0.0297528 0.485852 9.9991E-05 0.144384 0.339912
9.9982E-05 9.9982E-05 0.074357 0.0596037 0.865839
9.9973E-05 9.9973E-05 9.9973E-05 0.152452 0.847248
0.0383796 0.645749 0.0699686 0.232761 0.0131417
0.0706647 9.9973E-05 9.9973E-05 9.9973E-05 0.929035
0.0661909 0.329409 0.0342858 0.570014 9.9991E-05
0.12436 0.0669303 9.9982E-05 9.9982E-05 0.80851
0.338339 0.661362 9.9973E-05 9.9973E-05 9.9973E-05
0.291975 0.119428 9.9991E-05 0.500261 0.0882352
0.373352 0.445549 9.9982E-05 0.1809 9.9982E-05
9.9973E-05 9.9973E-05 9.9973E-05 0.337695 0.662005
0.475307 0.351834 0.0752271 0.0975316 9.9991E-05
0.205039 0.573291 0.0250457 0.119069 0.0775555
0.167613 0.360916 0.0938561 0.0890337 0.288582
0.152055 0.392502 0.0497767 0.405566 9.9991E-05
0.270954 0.459518 0.021912 0.219459 0.0281571
0.127276 0.509484 9.9982E-05 9.9982E-05 0.36304
0.147328 0.548035 9.9991E-05 0.293968 0.0105689
0.20125 0.213521 0.148979 0.264164 0.172086
0.121305 0.256298 0.0538827 0.460838 0.107676
0.00281627 0.551788 0.174105 0.259237 0.0120548
0.354334 0.273582 9.9982E-05 0.371884 9.9982E-05
0.116897 0.472204 0.0934169 0.317382 9.9991E-05
0.298938 0.46213 9.9991E-05 0.218516 0.0203161
0.149377 0.644758 0.0460268 0.159739 9.9991E-05
9.9982E-05 0.498931 0.0571862 0.443683 9.9982E-05
0.528792 0.10948 9.9991E-05 0.287174 0.0744538
0.100749 0.236105 9.9991E-05 0.388124 0.274922
0.0163381 0.249303 9.9991E-05 0.550597 0.183662
0.060168 9.9982E-05 9.9982E-05 0.127245 0.812387
9.9991E-05 0.430612 0.04079 0.355104 0.173394
0.38829 0.0924643 9.9991E-05 0.50182 0.017325
0.0318059 0.111163 9.9991E-05 0.335526 0.521405
0.196866 0.527621 9.9982E-05 0.275313 9.9982E-05
0.0175521 0.562356 9.9991E-05 0.171136 0.248856
0.00901184 0.158114 9.9991E-05 0.380424 0.45235
9.9973E-05 9.9973E-05 9.9973E-05 0.128173 0.871527
0.213934 0.462361 9.9991E-05 0.225993 0.0976109
0.251402 0.212642 0.0190852 0.492029 0.0248428
0.436934 0.376912 9.9991E-05 0.150322 0.0357327
0.0346633 0.637007 0.00278765 0.128971 0.196571
0.205422 9.9982E-05 9.9982E-05 0.354871 0.439507
0.142353 0.630217 9.9991E-05 0.141641 0.0856895
0.2826 0.483772 0.142569 0.0815256 0.00953345
0.230355 0.577948 9.9982E-05 0.191498 9.9982E-05
0.228001 0.43704 0.065647 0.269212 9.9991E-05
0.213398 9.9982E-05 9.9982E-05 0.072598 0.713804
0.118843 0.00863687 0.102231 0.307893 0.462396
0.277463 0.635934 9.9982E-05 0.0864036 9.9982E-05
0.251067 0.453196 9.9991E-05 0.273979 0.0216582
0.171852 0.659233 9.9982E-05 0.168715 9.9982E-05
9.9982E-05 0.0378068 9.9982E-05 0.554274 0.407719
9.9973E-05 9.9973E-05 9.9973E-05 0.0672468 0.932453
9.9982E-05 0.19594 9.9982E-05 0.380351 0.423508
0.0899373 0.666724 0.0127741 0.230464 9.9991E-05
0.215704 0.515863 9.9991E-05 0.170973 0.0973597
0.307219 0.65723 0.0353516 9.9982E-05 9.9982E-05
0.169982 0.570611 9.9982E-05 0.259207 9.9982E-05
9.9982E-05 9.9982E-05 0.00350069 0.0466438 0.949656
0.120409 0.81432 0.0165484 0.0316138 0.0171085
0.127382 0.704799 0.0514814 0.116237 9.9991E-05
0.127252 0.662486 9.9991E-05 0.0664437 0.143719
0.0418951 0.147204 9.9991E-05 0.221941 0.588861
0.044922 0.728116 0.0058385 0.221024 9.9991E-05
0.122397 0.442557 0.0593055 0.370474 0.00526688
0.179619 0.586459 0.0634419 0.170379 9.9991E-05
0.211612 0.409893 9.9991E-05 0.32419 0.0542053
0.179902 0.195681 9.9982E-05 9.9982E-05 0.624217
0.0327018 9.9982E-05 0.0453154 9.9982E-05 0.921783
0.265709 0.284823 0.0347072 0.414662 9.9991E-05
0.144851 0.491625 0.208158 0.146353 0.00901228
0.131366 0.560094 0.0761165 0.232323 9.9991E-05
0.141639 0.240379 0.131986 0.485896 9.9991E-05
0.0816655 0.203187 9.9991E-05 0.321571 0.393476
0.0259832 0.3449 0.256461 0.337212 0.0354436
0.0309743 0.645469 9.9991E-05 0.105803 0.217654
0.9996 9.997E-05 9.997E-05 9.997E-05 9.997E-05
0.288964 0.143189 9.9991E-05 0.00845087 0.559296
0.0829611 0.449856 9.9991E-05 0.169398 0.297686
0.97301 9.9973E-05 9.9973E-05 9.9973E-05 0.02669
0.169337 9.9982E-05 9.9982E-05 0.263154 0.567309
9.9982E-05 0.633497 9.9982E-05 0.219808 0.146495
0.0268566 0.18718 0.0768402 0.305706 0.403417
0.0628101 0.337723 0.0602125 0.301757 0.237498
0.121719 0.0895999 0.00960225 0.685165 0.0939135
9.9973E-05 9.9973E-05 9.9973E-05 0.339456 0.660244
0.190013 0.353402 0.0510596 0.110226 0.2953
0.0406456 0.252454 9.9991E-05 0.534733 0.172068
0.162974 0.566709 0.0222097 0.248007 9.9991E-05
0.26131 0.573428 0.0742984 0.0908634 9.9991E-05
0.214515 0.341331 0.18923 0.254824 9.9991E-05
9.9982E-05 0.482118 0.040488 0.477194 9.9982E-05
9.9982E-05 0.570314 0.0591224 9.9982E-05 0.370363
9.9982E-05 0.108255 9.9982E-05 0.162492 0.729054
0.0381422 0.320839 0.0598053 0.11179 0.469423
0.257982 0.345822 0.0597161 0.331781 0.00469908
0.221728 0.250886 0.111587 0.415698 9.9991E-05
9.9973E-05 9.9973E-05 9.9973E-05 0.136005 0.863695
0.207014 0.365355 0.057069 0.370462 9.9991E-05
0.211669 0.464929 0.0826333 0.240669 9.9991E-05
0.118753 0.440824 9.9991E-05 0.24664 0.193683
0.168316 0.536615 0.0818574 0.213112 9.9991E-05
0.18673 0.0658576 0.0577743 0.586825 0.102813
0.363425 0.233627 9.9991E-05 0.349276 0.0535726
0.365467 0.360589 9.9982E-05 0.273744 9.9982E-05
0.169097 0.614496 9.9982E-05 0.216207 9.9982E-05
0.242415 0.669736 0.0808163 0.00693317 9.9991E-05
0.19118 0.26359 9.9991E-05 0.453295 0.0918344
0.127147 0.129369 9.9991E-05 0.245939 0.497446
0.173889 0.217375 9.9991E-05 0.37003 0.238607
0.177187 0.163421 0.13783 0.487139 0.034423
0.316013 0.199985 0.0424111 0.30438 0.13721
0.0154595 0.495363 9.9991E-05 0.417369 0.0717089
9.9973E-05 9.9973E-05 9.9973E-05 0.00661352 0.993087
0.0910274 0.129945 9.9982E-05 0.778827 9.9982E-05
0.16351 0.126363 9.9991E-05 0.418029 0.291998
0.412006 0.0744791 0.107868 0.405547 9.9991E-05
9.9982E-05 0.370255 9.9982E-05 0.409382 0.220163
0.0793072 0.0948117 9.9991E-05 0.299222 0.526559
0.041207 0.379917 0.0445459 0.137803 0.396528
9.9991E-05 0.396044 0.0251202 0.0425149 0.536221
0.0452072 0.574897 9.9982E-05 0.379696 9.9982E-05
9.9973E-05 9.9973E-05 9.9973E-05 0.305621 0.694079
0.0161863 0.37468 0.00912582 0.204261 0.395747
0.145115 0.461628 0.166035 0.204558 0.0226643
9.997E-05 9.997E-05 9.997E-05 9.997E-05 0.9996
9.9973E-05 9.9973E-05 9.9973E-05 0.564517 0.435183
0.147993 0.295666 0.00785761 0.501788 0.0466956
9.9982E-05 0.309212 9.9982E-05 0.324925 0.365663
0.106447 0.529447 9.9991E-05 0.187943 0.176062
9.9982E-05 0.586224 0.0936059 0.31997 9.9982E-05
9.9991E-05 0.432916 0.0442773 0.200551 0.322156
0.026409 0.636743 9.9991E-05 0.335386 0.00136221
0.113634 0.546576 9.9982E-05 0.33959 9.9982E-05
0.1552 0.499379 0.126102 0.219219 9.9991E-05
0.140137 0.211795 0.145341 0.252426 0.250302
9.9982E-05 0.706948 0.0163602 9.9982E-05 0.276492
0.227264 0.446375 0.183362 0.142899 9.9991E-05
0.0290887 0.579527 9.9991E-05 0.228076 0.163208
0.190248 0.22184 0.167181 0.420631 9.9991E-05
0.00665669 0.343012 0.0614774 0.588754 9.9991E-05
0.0791225 0.384885 0.00791611 0.245196 0.28288
0.248144 0.592222 9.9982E-05 0.159434 9.9982E-05
0.232703 0.302524 0.04561 0.419064 9.9991E-05
0.0413032 0.400029 0.295129 0.2537 0.00983915
0.148339 0.345548 0.347108 0.158906 9.9991E-05
0.28623 0.157864 0.0665159 0.274945 0.214444
0.0624657 0.76292 0.104142 0.0703727 9.9991E-05
0.0778441 0.295322 9.9991E-05 0.468676 0.158058
0.24719 0.478901 9.9991E-05 0.24631 0.0274994
0.159818 0.69425 0.113681 0.0321508 9.9991E-05
0.152187 0.47915 0.108845 0.259719 9.9991E-05
0.0838451 0.346108 0.0322796 0.197828 0.33994
9.9982E-05 0.284979 9.9982E-05 0.274624 0.440197
0.0897569 0.909943 9.9973E-05 9.9973E-05 9.9973E-05
0.261168 0.624968 0.109288 9.9991E-05 0.00447619
0.10504 0.644697 0.0825185 0.167645 9.9991E-05
0.0406611 0.362395 0.142964 0.45388 9.9991E-05
0.286964 0.0104925 9.9991E-05 0.415929 0.286515
0.228769 0.121979 9.9991E-05 0.486 0.163152
0.179354 0.280396 0.121717 0.418433 9.9991E-05
0.21638 0.112632 9.9991E-05 0.123145 0.547743
9.9991E-05 0.47532 0.0225692 0.316707 0.185303
0.155732 0.183902 0.078013 0.508473 0.0738794
9.9982E-05 9.9982E-05 0.00117883 0.26033 0.738292
0.110355 0.221671 0.0594152 0.608459 9.9991E-05
0.254378 0.438959 9.9982E-05 0.306463 9.9982E-05
0.159761 0.607226 9.9991E-05 0.180839 0.052073
0.12076 0.681994 0.0485982 0.148548 9.9991E-05
0.22054 0.212435 0.155447 0.411478 9.9991E-05
0.181777 0.422877 9.9982E-05 0.395146 9.9982E-05
0.091449 0.713839 0.0469833 0.147629 9.9991E-05
0.24289 0.696749 9.9982E-05 0.0601607 9.9982E-05
0.160937 0.254158 9.9991E-05 0.394642 0.190163
0.254625 0.571546 9.9982E-05 0.173629 9.9982E-05
0.100123 0.691764 9.9982E-05 0.207913 9.9982E-05
9.99731E-05 9.99731E-05 9.99731E-05 0.925735 0.0739655
0.224056 0.466243 9.9982E-05 0.3095 9.9982E-05
0.204241 0.437933 9.9982E-05 0.357626 9.9982E-05
0.078632 0.422171 9.9991E-05 0.132131 0.366965
0.121946 0.41022 9.9991E-05 0.152564 0.31517
9.9991E-05 0.72118 0.0163745 0.262177 0.000168937
0.0688088 0.304697 9.9991E-05 0.0213694 0.605025
0.0577869 0.37923 0.0107771 0.552106 9.9991E-05
0.0994238 0.320052 9.9991E-05 0.244311 0.336113
0.0844093 0.710411 0.135008 0.0249991 0.0451727
0.236508 9.9982E-05 9.9982E-05 0.6699 0.0933922
0.0288004 0.271375 0.191139 0.251082 0.257604
0.329922 0.18882 9.9991E-05 0.00132188 0.479837
9.9973E-05 0.431003 9.9973E-05 0.568697 9.9973E-05
0.220226 0.429227 9.9982E-05 0.350346 9.9982E-05
0.0790328 0.333477 9.9991E-05 0.27715 0.31024
0.15799 0.522608 0.0185224 0.280917 0.0199626
0.0437747 0.617483 0.0407007 0.297942 9.9991E-05
0.147372 9.9973E-05 9.9973E-05 9.9973E-05 0.852329
0.263115 0.438278 0.0516163 0.246891 9.9991E-05
9.9973E-05 0.508958 9.9973E-05 0.490742 9.9973E-05
0.131274 0.678679 0.0312695 0.119892 0.0388855
0.175319 0.498998 9.9991E-05 0.261791 0.0637927
0.182286 0.587862 9.9991E-05 0.188931 0.0408214
0.0869972 0.51168 9.9982E-05 0.401123 9.9982E-05
0.0947976 0.729982 9.9991E-05 0.0821329 0.0929873
0.141691 0.401549 0.0125141 0.332452 0.111794
0.133884 0.106184 9.9991E-05 0.212132 0.547701
0.116481 0.453746 9.9982E-05 0.429573 9.9982E-05
0.24819 0.722915 9.9982E-05 0.0286947 9.9982E-05
0.205906 0.212921 0.0154045 0.412869 0.152899
0.196847 0.372743 9.9982E-05 9.9982E-05 0.43021
0.208318 0.551449 0.0456048 0.194528 9.9991E-05
9.9982E-05 0.568811 9.9982E-05 0.170394 0.260595
0.0942504 0.664282 0.0315572 0.209811 9.9991E-05
0.0394954 0.327457 0.0243248 0.266083 0.34264
0.241392 0.261303 0.0780032 0.303539 0.115763
0.239336 0.0911677 9.9991E-05 0.263083 0.406313
0.125312 0.530469 0.0625822 0.0163604 0.265276
0.252559 0.251888 0.0901806 0.393534 0.0118388
0.0369201 0.534493 9.9991E-05 0.209722 0.218764
0.216947 0.409738 9.9982E-05 0.373114 9.9982E-05
0.208966 0.559532 9.9991E-05 0.227638 0.0037648
0.25506 0.18669 9.9982E-05 0.55805 9.9982E-05
0.2213 0.265618 0.0085534 0.207618 0.296911
0.227045 0.208746 9.9982E-05 0.564009 9.9982E-05
0.226743 0.433031 0.104458 0.235668 9.9991E-05
0.203795 0.679572 0.0337844 0.0827488 9.9991E-05
0.00447131 0.154423 0.15411 0.14435 0.542646
9.9982E-05 0.0219648 0.0732747 9.9982E-05 0.90456
0.00425207 0.538879 0.0523652 0.253372 0.151132
0.195721 0.43794 0.0931379 0.213016 0.0601849
0.185901 0.182845 0.0929579 0.462028 0.0762675
0.0571064 0.270397 9.9991E-05 0.565208 0.107188
0.0256928 0.245849 0.104129 0.346172 0.278157
0.123921 0.729397 0.00818184 9.9991E-05 0.1384
0.139571 0.39797 0.115123 0.347237 9.9991E-05
0.141695 0.426044 0.0896166 0.342544 9.9991E-05
0.0741268 0.596892 0.0833176 0.2238 0.0218643
9.9982E-05 0.700795 0.145599 0.153406 9.9982E-05
0.039218 0.800486 9.9991E-05 0.151315 0.00888086
0.141534 0.647048 9.9982E-05 0.211218 9.9982E-05
0.263781 0.262308 0.0699393 0.382119 0.0218521
0.0705114 0.60191 0.122019 0.20546 9.9991E-05
0.311699 0.447996 9.9991E-05 0.143546 0.0966591
0.144486 0.371005 0.11709 0.367319 9.9991E-05
9.9982E-05 0.390243 0.0394394 0.570118 9.9982E-05
0.252663 0.591341 0.00295019 9.9991E-05 0.152945
0.0808104 0.304212 0.0569466 9.9991E-05 0.557931
0.0504539 0.211526 9.9991E-05 0.352276 0.385644
9.9982E-05 0.182666 0.0152661 9.9982E-05 0.801868
0.0842157 0.546233 9.9982E-05 0.369351 9.9982E-05
0.0279322 0.147019 9.9982E-05 9.9982E-05 0.824849
9.9991E-05 0.0355258 0.0729938 0.155351 0.736029
0.272706 0.402259 0.0681949 0.25674 9.9991E-05
0.160342 0.557405 0.0896799 0.192474 9.9991E-05
0.271566 0.459107 0.0621166 0.20711 9.9991E-05
0.0755346 0.170246 9.9982E-05 9.9982E-05 0.754019
9.9982E-05 0.613863 0.0822561 0.303681 9.9982E-05
0.235502 9.9982E-05 9.9982E-05 0.383978 0.380319
0.233471 0.726227 0.00106549 9.9991E-05 0.0391357
9.9991E-05 0.0010448 0.0391732 0.130745 0.828937
0.0712777 0.383239 0.000910925 0.423469 0.121103
0.0297551 0.691093 0.0349142 0.219026 0.0252125
0.0808677 0.718082 9.9991E-05 0.200457 0.000493468
0.136409 0.447985 0.0726973 0.342808 9.9991E-05
9.9973E-05 0.240674 9.9973E-05 9.9973E-05 0.759026
0.0219116 0.38478 0.0619694 0.349496 0.181843
0.00296004 0.179648 0.0689434 0.393786 0.354663
0.293575 0.504061 0.0519762 0.150287 9.9991E-05
9.9991E-05 0.0446376 0.0622743 0.162831 0.730157
0.10781 0.217174 0.28725 0.312611 0.0751541
9.9991E-05 0.157641 0.0843044 0.408827 0.349128
0.192922 0.513696 0.124274 0.127986 0.0411226
9.9991E-05 0.0755575 0.084787 0.702769 0.136786
0.0358069 0.290856 0.0639791 0.0150906 0.594267
0.4159 0.422088 0.105439 0.0564735 9.9991E-05
0.171169 0.61092 0.114862 0.0844143 0.0186343
0.337176 0.310968 0.0106847 0.341072 9.9991E-05
0.103822 0.544348 0.193454 0.158276 9.9991E-05
0.0338096 0.137993 0.00147111 0.43244 0.394287
0.0684223 0.383081 0.0618313 0.486565 9.9991E-05
0.0605147 0.864995 0.0742905 9.9982E-05 9.9982E-05
0.144193 0.724479 9.9991E-05 0.0467687 0.084459
0.12246 0.311085 9.9991E-05 0.0921401 0.474215
0.0460096 0.277725 0.0415925 0.442562 0.192111
0.110522 0.664058 0.104996 0.119441 0.000982312
0.360721 9.9982E-05 9.9982E-05 0.57388 0.0651992
0.103739 0.400195 0.040865 0.290182 0.165019
0.156327 0.359858 0.0453886 0.438326 9.9991E-05
0.105821 0.203003 0.111929 0.241986 0.337262
0.270074 0.173725 0.00908194 0.527442 0.019677
0.0725252 0.267057 0.0318363 0.19169 0.436891
9.9982E-05 0.789318 0.0858375 0.124645 9.9982E-05
0.011006 0.799635 9.9982E-05 0.189159 9.9982E-05
0.0214744 0.655888 0.0164057 0.306132 9.9991E-05
0.170874 0.673736 0.028862 0.126428 9.9991E-05
0.277026 0.382121 0.119603 0.22115 9.9991E-05
0.203726 0.63956 0.0843312 0.0722823 9.9991E-05
0.0284079 0.296086 9.9991E-05 0.404065 0.271341
0.0765707 0.184454 9.9982E-05 0.738776 9.9982E-05
0.179296 0.618809 9.9982E-05 0.201695 9.9982E-05
9.9982E-05 0.747688 9.9982E-05 0.16394 0.0881712
0.162089 0.380509 9.9991E-05 0.370834 0.0864686
0.0341558 0.0302988 0.126201 0.499732 0.309612
0.360088 0.381155 0.122638 0.136019 9.9991E-05
0.107455 0.650152 0.0938435 0.148449 9.9991E-05
0.126571 0.0294013 9.9991E-05 0.0462519 0.797676
9.9982E-05 0.264611 9.9982E-05 0.114229 0.62096
0.263405 0.537094 0.0250571 0.174343 9.9991E-05
0.149954 0.405471 0.444374 9.9982E-05 9.9982E-05
0.222875 9.9991E-05 0.640578 0.112994 0.0234537
0.168346 0.174844 0.534721 0.121989 9.9991E-05
0.114564 0.535181 0.152425 0.19773 9.9991E-05
0.284666 9.9973E-05 0.715034 9.9973E-05 9.9973E-05
0.0479222 0.243051 0.667954 9.9991E-05 0.0409724
9.9991E-05 0.127841 0.666553 0.200155 0.00535119
0.280795 0.0279804 0.691024 9.9982E-05 9.9982E-05
0.0802385 0.14333 0.595026 0.181305 9.9991E-05
0.201033 0.240998 0.359661 0.198208 9.9991E-05
0.261688 0.291103 0.27646 0.170649 9.9991E-05
0.158183 0.143567 0.65707 0.0410798 9.9991E-05
0.208313 0.440924 0.280977 0.0696859 9.9991E-05
0.42971 0.151054 0.419036 9.9982E-05 9.9982E-05
0.249282 0.269627 0.480891 9.9982E-05 9.9982E-05
0.0877141 9.9991E-05 0.662509 0.22785 0.0218268
0.0930738 0.397276 0.465154 0.0443962 9.9991E-05
0.226498 0.10651 0.421873 0.245019 9.9991E-05
0.00346705 0.0784432 0.13785 9.9991E-05 0.780139
0.0634062 0.374811 0.434267 0.104857 0.0226588
0.303152 0.113195 0.543738 9.9991E-05 0.0398157
0.0751274 0.548316 0.0908741 0.177489 0.108193
0.0959834 0.0150936 0.881457 0.00168221 0.0057834
0.393682 9.9982E-05 0.595099 0.0110185 9.9982E-05
0.201951 0.19356 0.173407 0.430982 9.9991E-05
0.0495182 0.118623 0.790898 9.9991E-05 0.0408608
0.157383 0.150768 0.493395 0.198354 9.9991E-05
0.110695 0.121604 0.595997 0.159091 0.0126132
9.9991E-05 0.111193 0.659437 0.152522 0.0767479
0.266655 9.9991E-05 0.656156 0.0156944 0.0613949
0.14409 0.0152975 0.840412 9.9982E-05 9.9982E-05
0.230776 9.9982E-05 0.707759 9.9982E-05 0.0612647
0.28978 0.156194 0.518409 0.0236887 0.0119278
0.0742661 0.226711 0.698823 9.9982E-05 9.9982E-05
0.202629 9.9991E-05 0.510557 0.238228 0.0484861
0.147979 0.0284785 0.622923 0.184409 0.0162105
0.23378 9.9991E-05 0.606104 0.0676597 0.0923557
0.14505 0.702437 0.131921 0.0204923 9.9991E-05
0.328317 9.9973E-05 0.671383 9.9973E-05 9.9973E-05
0.239771 0.186949 0.55546 9.9991E-05 0.0177206
0.177448 0.15827 0.496976 0.167206 9.9991E-05
0.0933473 0.200663 0.479645 0.226244 9.9991E-05
0.22007 9.9973E-05 0.77963 9.9973E-05 9.9973E-05
0.0798692 0.555587 0.170193 0.170059 0.0242919
0.0483361 0.259011 0.673003 9.9991E-05 0.0195507
9.9991E-05 0.290304 0.0590493 0.38813 0.262417
0.225378 0.466511 0.168203 0.139809 9.9991E-05
0.16426 0.313632 0.129379 0.392628 9.9991E-05
0.197119 0.107698 0.616399 0.0777727 0.00101069
0.085689 0.177391 0.600294 0.136526 9.9991E-05
0.17087 0.173753 0.655177 9.9982E-05 9.9982E-05
0.117441 0.154085 0.545379 0.182995 9.9991E-05
0.160015 0.223682 0.525425 0.0234059 0.0674719
0.084079 0.306061 0.571051 9.9991E-05 0.0387092
0.10959 0.295697 0.509673 0.0849399 9.9991E-05
0.126367 9.9982E-05 0.74955 0.123882 9.9982E-05
0.0922111 0.13153 0.601473 0.174686 9.9991E-05
0.0463058 0.464509 0.348738 0.0745673 0.0658799
9.9973E-05 0.173247 0.826453 9.9973E-05 9.9973E-05
0.0282054 0.223301 0.748294 9.9982E-05 9.9982E-05
0.264824 0.0304474 0.668403 9.9991E-05 0.0362264
0.226048 0.0822231 0.569018 0.122611 9.9991E-05
0.161752 0.54682 0.131078 0.154381 0.00596724
0.147001 0.0564452 0.677323 0.119131 9.9991E-05
9.9991E-05 0.444469 0.0277138 0.371918 0.155799
0.189297 0.22605 0.56615 9.9991E-05 0.0184039
0.200777 0.0222391 0.551122 0.0994714 0.126391
0.040946 0.397468 0.177348 0.244206 0.140032
0.188426 0.139138 0.63333 9.9991E-05 0.0390058
0.0983605 0.0860826 0.562795 0.252662 9.9991E-05
0.0622914 0.223683 0.713825 9.9982E-05 9.9982E-05
0.161646 0.0551632 0.628502 0.154589 9.9991E-05
0.264799 0.24469 0.406549 0.0710689 0.0128932
0.216203 0.193217 0.59038 9.9982E-05 9.9982E-05
0.0508893 0.0477204 0.622758 0.238742 0.0398904
0.245665 0.209453 0.521884 9.9991E-05 0.0228972
0.153923 0.356793 0.248771 0.240413 9.9991E-05
0.185517 0.171259 0.548492 0.0946315 9.9991E-05
0.0579956 0.11111 0.495119 0.335676 9.9991E-05
0.0143685 9.9991E-05 0.0673897 0.0806811 0.837461
0.0570979 0.177196 0.671488 0.0772082 0.01701
0.0531596 0.608484 0.0832036 0.11945 0.135703
0.179156 9.9982E-05 0.587405 0.233239 9.9982E-05
0.216082 0.217486 0.442808 0.123524 9.9991E-05
0.211364 0.424754 0.321889 0.0418932 9.9991E-05
0.0571819 0.660179 0.223155 0.0593835 9.9991E-05
0.0443625 0.155153 0.558701 0.241683 9.9991E-05
0.149646 0.332604 0.50416 0.0134904 9.9991E-05
0.0614903 0.0649608 0.619964 0.253485 9.9991E-05
0.246461 0.165302 0.569264 9.9991E-05 0.0188739
0.321377 0.436998 0.177829 0.0380501 0.0257462
0.219698 0.139533 0.606791 0.0338784 9.9991E-05
0.0486499 0.120145 0.526598 0.304507 9.9991E-05
0.201375 0.166687 0.503531 0.128306 9.9991E-05
0.0669162 0.572522 9.9991E-05 0.337232 0.0232297
0.139007 0.0681037 0.632424 0.160366 9.9991E-05
0.0814414 9.9982E-05 0.585451 0.332908 9.9982E-05
0.285033 0.138638 0.516409 0.05982 9.9991E-05
0.282835 0.0961027 0.512836 0.108126 9.9991E-05
0.1315 0.289252 9.9982E-05 0.579048 9.9982E-05
0.0426697 9.9982E-05 9.9982E-05 0.064739 0.892391
0.101013 0.104519 0.60157 0.192799 9.9991E-05
0.27784 0.313339 0.391992 9.9991E-05 0.0167288
0.14081 0.39799 0.4197 0.0414001 9.9991E-05
0.152748 0.0945379 0.657695 0.0843551 0.010664
0.176565 0.0296089 0.763477 9.9991E-05 0.030249
0.0546278 0.139801 0.645332 0.160139 9.9991E-05
9.9982E-05 0.0388263 0.745277 0.215697 9.9982E-05
0.0702765 0.128904 0.80062 9.9982E-05 9.9982E-05
0.0473671 0.0226318 0.737441 0.109639 0.0829206
0.146451 0.379564 0.442734 0.0311516 9.9991E-05
0.186243 0.522618 0.138685 0.152354 9.9991E-05
0.0536293 0.0749678 0.808633 0.0626696 9.9991E-05
0.133467 0.315344 0.550989 9.9982E-05 9.9982E-05
0.237238 0.698029 9.9982E-05 0.0645336 9.9982E-05
0.164872 9.9982E-05 0.623447 0.211481 9.9982E-05
0.263894 0.334346 9.9982E-05 0.40156 9.9982E-05
0.326328 0.114884 0.490935 0.0323991 0.0354541
0.127855 0.237252 0.555779 0.0790139 9.9991E-05
9.9991E-05 0.368605 0.256937 0.351972 0.0223858
0.110954 0.0788266 0.550332 0.259787 9.9991E-05
0.290061 0.133405 0.338191 0.238242 9.9991E-05
0.644887 9.9973E-05 0.354813 9.9973E-05 9.9973E-05
0.491317 9.9973E-05 9.9973E-05 9.9973E-05 0.508383
0.153089 0.253496 0.586813 9.9991E-05 0.00650189
0.196498 0.234437 0.556763 0.0122016 9.9991E-05
0.0874703 9.9982E-05 0.632614 0.279716 9.9982E-05
0.130268 0.141888 0.569242 0.124878 0.0337233
0.181517 0.189009 0.619216 0.010158 9.9991E-05
0.197208 0.082863 0.691693 0.0281354 9.9991E-05
0.094948 0.368621 0.533044 9.9991E-05 0.00328722
0.0849725 0.722027 9.9982E-05 0.1928 9.9982E-05
0.076169 0.0767665 0.561715 0.285249 9.9991E-05
0.184097 0.20653 0.566676 0.042597 9.9991E-05
0.208299 9.9982E-05 0.73119 0.0603111 9.9982E-05
0.263721 0.037798 0.546997 0.1415 0.00998503
0.196444 0.0394094 0.436974 0.327073 9.9991E-05
0.161003 0.326434 0.382112 0.10998 0.0204704
0.0836099 0.526701 0.389489 9.9982E-05 9.9982E-05
0.247621 9.9982E-05 0.365486 0.386693 9.9982E-05
0.0713725 0.16922 0.572305 0.187002 9.9991E-05
0.0203065 9.9982E-05 0.607398 0.372096 9.9982E-05
0.176572 0.48708 9.9991E-05 0.333085 0.00316346
0.163477 0.435827 0.348495 0.0521015 9.9991E-05
0.110624 9.9982E-05 0.599558 0.289618 9.9982E-05
0.0664066 0.0412392 0.690928 0.201326 9.9991E-05
0.286672 0.0569597 0.492448 0.16382 9.9991E-05
0.266777 0.0336541 0.699369 9.9982E-05 9.9982E-05
0.308219 0.0260455 0.503881 0.161754 9.9991E-05
0.0653969 0.558866 0.0342366 0.3414 9.9991E-05
0.273354 0.483008 0.106418 9.9991E-05 0.13712
0.0115508 0.215646 0.597255 0.145106 0.0304421
0.194533 0.196779 0.561287 0.0473008 9.9991E-05
0.00758731 0.249334 0.637131 0.105848 9.9991E-05
0.233305 0.309007 0.432324 0.0252634 9.9991E-05
0.331097 0.075388 0.585373 9.9991E-05 0.0080415
0.0595148 9.9982E-05 0.709356 0.23093 9.9982E-05
0.209833 0.0515052 0.151504 0.396392 0.190766
0.167347 0.273338 0.545021 9.9991E-05 0.0141941
0.110591 0.138992 0.516754 0.233563 9.9991E-05
0.219399 0.0768304 0.16663 0.28206 0.25508
9.9991E-05 0.30698 0.0301562 0.443899 0.218866
0.117721 0.0183215 0.690928 0.172929 9.9991E-05
0.283672 0.14783 0.352626 0.182043 0.0338302
0.221649 0.05205 0.643334 0.0828662 9.9991E-05
0.0107797 0.809679 0.167293 0.0121484 9.9991E-05
0.114076 0.165388 0.575704 0.13607 0.00876154
0.195476 0.209329 0.594995 9.9982E-05 9.9982E-05
9.9991E-05 0.175338 0.125825 0.456204 0.242533
0.212321 0.17024 0.560017 0.0137808 0.043641
0.116213 0.207485 0.67327 9.9991E-05 0.00293294
0.180264 0.202229 0.604495 0.0129123 9.9991E-05
0.083611 0.104748 0.592042 0.219499 9.9991E-05
0.0153596 0.102467 0.794309 0.0877646 9.9991E-05
0.218385 0.0897488 0.691666 9.9982E-05 9.9982E-05
0.27764 0.0957442 0.605822 9.9991E-05 0.0206944
0.202632 0.273134 0.429409 0.0947253 9.9991E-05
0.208491 0.133417 0.657892 9.9982E-05 9.9982E-05
0.15503 0.0724334 0.582298 0.190139 9.9991E-05
0.14185 0.00295917 0.0447555 0.156391 0.654045
0.180388 9.9982E-05 0.673815 0.145597 9.9982E-05
0.0171707 0.148876 0.786283 9.9991E-05 0.04757
0.113134 0.291624 0.256984 0.338157 9.9991E-05
0.0721011 0.0825254 0.845174 9.9982E-05 9.9982E-05
0.144766 0.0393743 0.557375 0.258384 9.9991E-05
0.145277 0.0180375 0.579391 0.257194 9.9991E-05
0.241521 0.17804 0.191077 0.32515 0.0642127
0.168228 0.0190739 0.637617 0.17498 9.9991E-05
0.149033 0.121443 0.714215 9.9991E-05 0.0152094
0.199138 0.0412498 0.654437 0.0663471 0.0388279
0.249111 0.233694 0.505685 0.0114107 9.9991E-05
9.9982E-05 0.363726 0.420198 0.215876 9.9982E-05
9.9973E-05 9.9973E-05 0.0363199 9.9973E-05 0.96338
0.200316 0.027236 0.587182 0.185166 9.9991E-05
0.143411 0.403708 0.380019 0.0727623 9.9991E-05
0.297987 0.18391 0.517904 9.9982E-05 9.9982E-05
0.301907 0.105095 0.592798 9.9982E-05 9.9982E-05
0.263883 9.9982E-05 0.680093 9.9982E-05 0.0558235
0.239254 0.160433 0.560451 9.9991E-05 0.039762
0.309972 9.9982E-05 9.9982E-05 0.0479025 0.641925
0.0421969 0.120493 0.647571 0.189638 9.9991E-05
0.116733 0.0784139 0.533331 0.271422 9.9991E-05
0.113072 0.318501 0.568227 9.9982E-05 9.9982E-05
0.122969 0.213544 0.597308 0.0660786 9.9991E-05
0.260084 0.0572245 0.590345 0.0922466 9.9991E-05
0.125433 0.0549172 0.739778 0.0797713 9.9991E-05
0.121762 0.15413 0.536405 0.187603 9.9991E-05
0.18963 0.2484 0.56177 9.9982E-05 9.9982E-05
0.267785 9.9982E-05 0.505805 0.22621 9.9982E-05
0.267257 0.271173 0.459459 9.9991E-05 0.00201051
0.0639536 0.0316408 0.798242 0.0461788 0.0599847
0.12681 0.329922 0.462818 0.0803501 9.9991E-05
0.186862 0.285991 0.489052 0.0379956 9.9991E-05
0.0144475 0.17767 0.713438 0.0313409 0.0631032
9.9982E-05 0.161171 0.590812 0.247817 9.9982E-05
0.217679 0.319385 0.384176 0.0536711 0.0250896
0.299812 0.186375 0.513613 9.9982E-05 9.9982E-05
9.9991E-05 0.0633687 0.780921 0.0884029 0.0672071
0.22367 0.140787 0.605739 9.9991E-05 0.0297043
0.239453 0.150187 0.464541 0.145719 9.9991E-05
0.0646266 0.270431 0.32454 0.340303 9.9991E-05
0.301095 0.0387791 0.659925 9.9982E-05 9.9982E-05
0.27356 0.314849 0.353733 0.0577571 9.9991E-05
9.9982E-05 0.392355 0.588004 0.0194418 9.9982E-05
9.9973E-05 9.9973E-05 9.9973E-05 0.109591 0.890109
0.0570824 0.151369 0.0335627 0.450573 0.307413
0.170425 0.234906 0.194042 0.20157 0.199057
9.9973E-05 9.9973E-05 9.9973E-05 0.545819 0.453882
0.135522 0.257462 0.180498 0.426418 9.9991E-05
0.179926 0.412638 0.193869 0.213466 9.9991E-05
0.506072 0.21891 0.0252114 0.188912 0.0608944
0.189766 9.9982E-05 0.611115 0.19892 9.9982E-05
0.16057 0.325692 0.442545 0.0710925 9.9991E-05
0.0968104 0.106719 0.738878 0.0574933 9.9991E-05
0.14809 0.408933 0.265197 0.17768 9.9991E-05
0.0346359 0.339093 0.544496 9.9991E-05 0.081675
0.151573 0.2109 0.508818 0.128609 9.9991E-05
0.188281 0.183271 0.438226 0.188804 0.00141818
0.227371 0.227857 0.544572 9.9982E-05 9.9982E-05
0.0636654 0.256802 0.558108 0.121325 9.9991E-05
0.321798 0.0252486 0.522893 0.129281 0.000779368
0.0998283 0.0340317 0.520773 0.345267 9.9991E-05
0.075982 0.290775 0.279404 0.319214 0.0346255
0.161414 9.9991E-05 0.563907 0.224293 0.0502863
0.338606 9.9982E-05 0.639372 9.9982E-05 0.0218219
0.397232 0.0667739 0.431494 0.101733 0.00276666
9.9982E-05 9.9982E-05 0.149511 0.146292 0.703997
0.0251178 0.226149 0.106822 0.53884 0.103071
9.9982E-05 0.223735 0.663085 0.11298 9.9982E-05
0.419522 0.0958523 0.484426 9.9982E-05 9.9982E-05
0.0853464 0.432865 0.0601508 0.235148 0.18649
0.0610254 0.201738 0.724952 9.9991E-05 0.0121848
0.0115258 0.177493 0.753671 0.0266947 0.0306158
0.285362 0.43288 9.9982E-05 0.281558 9.9982E-05
0.131003 0.209991 0.658806 9.9982E-05 9.9982E-05
0.236234 9.9982E-05 0.720593 9.9982E-05 0.0429733
0.00570546 0.468603 0.525492 9.9982E-05 9.9982E-05
0.0197393 0.378031 0.602029 9.9982E-05 9.9982E-05
0.0671801 0.16404 0.539162 0.139118 0.0905002
0.0859086 0.0271807 0.670298 0.216513 9.9991E-05
9.9982E-05 9.9982E-05 0.163178 0.596716 0.239907
0.200676 0.316053 0.483072 9.9982E-05 9.9982E-05
0.207011 0.278354 0.507085 9.9991E-05 0.00745015
0.191811 9.9982E-05 0.733131 0.0748575 9.9982E-05
0.188119 0.0349172 0.21346 0.498448 0.0650558
0.455093 0.28377 0.164083 0.0969537 9.9991E-05
0.276259 0.240386 0.175963 0.307292 9.9991E-05
0.300211 0.205729 0.49386 9.9982E-05 9.9982E-05
0.356015 0.36821 0.105358 0.167798 0.00261923
0.0983183 0.194505 0.692398 9.9991E-05 0.0146789
0.176379 0.238023 0.416211 0.169287 9.9991E-05
0.265522 0.000825283 0.566068 0.167485 9.9991E-05
0.217879 0.1643 0.552284 0.0654372 9.9991E-05
0.237071 0.1104 0.146537 0.313324 0.192669
0.078546 0.322022 0.536288 0.0630442 9.9991E-05
9.9973E-05 9.9973E-05 9.9973E-05 0.284403 0.715297
0.196585 9.9982E-05 0.504992 0.298223 9.9982E-05
0.243592 0.123117 0.633091 9.9982E-05 9.9982E-05
9.997E-05 9.997E-05 9.997E-05 9.997E-05 0.9996
0.0868262 9.9982E-05 0.0629262 9.9982E-05 0.850048
0.272948 0.0248013 0.450515 0.251635 9.9991E-05
0.201837 0.325486 0.325162 0.147416 9.9991E-05
0.163205 0.165285 0.633566 0.0151518 0.0227914
0.274967 0.0269307 0.616119 0.0372676 0.044716
0.324624 0.242563 0.423675 9.9991E-05 0.00903808
0.260007 9.9973E-05 0.739693 9.9973E-05 9.9973E-05
0.383346 0.0232665 0.398146 0.195142 9.9991E-05
0.0825429 0.320604 0.0687592 0.228763 0.29933
0.316268 0.179003 0.499751 9.9991E-05 0.00487803
0.0906896 0.0108113 0.772942 0.0246187 0.100938
0.313347 0.044207 0.329233 0.313113 9.9991E-05
0.308596 0.177279 0.460293 0.0537324 9.9991E-05
0.132697 0.230578 0.330677 0.247431 0.0586168
0.136215 0.166744 0.696841 9.9982E-05 9.9982E-05
0.145775 0.324751 0.482808 0.00530243 0.0413624
0.102807 0.0911043 0.440899 0.365089 9.9991E-05
0.287854 0.177352 0.436007 0.0442706 0.0545166
0.0366967 0.150372 0.0328234 0.62585 0.154258
0.203821 0.337764 0.43479 9.9991E-05 0.0235251
0.9996 9.997E-05 9.997E-05 9.997E-05 9.997E-05
0.963188 9.9973E-05 0.0365117 9.9973E-05 9.9973E-05
0.0927142 0.397526 0.500335 0.0093245 9.9991E-05
0.0472894 0.301089 0.4619 0.189622 9.9991E-05
0.160179 0.294727 0.544894 9.9982E-05 9.9982E-05
0.236185 0.0248844 0.56786 0.163091 0.00798009
9.9982E-05 0.1287 0.759627 0.111472 9.9982E-05
0.285652 0.290623 0.423525 9.9982E-05 9.9982E-05
0.036781 0.0213906 0.643263 0.286183 0.0123828
0.0956894 0.347532 0.18045 0.349093 0.0272358
0.291976 0.201043 0.476156 9.9991E-05 0.0307244
0.228424 0.173556 0.498649 0.0423386 0.0570317
0.0330092 0.562932 0.0884471 0.315512 9.9991E-05
0.173172 0.216576 0.562219 0.0479326 9.9991E-05
0.299032 0.212367 0.466057 9.9991E-05 0.0224438
0.239808 0.292906 0.467086 9.9982E-05 9.9982E-05
0.123268 0.0550491 0.588154 0.233429 9.9991E-05
0.0510298 0.102969 0.552746 0.293155 9.9991E-05
9.9982E-05 0.616504 0.118746 0.26455 9.9982E-05
0.257985 0.00650501 0.73531 9.9982E-05 9.9982E-05
0.18496 0.137823 0.142733 0.534384 9.9991E-05
