0.070857 0.105443 0.0345783 0.0818838 0.707238
0.308276 9.9991E-05 0.054433 0.217325 0.419865
0.0963722 9.9991E-05 0.0452829 0.458395 0.39985
0.0894421 9.9991E-05 0.135281 0.147295 0.627882
0.0236062 0.0590311 9.9991E-05 0.319069 0.598193
9.9982E-05 0.0286443 0.70622 0.264936 9.9982E-05
0.0685936 0.139693 0.00691486 0.193236 0.591562
9.9991E-05 0.023921 0.893094 0.0036723 0.0792129
0.0461425 0.0125265 9.9991E-05 0.504115 0.437116
0.172736 9.9982E-05 9.9982E-05 0.447058 0.380006
0.0710266 0.0345794 0.0120684 0.322875 0.55945
0.0841051 9.9991E-05 0.205266 0.311308 0.399221
0.149192 9.9982E-05 9.9982E-05 0.395623 0.454985
0.0241597 9.9991E-05 0.0148048 0.422392 0.538543
0.0530239 9.9982E-05 0.636527 0.310249 9.9982E-05
0.0820919 9.9991E-05 0.0251312 0.379173 0.513504
9.999E-05 0.0637148 0.159608 0.374302 0.402275
0.185159 0.12987 9.9991E-05 0.0351578 0.649713
0.0904118 0.0113417 0.0283801 0.370021 0.499845
0.0227537 0.0602158 0.00754938 0.0864806 0.823001
0.127023 9.9982E-05 9.9982E-05 0.196318 0.676459
0.119459 9.9991E-05 0.0842561 0.259218 0.536967
0.0208374 0.00281442 9.9991E-05 0.37807 0.598178
9.9982E-05 9.9982E-05 0.610134 0.244979 0.144687
0.135279 0.0722911 9.9991E-05 0.214987 0.577343
0.139993 9.9991E-05 0.5843 0.117184 0.158423
9.9991E-05 0.0608974 0.443066 0.37345 0.122486
9.9973E-05 9.9973E-05 0.317326 9.9973E-05 0.682374
9.9973E-05 9.9973E-05 0.603138 0.396562 9.9973E-05
9.9982E-05 9.9982E-05 0.144808 0.170293 0.684699
9.9991E-05 0.0929964 0.498442 0.165348 0.243113
0.190393 0.0434896 0.0121956 0.184491 0.56943
9.9991E-05 0.0409912 0.2132 0.495315 0.250394
9.9973E-05 9.9973E-05 0.869881 9.9973E-05 0.129819
9.9982E-05 0.0594532 0.898456 0.0418904 9.9982E-05
0.0951219 9.9991E-05 0.0866899 0.452469 0.365619
0.0946925 9.9991E-05 0.12032 0.228439 0.556449
0.276604 9.9982E-05 9.9982E-05 0.261743 0.461453
0.244469 9.9982E-05 0.738391 9.9982E-05 0.0169399
0.136572 0.0191832 0.374153 0.379974 0.0901181
0.136916 0.00435624 0.18489 0.458925 0.214913
9.9982E-05 0.0273281 9.9982E-05 0.512599 0.459873
0.0373072 9.9991E-05 0.0742575 0.319532 0.568803
0.146313 9.9991E-05 0.574613 0.037726 0.241248
0.188098 0.00791587 9.9991E-05 0.342149 0.461737
0.369932 0.0176727 9.9991E-05 0.200147 0.412149
0.0967701 0.0473913 0.0964074 0.149695 0.609736
9.9991E-05 0.0175435 0.0282594 0.551487 0.40261
0.315987 9.9991E-05 0.0136298 0.390642 0.279641
9.9982E-05 9.9982E-05 0.487072 0.470012 0.0427163
0.0100351 0.0838944 9.9991E-05 0.223296 0.682674
0.081596 0.121868 0.439611 0.115619 0.241305
0.23552 0.0339496 9.9991E-05 0.389903 0.340528
0.0596188 9.9982E-05 0.920292 0.0198897 9.9982E-05
9.9982E-05 9.9982E-05 0.439161 0.344673 0.215965
0.150323 0.0191152 9.9991E-05 0.0167184 0.813743
0.101256 0.0272789 0.0203359 0.0453111 0.805818
9.9991E-05 0.0604011 0.232084 0.168863 0.538552
0.033189 9.9991E-05 0.331391 0.503943 0.131377
9.9982E-05 9.9982E-05 0.299062 0.245352 0.455387
0.0144467 0.0319964 0.864336 0.0891207 9.9991E-05
9.9973E-05 9.9973E-05 0.843715 0.155986 9.9973E-05
0.0402039 0.0748271 0.0432104 0.225139 0.61662
9.9973E-05 9.9973E-05 0.977224 0.0224764 9.9973E-05
9.9982E-05 0.0482701 9.9982E-05 0.607685 0.343845
0.170531 9.9973E-05 0.829169 9.9973E-05 9.9973E-05
0.167034 9.9982E-05 9.9982E-05 0.0761234 0.756643
0.0181815 0.00468654 0.142495 0.554929 0.279708
0.113972 0.00215262 9.9991E-05 0.332329 0.551447
9.9982E-05 0.0159534 0.713356 0.27049 9.9982E-05
0.165731 0.0913611 9.9991E-05 0.147743 0.595064
0.129817 9.9991E-05 0.0658226 0.262207 0.542053
0.152623 9.9991E-05 0.306267 0.0672561 0.473754
0.128536 0.0169308 9.9991E-05 0.343303 0.51113
0.141279 9.9991E-05 0.0604477 0.139259 0.658914
0.104072 9.9991E-05 0.380747 0.0280734 0.487008
0.221104 9.9991E-05 0.00174211 0.227992 0.549062
0.15962 0.0176129 0.165725 0.273174 0.383869
0.0576886 9.9991E-05 0.0836321 0.670297 0.188282
0.233606 9.9991E-05 0.00243131 0.212427 0.551436
0.22119 9.9982E-05 9.9982E-05 0.27369 0.50492
0.0412336 0.0374818 9.9991E-05 0.480741 0.440444
0.178757 9.9991E-05 0.0574033 0.196836 0.566904
0.141198 9.9982E-05 9.9982E-05 0.0930774 0.765525
0.0492788 9.9982E-05 9.9982E-05 0.572998 0.377524
0.112025 9.9991E-05 0.103033 0.392491 0.392351
0.0123023 9.9991E-05 0.286138 0.381283 0.320177
0.0101446 9.9991E-05 0.145015 0.542984 0.301757
9.9973E-05 9.9973E-05 0.875963 9.9973E-05 0.123737
0.128448 9.9991E-05 0.252665 0.370392 0.248395
0.202485 9.9991E-05 0.0252889 0.537241 0.234885
0.0303538 9.9991E-05 0.519969 0.27257 0.177008
0.0780023 9.9982E-05 9.9982E-05 0.456058 0.46574
9.9982E-05 9.9982E-05 0.277699 0.137907 0.584195
9.9982E-05 9.9982E-05 0.45647 0.274842 0.268488
9.9982E-05 0.0250334 0.917746 0.0570207 9.9982E-05
0.11631 9.9991E-05 0.106738 0.267543 0.509309
0.170969 9.9991E-05 0.048798 0.52479 0.255343
0.26572 9.9991E-05 0.0746317 0.191431 0.468117
0.0407255 9.9991E-05 0.225687 0.0735937 0.659894
0.0559122 9.9991E-05 0.439467 0.382565 0.121955
0.125665 9.9991E-05 0.0258465 0.0640357 0.784353
0.190265 0.0964541 0.0172946 0.106371 0.589615
0.0889625 0.0475873 9.9991E-05 0.151809 0.711541
0.172151 0.054155 9.9991E-05 0.213792 0.559802
0.0614232 9.9982E-05 0.739537 0.198839 9.9982E-05
0.0127409 0.119521 0.481338 0.357704 0.0286958
0.0644501 9.9982E-05 9.9982E-05 0.174828 0.760522
0.0908594 9.9991E-05 0.0156453 0.269599 0.623796
0.0123631 9.9982E-05 9.9982E-05 0.248349 0.739087
9.9973E-05 9.9973E-05 0.394093 0.605607 9.9973E-05
9.9973E-05 0.0113123 0.988388 9.9973E-05 9.9973E-05
9.9982E-05 9.9982E-05 0.40928 0.326348 0.264172
0.0445237 0.0137325 9.9991E-05 0.269813 0.671831
0.105275 9.9991E-05 0.0862297 0.126636 0.681759
0.294016 9.9982E-05 0.0231421 9.9982E-05 0.682642
0.0298471 9.9982E-05 9.9982E-05 0.103672 0.866281
9.9982E-05 0.000676934 0.918912 0.0802111 9.9982E-05
0.0550098 0.0951387 0.0789774 9.9991E-05 0.770774
0.188612 9.9982E-05 9.9982E-05 0.172371 0.638816
0.178979 9.9982E-05 0.151643 9.9982E-05 0.669178
9.9991E-05 0.0459182 0.581362 0.171769 0.200851
9.9982E-05 0.0354855 9.9982E-05 0.266229 0.698086
9.9991E-05 0.0319097 0.0195103 0.41201 0.53647
0.21159 9.9982E-05 9.9982E-05 0.202583 0.585628
0.142198 9.9982E-05 9.9982E-05 0.39354 0.464062
0.00456499 9.9982E-05 0.668879 9.9982E-05 0.326356
9.9973E-05 0.0889881 0.910712 9.9973E-05 9.9973E-05
0.232464 9.9982E-05 9.9982E-05 0.615837 0.151499
0.333073 0.0448876 0.0459317 0.123137 0.45297
0.206481 9.9982E-05 9.9982E-05 0.356135 0.437183
0.195786 0.0221528 9.9991E-05 0.539968 0.241993
9.9982E-05 9.9982E-05 0.367556 0.367018 0.265227
0.104728 0.180964 0.00904547 0.412548 0.292715
0.0523516 9.9991E-05 0.215015 0.0928816 0.639652
0.459133 9.9991E-05 0.0167366 0.243316 0.280715
9.9991E-05 0.0210941 0.615676 0.0756424 0.287488
0.0300347 0.0430471 0.307696 0.257068 0.362155
0.419604 9.9991E-05 0.191836 0.139989 0.248471
0.0200837 0.0216744 0.56807 0.276944 0.113228
9.9982E-05 9.9982E-05 0.12273 0.246279 0.630791
0.129534 0.0404188 0.394481 0.202423 0.233143
0.0739393 9.9991E-05 0.251101 0.401282 0.273578
9.9991E-05 0.0554701 0.107659 0.721825 0.114946
0.0146147 0.0522946 0.676264 0.256727 9.9991E-05
0.168884 0.00551125 0.294041 0.145663 0.385901
9.9982E-05 9.9982E-05 0.179972 0.592427 0.227401
0.225639 9.9982E-05 9.9982E-05 0.118538 0.655622
0.267166 9.9982E-05 0.0142125 9.9982E-05 0.718421
0.127886 0.130463 9.9991E-05 0.316984 0.424567
0.19443 9.9982E-05 9.9982E-05 0.478031 0.327339
9.9991E-05 0.0488093 0.312498 0.161016 0.477577
0.0648063 9.9991E-05 0.733939 0.101177 0.0999778
0.154243 0.016776 0.39013 0.306417 0.132434
0.319566 9.9982E-05 9.9982E-05 0.474999 0.205235
0.201676 0.0980907 9.9991E-05 0.436898 0.263235
0.0806103 9.9982E-05 0.862063 0.0571266 9.9982E-05
0.197466 0.0174103 9.9991E-05 0.384046 0.400978
0.0808407 0.145301 0.00144372 0.199037 0.573377
0.0838374 9.9991E-05 0.180443 0.282266 0.453354
0.149724 0.0572976 0.00890455 0.333105 0.450969
9.9991E-05 0.0619781 0.109086 0.72984 0.0989964
0.178672 9.9991E-05 0.0714307 0.469006 0.280791
0.262055 9.9991E-05 0.0742489 0.142897 0.520698
0.224762 9.9982E-05 9.9982E-05 0.17689 0.598149
0.121785 0.00699182 9.9991E-05 0.0537413 0.817382
0.268127 9.9991E-05 0.143556 0.516194 0.072023
9.9973E-05 9.9973E-05 0.478295 0.521405 9.9973E-05
0.0694558 9.9991E-05 0.213417 0.550299 0.166728
0.111982 0.0519275 0.0360212 0.596553 0.203517
0.0517987 0.100093 0.153884 0.29953 0.394695
9.9982E-05 9.9982E-05 0.0701681 0.497905 0.431727
9.9973E-05 9.9973E-05 0.975782 0.0239181 9.9973E-05
9.9991E-05 0.0346695 0.0293298 0.68355 0.252351
9.9982E-05 9.9982E-05 0.264846 0.54917 0.185784
0.0985722 0.127889 9.9991E-05 0.526459 0.24698
0.0422704 9.9991E-05 0.160455 0.485062 0.312113
0.109266 9.9991E-05 0.561403 0.26632 0.0629116
0.149042 0.0230309 0.445639 0.120649 0.261638
9.9973E-05 9.9973E-05 0.565958 9.9973E-05 0.433742
9.9973E-05 9.9973E-05 9.9973E-05 0.421325 0.578375
0.0100971 9.9982E-05 0.730787 0.258916 9.9982E-05
0.097171 9.9991E-05 0.382931 0.197454 0.322343
0.124538 0.124043 9.9991E-05 0.333403 0.417916
0.00714227 9.9973E-05 0.992558 9.9973E-05 9.9973E-05
9.9982E-05 9.9982E-05 0.518713 0.480942 0.00014498
0.00108721 0.0720329 0.0163476 0.456865 0.453667
9.9982E-05 9.9982E-05 0.424776 0.295589 0.279436
9.9982E-05 9.9982E-05 0.126197 0.290698 0.582905
0.0675646 0.0820695 9.9991E-05 0.403977 0.446289
0.183227 9.9991E-05 0.291572 0.337054 0.188047
0.063983 9.9982E-05 9.9982E-05 0.308115 0.627702
9.9973E-05 9.9973E-05 9.9973E-05 0.405663 0.594037
0.178568 0.0765108 0.0307934 0.354448 0.35968
0.189464 0.00314715 0.227367 0.468352 0.11167
0.0798172 0.00581066 0.285869 9.9991E-05 0.628403
0.210092 0.150496 9.9991E-05 0.124812 0.5145
0.121658 0.0576901 0.134063 0.192172 0.494417
0.102097 0.19174 9.9991E-05 0.400648 0.305415
0.150264 0.0108665 9.9991E-05 0.576342 0.262427
0.149051 9.9991E-05 0.273624 0.434831 0.142394
0.123896 9.9982E-05 9.9982E-05 0.226291 0.649613
0.129267 0.0608159 9.9991E-05 0.554938 0.254879
0.37098 0.0710139 9.9991E-05 0.323152 0.234754
0.144855 0.300636 9.9991E-05 0.148108 0.406301
0.337193 9.9991E-05 0.244562 0.224663 0.193481
0.00844166 0.127774 0.0065104 0.0189501 0.838324
9.9982E-05 9.9982E-05 0.142211 0.499462 0.358127
0.0908568 9.9982E-05 9.9982E-05 0.293963 0.61498
0.225876 0.013386 9.9991E-05 0.0530089 0.707629
0.128078 0.0761613 9.9991E-05 0.272046 0.523615
0.102137 9.9991E-05 0.383815 0.131636 0.382311
0.00632115 9.9991E-05 0.412507 0.300146 0.280927
9.9973E-05 9.9973E-05 9.9973E-05 0.129926 0.869774
0.31655 9.9982E-05 9.9982E-05 0.112532 0.570718
0.0136173 0.136756 9.9991E-05 0.227016 0.622512
0.0362613 0.0374237 9.9991E-05 0.608804 0.317411
9.9982E-05 9.9982E-05 0.307972 0.359418 0.33241
0.109772 9.9991E-05 0.164465 0.430441 0.295221
0.120057 0.154261 9.9991E-05 0.339077 0.386506
0.111287 9.9991E-05 0.574034 0.147755 0.166825
0.021958 0.0324303 0.155467 0.310775 0.479369
0.0733745 0.104246 0.137039 0.41491 0.27043
0.0131844 9.9982E-05 0.720867 0.265749 9.9982E-05
0.100301 0.0387534 9.9991E-05 0.616639 0.244206
0.223582 9.9982E-05 9.9982E-05 0.372684 0.403534
0.0258661 9.9991E-05 0.0505672 0.237056 0.686411
0.168884 9.9982E-05 9.9982E-05 0.204287 0.626629
0.0612522 0.176296 9.9991E-05 0.402386 0.359966
0.0117035 0.0381597 9.9991E-05 0.500292 0.449745
0.127128 9.9982E-05 9.9982E-05 0.233638 0.639034
0.127751 9.9982E-05 9.9982E-05 0.180624 0.691424
0.0852387 9.9991E-05 0.17682 0.487317 0.250524
0.117397 0.00422157 9.9991E-05 0.252868 0.625413
0.194424 9.9982E-05 9.9982E-05 0.245217 0.560158
0.0205204 9.9982E-05 0.011364 0.967916 9.9982E-05
0.198113 9.9991E-05 0.0117791 0.229114 0.560893
0.0830114 0.0296139 0.00807378 0.25598 0.623321
9.9991E-05 0.00473854 0.34448 0.0978129 0.552869
9.9982E-05 9.9982E-05 0.245946 0.267266 0.486588
0.0254403 9.9982E-05 9.9982E-05 0.316376 0.657984
0.054267 9.9991E-05 0.551032 0.111221 0.28338
0.164302 9.9982E-05 9.9982E-05 0.462447 0.373052
9.9982E-05 9.9982E-05 0.301677 0.294577 0.403546
0.136326 0.0891506 9.9991E-05 0.170208 0.604216
9.9991E-05 0.0151879 0.156489 0.821883 0.00634031
9.9991E-05 0.167883 0.2223 0.304747 0.30497
0.137042 9.9991E-05 0.555102 0.0920324 0.215724
9.9973E-05 9.9973E-05 9.9973E-05 0.530113 0.469587
0.0166145 9.9982E-05 9.9982E-05 0.375035 0.60815
0.00292722 9.9991E-05 0.315414 0.349916 0.331643
0.324299 9.9991E-05 0.0674373 0.265 0.343164
9.9982E-05 0.00119092 9.9982E-05 0.303558 0.695051
9.9991E-05 0.0602141 0.841856 0.0470382 0.0507914
0.15109 9.9982E-05 9.9982E-05 0.40756 0.44115
9.9982E-05 0.0301957 9.9982E-05 0.416662 0.552942
0.104338 9.9991E-05 0.0355078 0.227521 0.632533
0.135284 9.9991E-05 0.0559917 0.237892 0.570732
0.0974388 9.9991E-05 0.0428168 0.167733 0.691912
0.185616 9.9982E-05 9.9982E-05 0.36249 0.451695
0.11631 9.9991E-05 0.0374285 0.181536 0.664625
9.9991E-05 0.00952509 0.0831476 0.304417 0.60281
0.090921 9.9991E-05 0.488482 0.372863 0.0476342
9.9982E-05 9.9982E-05 0.00171367 0.455876 0.54221
0.0540105 0.0398588 0.00830348 0.00351175 0.894315
0.1782 0.0285335 0.137688 0.426497 0.229082
0.0454392 0.0122545 0.420385 0.0584483 0.463473
0.291335 0.0130729 9.9991E-05 0.111754 0.583739
9.9982E-05 9.9982E-05 0.280982 0.293895 0.424924
0.132774 9.9982E-05 9.9982E-05 0.151748 0.715278
9.9991E-05 0.0356934 0.293422 0.335527 0.335258
0.0156188 0.109991 0.0924927 0.379757 0.402141
0.103909 9.9991E-05 0.456029 0.39187 0.0480923
0.129236 9.9991E-05 0.291864 0.032857 0.545943
0.0853127 0.129982 0.00983531 0.379829 0.39504
0.12451 9.9991E-05 0.238738 0.228806 0.407846
0.0882076 9.9982E-05 9.9982E-05 0.457657 0.453936
0.0934528 9.9991E-05 0.0325563 0.268053 0.605838
0.155663 9.9982E-05 9.9982E-05 0.483387 0.36075
0.0175529 0.0105697 0.275482 0.347316 0.349079
9.9973E-05 9.9973E-05 9.9973E-05 0.673541 0.326159
0.311082 9.9982E-05 9.9982E-05 0.420145 0.268574
0.175942 0.00963481 9.9991E-05 0.0337791 0.780544
0.102968 0.0265036 0.618642 9.9991E-05 0.251786
0.0118261 0.0575756 0.930398 9.9982E-05 9.9982E-05
0.172193 9.9991E-05 0.0406658 0.406123 0.380918
0.17942 0.0997771 0.0612495 0.280945 0.378608
0.13887 0.0693922 0.0450202 0.612369 0.134349
0.0482464 9.9991E-05 0.163863 0.601402 0.186388
0.0592841 0.053992 0.197637 0.325953 0.363133
0.280244 9.9991E-05 0.140233 0.058689 0.520734
0.123024 0.141076 9.9991E-05 0.259564 0.476236
0.117408 0.0698322 9.9991E-05 0.334364 0.478295
0.161806 9.9991E-05 0.020224 0.244841 0.57303
0.232974 0.00505677 9.9991E-05 0.160652 0.601218
9.9973E-05 9.9973E-05 9.9973E-05 0.179021 0.820679
0.0708713 9.9982E-05 9.9982E-05 0.226683 0.702246
0.139948 0.00171415 0.00743192 0.584345 0.266561
0.0593871 0.0879704 9.9991E-05 0.408755 0.443787
0.238336 9.9991E-05 0.100288 0.0644646 0.596812
0.2342 0.0479275 9.9991E-05 0.399587 0.318185
0.0762631 0.0180481 0.00102741 0.503604 0.401058
0.115953 0.0165767 0.113534 0.0198789 0.734057
0.106342 0.0552495 0.565703 9.9991E-05 0.272606
0.158121 9.9991E-05 0.403862 0.328996 0.10892
9.9982E-05 0.0583506 0.834308 9.9982E-05 0.107142
0.193249 9.9982E-05 9.9982E-05 0.315704 0.490848
0.0625026 0.00209799 0.821044 9.9991E-05 0.114255
9.9991E-05 0.0442284 0.769148 0.175108 0.0114153
0.316288 9.9982E-05 9.9982E-05 0.298455 0.385058
0.278067 0.101675 0.0353891 0.0620524 0.522817
0.230637 0.0364578 9.9991E-05 0.151311 0.581494
9.9982E-05 9.9982E-05 0.662695 0.22765 0.109454
9.9982E-05 0.0521929 9.9982E-05 0.218313 0.729294
0.032209 9.9991E-05 0.390381 0.470883 0.106427
0.364563 9.9991E-05 0.0543535 0.0544885 0.526495
0.095185 9.9991E-05 0.809682 0.0529532 0.0420799
0.0343665 0.0150467 0.0882287 0.516627 0.345731
9.9982E-05 9.9982E-05 0.00627422 0.233565 0.759961
0.0797293 9.9991E-05 0.00539818 0.0281007 0.886672
0.0951611 9.9982E-05 9.9982E-05 0.429401 0.475238
0.00635786 9.9982E-05 0.727063 9.9982E-05 0.266379
0.00262303 0.037898 0.200107 0.392742 0.36663
0.0238279 0.0932094 0.401154 0.287115 0.194694
0.151119 0.120313 0.00241556 0.0296005 0.696552
0.010625 0.063717 0.685041 0.209047 0.03157
0.15274 0.164061 0.081908 0.395229 0.206062
0.0224424 0.0215979 0.377713 0.520338 0.0579087
0.187714 0.0317641 9.9991E-05 0.219998 0.560424
9.9991E-05 0.0148876 0.128268 0.752898 0.103847
0.0239196 0.00259347 0.576598 0.0585164 0.338372
0.184275 0.0571716 9.9991E-05 0.133716 0.624737
0.288547 9.9982E-05 9.9982E-05 0.201703 0.509551
0.141184 9.9982E-05 9.9982E-05 0.39436 0.464256
0.108425 0.0543278 9.9991E-05 0.272705 0.564443
0.0678656 9.9991E-05 0.376781 0.508103 0.0471501
0.119602 0.0628772 9.9991E-05 0.447713 0.369707
0.248566 9.99905E-05 9.99905E-05 0.100841 0.650393
0.111722 0.000777028 0.0269098 0.112089 0.748502
0.0659389 9.9991E-05 0.495545 0.199244 0.239172
0.0660054 0.0372737 0.242302 0.315783 0.338636
0.132836 9.9991E-05 0.010774 0.257994 0.598295
0.265745 9.9982E-05 0.0730699 0.660985 9.9982E-05
0.319592 9.9991E-05 0.165911 0.393521 0.120877
0.177541 0.0439052 9.9991E-05 0.488321 0.290132
0.081632 0.046632 0.353757 0.394231 0.123748
9.9982E-05 0.0105843 9.9982E-05 0.734122 0.255094
9.9991E-05 0.0349782 0.43035 0.305623 0.228949
9.9973E-05 0.153037 9.9973E-05 9.9973E-05 0.846663
0.13215 9.9982E-05 9.9982E-05 0.163917 0.703734
0.119749 9.9982E-05 9.9982E-05 0.346543 0.533509
0.144 9.9982E-05 9.9982E-05 0.059082 0.796718
0.196709 0.106387 9.9991E-05 0.123945 0.572859
0.308755 9.9991E-05 0.00411601 0.20742 0.479609
0.132435 9.9991E-05 0.227357 0.476267 0.163841
9.9982E-05 0.0407963 9.9982E-05 0.78072 0.178284
0.212755 9.9982E-05 9.9982E-05 0.22361 0.563435
9.9991E-05 0.0504243 0.0876941 0.0955159 0.766266
0.181467 9.9991E-05 0.0393369 0.612675 0.166421
9.9982E-05 0.0515864 0.248652 0.699562 9.9982E-05
0.32417 0.116858 9.9991E-05 0.158577 0.400295
0.198495 0.0644418 0.00254117 0.131744 0.602778
0.0352033 9.9991E-05 0.802908 0.0612003 0.100589
9.9982E-05 9.9982E-05 0.642214 0.100964 0.256621
0.237184 9.9982E-05 9.9982E-05 0.212446 0.55017
0.239653 0.360606 9.9982E-05 9.9982E-05 0.399542
0.208196 0.568366 0.0596043 0.100822 0.0630116
0.230953 0.381591 0.00242585 0.195584 0.189446
0.141246 0.104093 9.9991E-05 0.191671 0.56289
0.261124 0.530034 9.9982E-05 9.9982E-05 0.208642
0.192185 0.531607 0.0223335 9.9991E-05 0.253774
0.027336 0.557945 9.9991E-05 0.330622 0.0839972
0.464441 0.428167 0.020403 0.00524332 0.0817462
0.146305 0.50165 9.9991E-05 0.142766 0.209179
0.24549 0.368151 9.9991E-05 0.0182039 0.368055
0.0764982 0.306178 9.9991E-05 0.30975 0.307474
0.250682 0.483608 0.018013 0.13102 0.116678
0.165836 0.225043 9.9991E-05 0.222438 0.386583
0.630653 0.203421 0.0203611 9.9991E-05 0.145465
0.430046 0.35744 0.006088 9.9991E-05 0.206327
0.123022 0.609922 0.0137748 0.192068 0.0612137
0.0225009 0.448935 9.9991E-05 0.107124 0.42134
0.132531 0.353197 9.9991E-05 0.276401 0.237771
0.0810888 0.101495 0.793014 0.000835114 0.0235672
0.0810151 0.413056 0.0019691 0.132853 0.371107
0.268156 0.380415 0.022115 0.102938 0.226376
0.0355146 0.126366 0.105942 0.172681 0.559496
0.198627 0.710789 9.9991E-05 0.00200349 0.0884807
0.239349 0.596528 9.9982E-05 0.163922 9.9982E-05
0.135854 0.095586 9.9991E-05 0.586762 0.181698
0.237371 0.496617 0.00917503 9.9991E-05 0.256736
0.141215 0.399681 9.9991E-05 0.19985 0.259154
0.328818 0.313758 9.9991E-05 0.0973948 0.259929
0.147649 0.636165 0.0455729 0.0284699 0.142143
0.400853 0.489371 0.054592 0.0550841 9.9991E-05
0.34089 0.577256 9.9991E-05 0.0414728 0.0402817
9.9982E-05 0.760738 0.00570239 9.9982E-05 0.23336
0.27846 0.423474 0.00958378 0.0772492 0.211233
0.36857 0.378879 9.9991E-05 0.102502 0.149949
9.9982E-05 0.69645 0.115553 0.187796 9.9982E-05
0.327243 0.444439 9.9991E-05 0.211117 0.0171003
0.330902 0.473597 0.117516 0.0460068 0.0319779
0.45423 9.9982E-05 9.9982E-05 0.0978684 0.447702
0.238607 0.550392 9.9982E-05 9.9982E-05 0.210801
0.301397 0.334799 0.0411659 0.141752 0.180886
9.9982E-05 0.551891 9.9982E-05 0.218977 0.228932
0.293772 0.331068 9.9991E-05 0.295941 0.0791198
9.9973E-05 0.772573 9.9973E-05 9.9973E-05 0.227127
0.149082 0.0882715 0.0103501 0.20987 0.542426
0.17389 0.525966 0.0218405 9.9991E-05 0.278203
9.9991E-05 0.108751 0.316245 0.389278 0.185626
0.326756 0.00876698 9.9991E-05 0.366954 0.297423
0.0942488 0.136392 9.9991E-05 0.343597 0.425662
0.16431 0.55014 0.0766066 0.0376861 0.171257
0.33693 0.386691 0.0310938 0.0910484 0.154237
0.370954 0.464976 0.0302098 9.9991E-05 0.13376
0.0955323 0.357286 9.9991E-05 0.336248 0.210834
0.362592 0.319716 0.0320576 0.199598 0.086036
0.227537 0.469595 0.0125262 0.0464476 0.243895
0.186714 0.392596 9.9991E-05 0.0268181 0.393772
0.131024 0.663891 9.9991E-05 0.132087 0.0728985
9.9982E-05 0.530001 9.9982E-05 0.264458 0.205341
0.97265 9.9982E-05 0.0219953 9.9982E-05 0.00515513
0.152689 0.707336 9.9982E-05 9.9982E-05 0.139775
0.244177 0.522205 0.0119182 9.9991E-05 0.2216
0.377886 0.418359 0.0444313 9.9991E-05 0.159223
0.296162 0.50957 9.9991E-05 0.172448 0.0217194
0.124855 0.0968999 9.9991E-05 0.20547 0.572676
0.411647 0.400492 9.9991E-05 0.0651432 0.122618
9.9991E-05 0.109218 0.211646 0.264495 0.414542
0.184794 0.431844 0.024954 9.9991E-05 0.358308
0.245422 0.464828 0.0610362 0.195983 0.0327311
0.19265 9.9991E-05 0.106934 0.483797 0.21652
0.400259 0.401122 0.0309764 0.0833165 0.0843267
0.113844 0.509926 9.9991E-05 0.276187 0.099943
0.977853 0.0218466 9.9973E-05 9.9973E-05 9.9973E-05
0.370901 0.39082 9.9991E-05 0.202555 0.0356242
0.246659 0.362218 0.00383222 0.0486043 0.338687
0.242331 0.482877 9.9991E-05 0.123351 0.15134
0.104021 0.57639 0.0454044 0.109977 0.164207
0.218682 0.392784 0.00523631 9.9991E-05 0.383198
0.171114 0.152361 0.0178476 0.262102 0.396575
0.333009 0.363651 9.9982E-05 0.30314 9.9982E-05
0.170941 0.365491 9.9991E-05 0.280259 0.18321
9.9982E-05 0.0576524 0.843374 0.0987732 9.9982E-05
0.236735 0.454159 0.0045776 0.0220233 0.282505
0.125985 0.0180689 0.110115 0.26236 0.48347
0.279666 0.568514 9.9982E-05 0.15162 9.9982E-05
0.50317 0.224236 9.9991E-05 0.116769 0.155725
0.366821 0.149994 9.9991E-05 0.0665938 0.416491
0.232264 0.0882117 9.9991E-05 0.072864 0.60656
0.205139 0.422536 9.9991E-05 0.144997 0.227228
0.256965 0.423967 9.9991E-05 0.0309999 0.287968
0.25436 0.437423 9.9991E-05 0.231633 0.0764837
0.32229 0.448768 0.0441325 9.9991E-05 0.184709
0.277135 0.0705427 0.0743354 0.089378 0.488609
0.289525 0.483147 9.9991E-05 0.145621 0.0816078
0.107796 0.469525 9.9991E-05 0.268801 0.153778
0.145347 0.461721 9.9991E-05 0.166363 0.226468
9.9982E-05 9.9982E-05 0.0269937 0.318411 0.654395
0.15792 0.523251 9.9991E-05 0.28294 0.0357885
0.0451424 0.565105 9.9991E-05 0.347652 0.0420009
0.304905 0.359948 9.9982E-05 9.9982E-05 0.334947
0.504976 0.316696 9.9991E-05 0.0455284 0.132699
0.0624239 9.9982E-05 9.9982E-05 0.624258 0.313118
0.0967492 9.9973E-05 0.902951 9.9973E-05 9.9973E-05
0.307995 0.355046 9.9991E-05 0.334074 0.00278478
0.258796 0.278992 0.00873912 9.9991E-05 0.453372
0.303103 0.286776 9.9991E-05 0.0135836 0.396438
0.226064 0.50093 0.0503123 0.0704391 0.152254
0.330351 0.562048 0.0220678 9.9991E-05 0.0854332
0.146852 0.546935 9.9982E-05 9.9982E-05 0.306013
0.275923 0.560082 9.9991E-05 0.101844 0.0620509
0.249315 0.563415 0.0486466 0.0105963 0.128027
0.0930875 0.582481 0.0285306 0.183329 0.112572
0.281464 0.264303 9.9991E-05 0.099184 0.35495
0.178401 0.0273575 9.9991E-05 0.264311 0.529831
0.404327 0.472345 9.9982E-05 0.123128 9.9982E-05
0.283912 0.355333 0.00583587 9.9991E-05 0.354819
0.232664 9.9982E-05 9.9982E-05 0.00802968 0.759106
0.265105 0.488175 0.00425602 0.164956 0.0775091
0.0748724 9.9982E-05 9.9982E-05 0.483622 0.441306
0.20494 0.398201 0.0601627 9.9991E-05 0.336596
0.356421 0.369627 9.9991E-05 0.208588 0.0652641
0.241601 0.0715477 9.9991E-05 0.333537 0.353214
0.102672 0.553145 9.9991E-05 0.311339 0.0327435
0.0877952 0.298064 9.9991E-05 0.296892 0.317149
0.613197 0.237519 0.04608 9.9991E-05 0.103104
0.339747 9.9973E-05 0.659953 9.9973E-05 9.9973E-05
0.513363 0.377865 9.9982E-05 9.9982E-05 0.108572
0.20407 0.523736 9.9991E-05 0.0435938 0.2285
0.270872 0.459337 9.9982E-05 0.269591 9.9982E-05
0.281651 0.35838 0.00667747 0.128317 0.224974
0.380681 0.371817 0.0442334 9.9991E-05 0.203168
0.41383 0.461972 9.9982E-05 9.9982E-05 0.123997
0.350465 0.327018 0.0131092 9.9991E-05 0.309308
9.9982E-05 0.0126776 9.9982E-05 0.274042 0.713081
0.309785 0.342151 9.9982E-05 0.347864 9.9982E-05
0.22239 0.530341 0.00491978 0.0166073 0.225742
0.160016 0.720017 9.9982E-05 0.119767 9.9982E-05
0.12828 0.590507 0.0151839 0.105016 0.161013
0.392732 0.263732 9.9991E-05 0.308582 0.0348534
0.0591305 0.378515 0.00303307 0.143191 0.416131
0.170757 0.310004 9.9982E-05 9.9982E-05 0.519038
0.262071 0.283954 0.00624205 0.412556 0.0351767
0.319067 0.330709 9.9991E-05 0.239848 0.110276
0.0896909 0.449095 9.9982E-05 0.461014 9.9982E-05
0.143522 9.9991E-05 0.079572 0.226552 0.550254
0.281182 0.229348 0.0124251 0.0438082 0.433237
0.182491 0.508122 9.9982E-05 0.309187 9.9982E-05
0.22001 0.584321 0.0221376 0.144326 0.0292041
0.247305 0.350818 0.0373668 0.185714 0.178796
0.585666 0.39458 9.9982E-05 0.0195545 9.9982E-05
0.218074 0.416635 9.9991E-05 0.225324 0.139867
0.0836192 9.9982E-05 9.9982E-05 0.351141 0.56504
0.322652 9.9991E-05 0.0698938 0.176335 0.43102
0.225201 0.419554 0.039209 0.0612024 0.254833
0.292704 0.467985 9.9991E-05 0.0746857 0.164526
0.278834 0.512171 0.00105896 0.0338442 0.174091
0.186404 0.352476 9.9991E-05 0.149349 0.311671
0.298929 0.50684 0.0288687 9.9991E-05 0.165262
0.190639 0.630411 0.00717233 0.171678 9.9991E-05
9.9991E-05 0.113504 0.186787 0.579444 0.120166
0.276233 0.395552 0.0321525 9.9991E-05 0.295963
0.173467 0.382526 9.9991E-05 0.207842 0.236065
0.13154 0.122455 0.322959 0.322042 0.101004
0.0880001 9.9991E-05 0.193828 0.495803 0.222269
0.257299 0.514266 9.9991E-05 0.203382 0.0249525
0.186441 0.324835 0.0628409 0.255793 0.17009
0.322457 0.527277 9.9991E-05 0.0822725 0.067893
0.181517 0.104043 9.9991E-05 0.0317135 0.682627
0.220536 0.42845 9.9991E-05 0.138386 0.212529
0.401229 0.387561 0.0249973 9.9991E-05 0.186113
0.0648906 0.082269 0.202919 0.579295 0.0706268
0.243645 0.449746 9.9991E-05 0.161693 0.144815
0.109307 0.608582 9.9982E-05 9.9982E-05 0.281911
0.297552 0.44237 0.00756864 0.0498892 0.20262
0.199498 0.368806 9.9991E-05 0.267378 0.164218
0.132914 0.577941 9.9991E-05 0.209292 0.079753
0.42878 0.407989 0.00512415 0.0490707 0.109036
0.270122 0.508121 0.0458118 9.9991E-05 0.175845
0.445802 0.209972 9.9991E-05 0.0364037 0.307722
0.178828 0.616821 0.02823 9.9991E-05 0.176021
0.130882 0.441163 9.9991E-05 0.293922 0.133933
0.0560765 0.0408593 0.637198 0.265766 9.9991E-05
0.307107 0.567739 9.9982E-05 0.124954 9.9982E-05
0.192551 0.559999 0.0103573 0.0682592 0.168833
0.228091 0.0986574 9.9991E-05 0.464668 0.208484
0.603871 0.395829 9.9973E-05 9.9973E-05 9.9973E-05
0.131153 0.456042 9.9991E-05 0.277353 0.135352
0.351968 0.391742 9.9982E-05 0.256089 9.9982E-05
0.0230654 0.260367 0.071762 0.333631 0.311174
0.230699 0.485617 9.9991E-05 0.20474 0.0788436
0.208748 0.572076 0.0355725 9.9991E-05 0.183504
0.413871 0.412774 0.0396276 0.0689128 0.0648144
0.325024 0.436357 9.9991E-05 0.0450954 0.193424
0.20738 0.370617 9.9991E-05 0.203253 0.21865
9.9973E-05 0.0215702 0.97813 9.9973E-05 9.9973E-05
0.38018 0.339907 9.9982E-05 0.279713 9.9982E-05
0.284189 0.224426 9.9991E-05 0.0426852 0.4486
0.28693 0.339696 9.9991E-05 0.10294 0.270334
0.337012 0.51488 9.9991E-05 0.0609965 0.0870119
0.339336 0.522746 0.0396173 9.9991E-05 0.0982001
0.153501 0.491203 0.0499278 9.9991E-05 0.305268
0.197433 9.9982E-05 0.543035 0.259332 9.9982E-05
0.377586 0.405665 9.9991E-05 0.0943758 0.122273
0.326618 0.332246 9.9982E-05 0.340936 9.9982E-05
0.282537 0.369368 9.9982E-05 9.9982E-05 0.347895
0.290083 0.418751 9.9991E-05 0.20046 0.090606
0.351635 0.397757 0.00506237 0.22557 0.0199759
0.235408 0.53401 0.00674564 0.162686 0.0611504
0.315657 0.316054 9.9991E-05 0.223085 0.145103
0.318189 0.353376 0.0213335 0.0474095 0.259691
0.219533 0.324511 9.9991E-05 0.453454 0.00240252
0.0547346 0.48863 0.0205709 0.0140798 0.421984
0.370965 0.502237 0.0262132 9.9991E-05 0.100486
0.174152 0.383455 9.9991E-05 0.175066 0.267226
0.267209 0.359515 9.9991E-05 0.0528045 0.320372
0.0903616 0.545475 9.9991E-05 0.19247 0.171594
0.112 0.399044 9.9991E-05 0.240302 0.248554
0.238524 0.24675 0.0277963 0.131912 0.355018
0.216494 0.433125 9.9991E-05 0.0551845 0.295097
0.230487 0.570891 0.0716911 0.101939 0.0249915
0.408004 0.324962 0.0360836 9.9991E-05 0.230851
0.140914 0.402987 9.9991E-05 0.235212 0.220787
0.157908 0.348919 0.0045473 0.252614 0.236012
0.519272 0.456449 9.9982E-05 9.9982E-05 0.0240788
0.299247 0.268281 0.0259073 0.019984 0.386581
0.114362 0.482981 0.0133843 0.0282918 0.360981
9.9973E-05 9.9973E-05 0.904662 0.0950386 9.9973E-05
0.0130116 0.0506583 0.261005 0.519561 0.155764
0.167877 0.108612 0.157422 0.35943 0.206659
9.9973E-05 9.9973E-05 0.512191 0.487509 9.9973E-05
0.0934531 0.194879 9.9991E-05 0.384162 0.327407
0.189288 0.0872368 9.9991E-05 0.249101 0.474275
9.9991E-05 0.0913558 0.116728 0.335072 0.456745
0.150411 0.566826 9.9982E-05 0.282563 9.9982E-05
0.139578 0.389751 0.0182677 0.0156391 0.436764
0.412685 0.515441 9.9982E-05 0.0716744 9.9982E-05
0.100153 0.28127 9.9991E-05 0.164812 0.453664
0.260496 0.402199 0.0895517 9.9991E-05 0.247653
0.282322 0.337978 0.0178175 0.263347 0.098536
0.276737 0.3384 9.9991E-05 0.224747 0.160017
0.241991 0.416122 0.0306734 9.9991E-05 0.311113
0.232158 0.395141 9.9991E-05 0.157641 0.21496
0.325228 0.416594 0.00785839 0.184143 0.0661762
0.197289 0.341917 9.9982E-05 0.460594 9.9982E-05
0.0927988 0.166346 0.0399856 0.346603 0.354266
0.410989 0.334665 0.0404318 0.213814 9.9991E-05
0.512186 0.388075 9.9982E-05 9.9982E-05 0.0995395
0.350505 0.278791 0.0192827 0.198089 0.153332
9.9982E-05 0.127392 0.742935 0.129473 9.9982E-05
9.9991E-05 0.133161 0.21996 0.362016 0.284763
0.214641 0.35756 9.9991E-05 0.241243 0.186456
0.439394 0.261567 9.9982E-05 9.9982E-05 0.298839
0.0787159 0.0840258 0.164331 0.458738 0.21419
0.456427 0.403419 9.9991E-05 0.0223984 0.117655
0.237476 0.609766 0.0280813 0.0333503 0.0913258
0.0683502 9.9991E-05 0.0163547 0.502852 0.412343
0.142974 0.547616 9.9982E-05 9.9982E-05 0.309211
0.298013 0.564878 0.0254376 9.9991E-05 0.111572
0.9996 9.997E-05 9.997E-05 9.997E-05 9.997E-05
0.9996 9.997E-05 9.997E-05 9.997E-05 9.997E-05
0.191501 0.446893 0.042353 0.188821 0.130431
0.320259 0.464991 9.9991E-05 0.0911677 0.123482
9.9982E-05 0.146642 0.255003 0.598155 9.9982E-05
0.368527 0.306143 9.9982E-05 9.9982E-05 0.32513
0.08021 0.474243 0.00618568 0.0660498 0.373311
0.395925 0.542473 9.9982E-05 0.0614024 9.9982E-05
0.0562184 0.134651 0.0944743 0.557534 0.157123
0.35357 0.116064 9.9991E-05 0.212074 0.318192
0.05162 0.218463 9.9991E-05 0.416879 0.312938
0.438163 0.355864 9.9982E-05 9.9982E-05 0.205773
0.131778 0.108453 9.9991E-05 0.303059 0.456611
0.183743 0.510159 9.9991E-05 0.156002 0.149996
0.183601 0.333878 9.9991E-05 0.194435 0.287987
0.262172 0.462652 9.9991E-05 0.261572 0.0135034
0.227724 0.423979 0.0346212 0.0217379 0.291938
0.0860125 0.0976875 0.209422 0.471789 0.135089
0.440022 0.327649 9.9991E-05 0.200362 0.031867
9.9982E-05 0.0171454 0.729849 0.252806 9.9982E-05
0.0846613 0.51599 9.9991E-05 0.328489 0.07076
0.148503 0.538379 0.00151869 0.178002 0.133596
9.997E-05 9.997E-05 0.9996 9.997E-05 9.997E-05
9.9973E-05 0.109046 0.890654 9.9973E-05 9.9973E-05
0.194459 0.258189 9.9991E-05 0.499046 0.0482059
0.19003 0.224024 0.0450873 0.10714 0.433718
0.416376 0.35723 9.9991E-05 0.16635 0.059944
0.299626 0.461928 0.0612712 0.125933 0.0512422
0.336836 0.291937 0.00262663 9.9991E-05 0.368499
0.206208 0.701485 9.9991E-05 0.0230373 0.0691697
0.301013 0.306102 0.0148517 0.334504 0.0435282
9.9991E-05 0.152537 0.310965 0.2516 0.284798
0.463604 0.30507 9.9991E-05 0.127194 0.104033
0.314495 0.579435 0.0632213 0.0315739 0.0112757
0.168453 0.290774 9.9991E-05 0.473144 0.0675296
0.259985 0.380575 9.9982E-05 9.9982E-05 0.35924
0.351389 0.181041 0.0910021 0.109438 0.26713
0.421772 0.466478 0.00244587 0.0219919 0.0873115
0.286483 0.359512 0.035996 0.00646516 0.311543
0.213813 0.329455 9.9991E-05 0.262367 0.194265
0.205974 0.374366 0.0778651 0.14322 0.198576
9.9991E-05 0.0773668 0.204384 0.425338 0.292811
0.246017 0.291906 0.0613965 9.9991E-05 0.40058
0.974333 9.9973E-05 9.9973E-05 9.9973E-05 0.0253672
0.995626 0.0040736 9.9973E-05 9.9973E-05 9.9973E-05
0.118354 0.382536 9.9991E-05 0.122197 0.376813
0.123695 0.325451 9.9991E-05 0.243097 0.307657
0.309795 0.37367 9.9982E-05 9.9982E-05 0.316335
0.379662 0.312089 9.9982E-05 0.308049 9.9982E-05
0.201752 0.605003 9.9991E-05 0.11647 0.0766746
0.331228 0.329037 9.9991E-05 0.0800169 0.259618
0.131722 0.5107 0.00715133 0.254592 0.095835
0.0752954 0.142089 9.9991E-05 0.382551 0.399965
0.0398388 0.47443 0.0729101 0.00878437 0.404037
0.439655 0.297813 0.0468728 0.0353129 0.180347
0.185955 9.9982E-05 9.9982E-05 0.384674 0.429171
0.340989 0.380602 9.9991E-05 0.14694 0.131369
0.245423 0.370098 0.0550656 0.0685608 0.260852
0.24176 0.421137 0.00126612 9.9991E-05 0.335737
0.0816471 0.507592 9.9991E-05 0.170734 0.239927
0.363597 0.290094 9.9982E-05 0.346109 9.9982E-05
9.9982E-05 0.103015 9.9982E-05 0.329032 0.567753
0.379664 0.486851 9.9991E-05 0.0552858 0.0780984
0.20431 0.0612182 9.9991E-05 0.48366 0.250712
