0.14311 0.501004 0.0419884 0.231896 0.0820007
9.999E-05 0.424096 0.0182301 0.415981 0.141593
9.9991E-05 0.514077 0.0616057 0.181143 0.243075
9.999E-05 0.512093 0.157637 0.151833 0.178337
0.0370339 0.563148 9.9991E-05 0.0120444 0.387674
9.9973E-05 9.9973E-05 0.79473 9.9973E-05 0.20497
0.133581 0.593382 0.0424566 0.175872 0.0547081
0.0176344 9.9982E-05 0.932779 0.0493864 9.9982E-05
0.0645541 0.483502 9.9991E-05 0.121573 0.330271
9.9982E-05 0.416129 9.9982E-05 0.280775 0.302896
9.9982E-05 0.598384 9.9982E-05 0.060908 0.340508
9.9991E-05 0.349355 0.260761 0.1465 0.243285
9.9982E-05 0.440567 9.9982E-05 0.199936 0.359297
0.00681449 0.577807 0.0420912 0.0560458 0.317242
9.9982E-05 9.9982E-05 0.695957 0.245708 0.0581351
9.999E-05 0.161162 0.0146872 0.162768 0.661283
9.999E-05 0.375237 0.161159 0.0647448 0.398759
0.185276 0.642862 9.9991E-05 0.0308819 0.14088
0.0640163 0.382626 9.9991E-05 0.142523 0.410734
9.999E-05 0.719467 0.00176958 0.208105 0.0705582
0.0456778 0.736199 9.9991E-05 0.0713874 0.146636
0.00202462 0.309654 0.0238123 0.246099 0.418411
9.9982E-05 0.483758 9.9982E-05 0.173475 0.342567
9.9982E-05 9.9982E-05 0.621972 0.140187 0.23764
0.043162 0.521468 9.9991E-05 0.220417 0.214853
9.9991E-05 0.0107251 0.625375 0.191457 0.172343
0.0247302 0.182011 0.441916 9.9991E-05 0.351243
0.0279243 0.591659 0.310912 9.9991E-05 0.0694049
9.9982E-05 9.9982E-05 0.64143 0.0309799 0.32739
9.9982E-05 0.794915 0.139843 9.9982E-05 0.0650416
9.9991E-05 0.136641 0.45114 0.126104 0.286015
0.0760886 0.536216 0.0240453 0.194409 0.169241
9.9991E-05 0.21702 0.176842 0.0884829 0.517556
9.9973E-05 0.152231 0.847469 9.9973E-05 9.9973E-05
0.10848 9.9982E-05 0.830391 0.0609299 9.9982E-05
0.0831336 0.637552 0.0978816 9.9991E-05 0.181333
9.9991E-05 0.498524 0.0831742 0.0912596 0.326942
0.0320372 0.388336 9.9991E-05 0.119058 0.460469
9.9982E-05 0.0916024 0.778238 0.129959 9.9982E-05
9.9991E-05 0.0703933 0.35461 0.222476 0.35242
9.9982E-05 9.9982E-05 0.221122 0.191091 0.587588
9.9982E-05 0.443933 9.9982E-05 0.00581916 0.550048
9.9991E-05 0.530994 0.0968752 0.0452164 0.326814
0.00659196 0.126821 0.613633 0.217514 0.03544
0.0769273 0.394027 9.9991E-05 0.165653 0.363292
0.00847008 0.190377 9.9991E-05 0.445585 0.355468
9.9991E-05 0.440798 0.0564985 0.266852 0.235752
9.9991E-05 0.31042 0.0748385 0.122309 0.492333
9.9982E-05 0.286019 9.9982E-05 0.23405 0.479731
9.9982E-05 9.9982E-05 0.43981 0.117317 0.442673
0.0274633 0.603786 0.0202285 0.192656 0.155867
0.0602313 0.263374 0.42045 0.216089 0.0398553
0.0450898 0.319916 9.9991E-05 0.384011 0.250883
9.9973E-05 0.0413768 0.958323 9.9973E-05 9.9973E-05
9.9991E-05 0.0826223 0.414495 0.0433006 0.459482
0.0441834 0.666842 9.9991E-05 0.107816 0.181058
0.040152 0.657631 9.9991E-05 0.169517 0.132601
9.9991E-05 0.442731 0.130028 0.126589 0.300553
9.9991E-05 0.0799448 0.292565 0.0351828 0.592208
9.9982E-05 0.462685 0.328374 9.9982E-05 0.20874
0.0170939 9.9991E-05 0.826245 0.0798968 0.0766639
9.9982E-05 9.9982E-05 0.895016 0.0420677 0.062716
0.120844 0.479241 0.0276982 0.00125276 0.370965
9.9973E-05 9.9973E-05 0.936651 0.0630487 9.9973E-05
0.019029 0.360489 9.9991E-05 0.220271 0.400111
9.9973E-05 9.9973E-05 0.796674 0.203026 9.9973E-05
9.9982E-05 0.535721 9.9982E-05 0.192716 0.271363
9.9991E-05 0.258582 0.165989 0.226962 0.348367
9.9982E-05 0.37607 9.9982E-05 0.2544 0.369331
9.9973E-05 9.9973E-05 0.702278 9.9973E-05 0.297422
0.0412406 0.45842 0.00210276 0.43186 0.0663773
0.12239 0.392214 0.0686236 0.25709 0.159681
0.085068 0.279489 0.275856 0.123359 0.236228
9.9982E-05 0.323061 9.9982E-05 0.237021 0.439717
0.0645223 0.397531 0.0442502 0.259993 0.233704
9.9991E-05 0.501605 0.408725 0.00259714 0.086973
9.9991E-05 0.526306 0.0469713 0.165609 0.261014
9.9991E-05 0.189229 0.157573 0.245384 0.407714
9.9991E-05 0.148998 0.0846691 0.265307 0.500925
0.138934 0.512747 0.026989 0.136349 0.184981
9.9982E-05 0.265407 9.9982E-05 0.491723 0.242669
0.0991774 0.408147 0.0143734 9.9991E-05 0.478202
0.0212301 0.405182 0.0398242 0.244964 0.288801
9.9982E-05 0.701743 9.9982E-05 0.193882 0.104176
9.9982E-05 0.68232 9.9982E-05 0.176585 0.140895
9.9991E-05 0.219098 0.12252 0.333501 0.324781
9.9991E-05 0.203245 0.324119 0.225245 0.247291
9.9991E-05 0.270146 0.222526 0.089576 0.417652
9.9982E-05 0.10151 0.836915 9.9982E-05 0.0613755
0.00779507 0.221936 0.216849 0.235693 0.317727
9.9982E-05 0.0521914 9.9982E-05 0.413368 0.534241
9.9991E-05 0.0865252 0.469576 0.162222 0.281576
9.9982E-05 0.548355 9.9982E-05 0.0724927 0.378953
9.9991E-05 0.607403 0.230194 0.0163392 0.145963
9.9982E-05 0.214383 0.458632 9.9982E-05 0.326784
9.9982E-05 9.9982E-05 0.864411 0.0941411 0.0412475
9.9991E-05 0.39933 0.146441 0.210355 0.243774
0.0177563 0.230859 0.0880041 0.181197 0.482183
9.9991E-05 0.281693 0.0572233 0.336606 0.324377
9.9991E-05 0.649085 0.233928 0.00895652 0.10793
9.9982E-05 9.9982E-05 0.401655 0.161606 0.436538
9.9991E-05 0.569055 0.0819813 0.286334 0.0625299
0.10489 0.57743 0.0102554 0.235297 0.072128
0.0597995 0.631072 9.9991E-05 0.193467 0.115561
0.0638333 0.458926 0.00246759 0.273925 0.200848
9.9982E-05 0.029174 0.768962 0.201664 9.9982E-05
0.0588138 0.242338 0.490274 0.208474 9.9991E-05
9.9982E-05 0.651251 9.9982E-05 0.214863 0.133686
9.9991E-05 0.507133 0.0382806 0.21029 0.244197
9.9982E-05 0.674124 9.9982E-05 0.15461 0.171065
9.9982E-05 0.126371 0.394555 9.9982E-05 0.478874
9.9973E-05 9.9973E-05 0.933137 9.9973E-05 0.0665636
9.9982E-05 0.104493 0.419139 9.9982E-05 0.476168
0.0931621 0.747774 0.0258245 0.128042 0.00519735
9.9991E-05 0.561598 0.0887243 0.175327 0.174251
0.00282056 0.461413 9.9991E-05 0.387341 0.148325
9.9982E-05 0.668615 9.9982E-05 0.108457 0.222729
0.031271 9.9973E-05 0.968429 9.9973E-05 9.9973E-05
0.0789139 0.85775 0.0325705 0.0165679 0.0141976
0.00737979 0.530327 9.9991E-05 0.276469 0.185724
9.9991E-05 0.75711 0.12169 0.0954004 0.0256992
9.9991E-05 0.144353 0.653268 0.0304881 0.171792
0.00431507 0.498946 9.9982E-05 9.9982E-05 0.496539
0.0555921 0.422268 0.0640174 0.207166 0.250957
0.0400112 0.776508 0.00111966 0.130766 0.0515952
9.9991E-05 0.287297 0.0477174 0.251202 0.413683
9.9982E-05 0.203216 0.653477 9.9982E-05 0.143107
0.0344702 9.9973E-05 0.96523 9.9973E-05 9.9973E-05
0.061044 0.266337 9.9991E-05 0.34551 0.32701
0.148201 0.376257 9.9991E-05 0.216296 0.259146
0.0902224 0.427702 0.0460532 0.16054 0.275482
0.060944 0.0996656 9.9991E-05 0.24059 0.5987
9.9982E-05 0.24931 0.366016 9.9982E-05 0.384474
0.129782 0.243394 0.0261703 0.254909 0.345744
0.038224 0.473918 0.233825 0.0958514 0.158181
9.997E-05 9.997E-05 9.997E-05 0.9996 9.997E-05
0.0225584 0.126162 0.489788 0.140278 0.221214
0.0342741 0.4499 0.336367 0.00612423 0.173334
9.9973E-05 9.9973E-05 0.0814507 0.918249 9.9973E-05
9.9982E-05 9.9982E-05 0.549039 0.223765 0.226996
9.9982E-05 0.531072 0.143657 9.9982E-05 0.325071
0.0614818 0.124028 0.323778 0.169419 0.321293
9.9991E-05 0.226103 0.20614 0.0454932 0.522164
0.0246701 0.0889083 0.152187 0.210245 0.52399
9.9973E-05 9.9973E-05 0.71002 9.9973E-05 0.28968
9.9991E-05 0.284939 0.324966 0.235295 0.1547
9.9991E-05 0.17917 0.147565 0.107754 0.565412
0.025346 0.373654 9.9991E-05 0.279664 0.321235
9.9973E-05 0.538687 9.9973E-05 0.461013 9.9973E-05
0.140888 0.236396 9.9991E-05 0.284273 0.338343
9.9991E-05 0.509617 0.0118571 0.126194 0.352232
0.0314976 0.442909 0.357292 0.0166898 0.151611
9.9991E-05 0.0844391 0.775276 0.0159021 0.124283
0.144049 0.178931 0.370464 9.9991E-05 0.306455
0.0275148 0.022969 9.9991E-05 0.34195 0.607467
0.083387 0.284462 9.9991E-05 0.281923 0.350128
9.9973E-05 9.9973E-05 0.834121 9.9973E-05 0.165579
0.0585082 0.371087 9.9991E-05 0.157423 0.412881
0.0480519 0.50186 9.9991E-05 0.17959 0.270398
0.0499765 0.530508 0.244527 0.113566 0.0614223
0.0937487 0.385798 9.9991E-05 0.13341 0.386944
9.9991E-05 0.105927 0.110754 0.17556 0.607659
9.9991E-05 0.18207 0.0564385 0.399809 0.361582
9.9991E-05 0.365448 0.0655987 0.486429 0.0824242
9.9982E-05 0.714171 9.9982E-05 0.111815 0.173814
0.102627 0.693153 9.9982E-05 0.204019 9.9982E-05
0.016793 0.176462 0.109076 0.210949 0.48672
9.9991E-05 0.100683 0.550079 0.14425 0.204888
9.9991E-05 0.10386 0.199488 0.211676 0.484876
0.093294 0.0802163 0.00551755 0.20578 0.615192
0.0678587 0.265077 0.186623 0.29396 0.186481
9.9982E-05 0.453402 0.0959274 9.9982E-05 0.45047
9.9973E-05 9.9973E-05 0.983447 0.0162534 9.9973E-05
9.9991E-05 0.310694 0.0330362 0.0563291 0.599841
9.9991E-05 0.179734 0.346584 0.094665 0.378917
0.0462004 0.133978 9.9991E-05 0.30077 0.518952
9.9991E-05 0.277937 0.221687 0.0851251 0.415152
0.0092943 0.142053 0.611811 0.0504809 0.186361
9.9991E-05 0.251126 0.454994 0.152189 0.141591
0.0503637 0.346816 0.591854 0.0108664 9.9991E-05
9.9973E-05 0.665048 9.9973E-05 9.9973E-05 0.334652
9.9982E-05 9.9982E-05 0.825722 0.0820249 0.0920531
0.00696763 0.405706 0.447186 0.0752382 0.0649017
0.0459432 0.348732 9.9991E-05 0.172387 0.432838
9.997E-05 9.997E-05 0.9996 9.997E-05 9.997E-05
9.9973E-05 9.9973E-05 0.402394 9.9973E-05 0.597306
0.00792457 0.27932 0.0734452 0.170151 0.469159
9.9982E-05 0.162264 0.329993 9.9982E-05 0.507542
9.9982E-05 0.598652 0.201265 9.9982E-05 0.199883
0.120165 0.489661 9.9982E-05 9.9982E-05 0.389974
0.13291 0.180003 0.396023 0.0650647 0.225999
9.9991E-05 0.615523 0.00481033 0.0161953 0.363371
9.9982E-05 0.612882 9.9982E-05 0.110539 0.276379
0.120535 0.400687 0.0475775 0.185381 0.24582
0.0756623 0.0918615 0.256177 0.359707 0.216593
9.9982E-05 0.63997 0.251801 0.108029 9.9982E-05
0.156917 0.473376 9.9991E-05 0.230794 0.138813
0.0896561 0.580136 0.163462 0.0141719 0.152574
0.133167 0.0467751 9.9991E-05 0.23549 0.584468
0.019836 0.240912 9.9991E-05 0.224501 0.514652
0.093859 0.266795 0.277678 0.00441671 0.357251
0.0100754 0.633058 9.9991E-05 0.156857 0.19991
0.082276 0.202393 9.9991E-05 0.176325 0.538905
0.254637 0.326283 9.9991E-05 0.224304 0.194677
0.286911 0.23144 9.9991E-05 0.223986 0.257562
9.9991E-05 0.123196 0.29826 0.395006 0.183438
0.0821999 0.662411 0.0232247 0.232064 9.9991E-05
9.9991E-05 0.262164 0.132869 0.051075 0.553792
0.0504555 0.384813 9.9991E-05 0.158157 0.406474
0.0354345 0.684406 9.9982E-05 0.279959 9.9982E-05
0.0709711 0.409695 9.9991E-05 0.147729 0.371504
9.9991E-05 0.299365 0.377463 0.0713747 0.251697
0.00294666 0.309745 0.381608 9.9991E-05 0.305601
9.9973E-05 0.892573 9.9973E-05 9.9973E-05 0.107127
0.0849852 0.563245 9.9991E-05 0.287605 0.0640656
0.102814 0.575059 9.9991E-05 0.0167512 0.305276
9.9982E-05 0.2657 9.9982E-05 0.083777 0.650323
9.9991E-05 0.0721597 0.275024 0.332102 0.320614
9.9991E-05 0.309018 0.181636 0.287157 0.222089
0.206381 0.319115 9.9991E-05 0.237927 0.236477
9.9982E-05 9.9982E-05 0.535502 0.234964 0.229334
0.0373013 0.628611 0.144338 0.0189986 0.170751
0.0664419 0.17714 0.0958697 0.226443 0.434105
9.9982E-05 9.9982E-05 0.764052 0.038754 0.196994
9.9982E-05 0.215419 9.9982E-05 0.154958 0.629423
9.9982E-05 0.299907 9.9982E-05 0.276855 0.423038
9.9991E-05 0.610808 0.0201052 0.0365077 0.33248
0.0856301 0.539012 9.9991E-05 0.140915 0.234343
0.225658 0.230234 9.9991E-05 0.111757 0.432251
9.9982E-05 0.488135 9.9982E-05 0.200608 0.311057
0.0275612 0.691474 9.9982E-05 9.9982E-05 0.280764
9.9982E-05 0.638085 9.9982E-05 0.208215 0.153501
9.9991E-05 0.201648 0.153743 0.238891 0.405618
9.9982E-05 0.472433 9.9982E-05 0.278343 0.249025
9.9973E-05 0.539178 9.9973E-05 0.460522 9.9973E-05
9.9982E-05 9.9982E-05 0.072808 0.142021 0.784971
0.0266049 0.465015 9.9991E-05 0.298212 0.210068
9.9982E-05 0.476335 9.9982E-05 0.176144 0.347321
9.9991E-05 0.339762 0.356974 0.190777 0.112387
9.9982E-05 0.380331 0.307533 9.9982E-05 0.311936
9.9973E-05 0.587668 9.9973E-05 9.9973E-05 0.412032
9.9991E-05 0.261221 0.565126 0.106107 0.067446
9.9982E-05 0.383566 9.9982E-05 0.203445 0.412789
9.9991E-05 0.414485 0.351012 0.0141417 0.220262
0.160279 0.616808 0.0160962 0.0627299 0.144087
9.9982E-05 9.9982E-05 0.0840944 0.198707 0.716998
0.124061 0.262611 0.298669 0.0335562 0.281103
9.9991E-05 0.238218 0.510334 0.191766 0.059582
0.0668884 0.556363 0.00642432 0.07757 0.292754
9.9982E-05 0.34122 9.9982E-05 0.0153549 0.643225
9.9982E-05 0.335308 0.354752 9.9982E-05 0.30974
0.0226433 0.435147 9.9991E-05 0.266584 0.275525
0.0438956 0.67001 9.9991E-05 0.0808968 0.205097
0.027367 9.9991E-05 0.833557 0.0739723 0.0650034
9.9991E-05 0.572723 0.000780895 0.247022 0.179375
0.0525715 0.616692 9.9982E-05 9.9982E-05 0.330537
9.9982E-05 0.682799 9.9982E-05 0.127077 0.189924
9.9991E-05 0.509278 0.0510754 0.277684 0.161863
9.9991E-05 0.581133 0.0267743 0.221354 0.170638
9.9982E-05 0.525681 9.9982E-05 0.155452 0.318667
0.0336413 0.655163 0.0446248 0.0212254 0.245345
9.9991E-05 0.54522 0.0584645 0.0400962 0.356119
0.0192149 0.0750648 0.555361 0.128365 0.221994
9.9982E-05 0.662028 9.9982E-05 0.0421795 0.295593
9.9982E-05 0.774629 9.9982E-05 0.120111 0.10506
9.9991E-05 0.10212 0.164447 0.220763 0.512571
9.9982E-05 0.404341 0.415856 0.179602 9.9982E-05
0.124998 0.496901 9.9991E-05 0.228424 0.149577
9.9982E-05 0.529394 0.228308 9.9982E-05 0.242098
9.9982E-05 0.567563 9.9982E-05 0.0800526 0.352184
9.9982E-05 0.286505 0.297241 9.9982E-05 0.416054
0.0809778 0.294823 0.11398 0.242137 0.268083
9.9991E-05 0.0551226 0.482407 0.282014 0.180356
9.9991E-05 0.491082 0.235326 0.154026 0.119466
0.123732 0.385077 0.0297295 0.293256 0.168206
0.0455289 0.454712 0.224671 0.0969364 0.178152
9.9982E-05 0.388696 9.9982E-05 0.261421 0.349683
9.9991E-05 0.459585 0.0585516 0.195088 0.286676
9.9991E-05 0.369945 0.0328228 0.327937 0.269196
0.0045477 0.35325 0.306321 0.226003 0.109878
0.0346023 0.322219 9.9991E-05 0.0924671 0.550612
0.104175 0.361984 9.9991E-05 0.200873 0.332869
0.0508017 0.667993 9.9991E-05 0.0131576 0.267947
0.0317391 0.29401 0.582277 0.0918738 9.9991E-05
0.0433672 0.00335554 0.953077 9.9982E-05 9.9982E-05
0.0915312 0.37385 0.125959 0.117347 0.291313
0.0171582 0.378964 0.0497899 0.255181 0.298907
0.054701 0.197242 0.0867834 0.108825 0.552449
9.9991E-05 0.222253 0.169685 0.00572518 0.602238
0.0132262 0.347026 0.230568 0.170749 0.238431
9.9991E-05 0.434002 0.0760075 0.219806 0.270085
0.0576045 0.337191 9.9991E-05 0.311507 0.293597
0.092909 0.559813 0.00914704 0.128638 0.209493
0.0780901 0.464376 9.9982E-05 9.9982E-05 0.457334
0.146403 0.63337 9.9991E-05 0.0889966 0.131131
9.9982E-05 0.728544 9.9982E-05 0.0778963 0.19336
9.9982E-05 0.533076 9.9982E-05 0.102821 0.363903
0.00404151 0.140902 9.9991E-05 0.310585 0.544372
0.170796 0.474086 9.9991E-05 0.0313967 0.323621
9.9991E-05 0.482452 0.0536778 0.343847 0.119923
0.109866 0.174525 9.9991E-05 0.195784 0.519725
0.0520026 0.42614 9.9982E-05 9.9982E-05 0.521657
0.00818344 0.549685 0.146719 0.177193 0.118219
0.0814384 0.200556 0.602102 0.115803 9.9991E-05
9.9991E-05 0.169153 0.40307 0.0520241 0.375653
9.9973E-05 0.228012 0.771688 9.9973E-05 9.9973E-05
9.9982E-05 0.427899 9.9982E-05 0.1815 0.390402
0.017564 0.0717943 0.786772 0.032337 0.0915327
9.9982E-05 9.9982E-05 0.71729 0.0969242 0.185586
0.0368749 0.322413 9.9991E-05 0.305166 0.335447
0.128463 0.523656 0.00864175 0.163901 0.175339
0.0663466 0.506576 9.9991E-05 0.350383 0.0765946
0.0505912 0.0399467 0.692096 0.0306221 0.186744
0.0144144 0.677256 9.9991E-05 0.117922 0.190308
9.9991E-05 0.0236121 0.419703 0.197977 0.358608
9.9982E-05 0.574038 0.0859144 0.339847 9.9982E-05
9.9982E-05 0.0193992 0.8069 9.9982E-05 0.173501
0.0623105 0.328175 0.0769955 0.115787 0.416731
0.020805 0.65955 0.0516619 9.9991E-05 0.267883
0.00521564 0.720342 9.9991E-05 0.0649571 0.209385
0.0043478 0.404607 9.9991E-05 0.143234 0.447711
9.9973E-05 0.26183 0.73787 9.9973E-05 9.9973E-05
0.0274322 0.479212 0.248181 0.0130207 0.232154
0.14044 0.23074 0.354378 9.9991E-05 0.274342
0.032122 0.507892 9.9991E-05 0.356722 0.103164
0.0433645 0.0943443 0.717206 9.9991E-05 0.144985
0.220262 0.196386 0.0513787 0.275334 0.256639
0.0323267 0.108024 0.337919 0.0883995 0.433331
0.0334368 0.370241 9.9991E-05 0.257117 0.339106
0.0691268 0.127924 0.168953 0.229735 0.40426
0.0386887 0.26196 0.572493 0.0127922 0.114066
0.112027 0.409026 9.9991E-05 0.280372 0.198476
9.9982E-05 0.420966 9.9982E-05 0.242981 0.335853
0.0363799 0.452477 9.9991E-05 0.339869 0.171175
0.170879 0.526537 0.0108171 0.150597 0.14117
9.9991E-05 0.0636349 0.376176 0.0677207 0.492368
0.0759374 0.398063 9.9991E-05 0.159579 0.366321
0.0739202 0.746883 9.9991E-05 0.101778 0.0773185
0.0496942 0.689322 0.0493003 0.0935855 0.118098
9.9982E-05 0.197875 0.407764 9.9982E-05 0.394161
9.9991E-05 0.253652 0.303051 0.267881 0.175316
0.054329 0.474912 9.9991E-05 0.0608799 0.409779
9.9982E-05 9.9982E-05 0.100614 0.625001 0.274185
9.9991E-05 0.060733 0.148437 0.296522 0.494208
0.0372633 0.35337 9.9991E-05 0.268419 0.340848
9.9991E-05 0.0868133 0.35732 0.137632 0.418135
9.9991E-05 0.196812 0.0731431 0.0929236 0.637022
0.0341807 0.283762 0.446438 0.0558762 0.179743
0.0679383 0.722572 9.9982E-05 9.9982E-05 0.209289
0.00806402 0.67525 9.9991E-05 0.103241 0.213345
0.0405305 0.608952 9.9982E-05 9.9982E-05 0.350318
0.0731952 0.704212 9.9991E-05 0.17402 0.0484724
0.0968792 0.422071 9.9991E-05 0.27814 0.20281
0.095917 0.437014 9.9991E-05 0.220314 0.246655
9.9982E-05 0.162416 0.257432 9.9982E-05 0.579952
0.000233511 0.339208 0.0328337 0.0773588 0.550366
9.9982E-05 0.656725 9.9982E-05 0.220035 0.12304
0.00644878 0.618418 0.0609956 0.0691129 0.245025
9.9991E-05 0.262994 0.0555612 0.188924 0.492421
0.131076 9.9982E-05 0.221834 9.9982E-05 0.64689
0.165877 0.380618 9.9991E-05 0.315318 0.138087
0.16564 0.598705 0.0128185 0.0841787 0.138658
9.9991E-05 0.0150122 0.78081 0.0652966 0.138781
0.0280144 0.256134 0.667512 0.0482397 9.9991E-05
9.9973E-05 0.545285 9.9973E-05 0.454415 9.9973E-05
0.552468 0.339048 9.9991E-05 0.087751 0.0206329
0.559625 9.9991E-05 0.0231994 0.297639 0.119437
0.479707 0.29406 0.000602672 0.225531 9.9991E-05
0.156953 0.493998 9.9991E-05 0.181713 0.167235
0.637762 0.0815798 9.9991E-05 0.200105 0.0804536
0.630021 0.215958 0.00830013 0.0773103 0.0684106
0.62701 0.181109 0.0422977 9.9991E-05 0.149483
0.569739 0.113104 9.9982E-05 0.316957 9.9982E-05
0.640866 0.16143 0.0262242 0.135036 0.0364434
0.496067 0.276012 0.0215626 0.181899 0.0244596
0.43081 0.310272 9.9991E-05 0.106491 0.152327
0.5879 0.061936 9.9991E-05 0.0623976 0.287666
0.286384 0.245925 9.9991E-05 0.157525 0.310066
0.415025 0.120549 9.9982E-05 0.464226 9.9982E-05
0.445861 0.163674 9.9982E-05 0.390265 9.9982E-05
0.663851 9.9991E-05 0.0458045 0.0989244 0.191321
0.507626 0.270275 9.9982E-05 9.9982E-05 0.221899
0.368849 9.9982E-05 9.9982E-05 0.293541 0.33741
9.9982E-05 0.0108133 0.790815 0.198172 9.9982E-05
0.491379 0.210386 9.9991E-05 0.118587 0.179549
0.412932 0.118629 0.0233302 0.359672 0.0854361
0.179202 0.468784 0.092361 0.0182006 0.241452
0.792395 9.9991E-05 0.00868015 0.167953 0.0308722
0.570059 9.9982E-05 9.9982E-05 0.280051 0.14969
0.137439 0.205159 0.0219984 0.256552 0.378851
0.624531 0.309062 0.0105043 0.0558032 9.9991E-05
0.555849 0.202187 9.9991E-05 0.0653333 0.176531
0.42502 0.104921 0.0166704 0.301676 0.151713
0.683797 0.213577 0.0432547 0.0592714 9.9991E-05
0.541063 9.9991E-05 0.0622104 0.328337 0.0682889
0.654438 0.0839046 9.9982E-05 0.261458 9.9982E-05
0.641419 9.9991E-05 0.0662825 0.283537 0.0086621
0.514215 0.0992884 0.00356474 0.307351 0.0755815
0.549438 0.344305 9.9991E-05 0.105777 0.000379564
0.690879 0.054804 0.127556 9.9991E-05 0.126661
0.619906 0.0575861 0.0423771 0.144449 0.135682
0.656368 9.9991E-05 0.0533273 0.178633 0.111572
0.0387129 0.466254 9.9991E-05 0.344645 0.150287
0.685241 0.163637 9.9982E-05 0.150921 9.9982E-05
0.516086 0.271793 0.0108243 0.201196 9.9991E-05
0.518251 0.282376 0.0057469 0.0827333 0.110893
0.419394 0.216119 9.9991E-05 0.0712152 0.293172
0.743509 9.9973E-05 9.9973E-05 0.256191 9.9973E-05
0.147434 0.399575 9.9991E-05 0.144175 0.308716
0.618117 0.201534 0.0343127 0.145936 9.9991E-05
0.0652542 0.265298 0.33388 0.0698157 0.265752
0.0998093 0.25718 9.9991E-05 0.328894 0.314017
0.197777 0.402118 0.0088777 0.00830291 0.382924
0.659963 0.259132 0.00925386 0.0715517 9.9991E-05
0.466271 0.118278 9.9991E-05 0.252571 0.16278
0.719617 0.188221 0.0348432 0.0572193 9.9991E-05
0.546689 9.9982E-05 9.9982E-05 0.248415 0.204696
0.469675 0.234206 0.0529078 0.180858 0.0623524
0.5543 0.283809 9.9991E-05 0.088263 0.0735283
0.476056 0.220453 9.9991E-05 0.132434 0.170956
0.761608 0.0913498 9.9991E-05 0.0717102 0.0752324
0.583625 0.218338 9.9991E-05 0.0747307 0.123206
0.0533422 0.106739 0.0286904 0.795196 0.016032
0.808794 0.190906 9.9973E-05 9.9973E-05 9.9973E-05
0.636739 0.26822 9.9982E-05 0.094841 9.9982E-05
0.572341 0.0677495 0.0423721 0.317438 9.9991E-05
0.723148 9.9982E-05 9.9982E-05 0.156013 0.120639
0.0863984 0.450968 0.00358857 0.244854 0.214192
0.555418 0.260508 0.0111486 0.172826 9.9991E-05
0.0590935 0.318831 0.188866 0.0610129 0.372197
0.468099 0.24603 0.0106805 0.22595 0.0492407
0.556184 0.194643 0.0899994 0.159073 9.9991E-05
0.0903321 0.143331 0.0266362 0.128974 0.610727
0.502761 0.159919 0.017541 0.210645 0.109134
0.539177 0.126192 9.9991E-05 0.143002 0.191529
0.238191 9.9973E-05 9.9973E-05 0.761509 9.9973E-05
0.603571 0.0891799 9.9991E-05 0.226983 0.0801666
0.441783 0.112118 0.0354056 0.294848 0.115846
0.525497 0.211413 9.9991E-05 0.0281251 0.234865
0.696601 0.0818749 0.0260048 0.0873162 0.108203
0.358093 0.295752 0.00645712 0.339598 9.9991E-05
0.249858 0.250688 9.9991E-05 0.14252 0.356835
0.531797 0.0096189 9.9991E-05 0.286525 0.171959
0.41315 0.135373 9.9991E-05 0.113261 0.338117
9.9982E-05 9.9982E-05 0.784915 0.0967435 0.118141
0.62534 0.276752 0.0255326 0.0722758 9.9991E-05
0.0204588 0.554462 0.0947528 0.0328879 0.297438
0.751301 0.0480402 0.0312349 0.169324 9.9991E-05
0.324284 0.163761 9.9991E-05 0.347054 0.164802
0.28553 0.420386 9.9991E-05 0.248361 0.0456229
0.211985 0.559005 9.9991E-05 0.107795 0.121116
0.434934 0.11834 9.9991E-05 0.14689 0.299736
0.553609 0.194559 0.00373203 0.0804341 0.167665
0.57568 0.0274554 9.9991E-05 0.227122 0.169643
0.511215 0.0491219 9.9991E-05 0.246873 0.19269
0.0705399 0.392034 0.0159466 0.361255 0.160224
0.458878 9.9982E-05 9.9982E-05 0.42854 0.112382
0.524252 0.24926 9.9991E-05 0.0996638 0.126725
0.52951 0.301836 9.9991E-05 0.0434097 0.125144
0.0256927 0.585546 9.9991E-05 0.0672416 0.32142
0.475227 0.0310315 9.9991E-05 0.26803 0.225611
0.582589 0.0289864 9.9991E-05 0.0832024 0.305122
0.404599 0.238624 9.9982E-05 0.356577 9.9982E-05
0.41696 0.30052 9.9991E-05 0.260503 0.0219158
9.9982E-05 0.40913 9.9982E-05 0.273508 0.317162
9.9973E-05 9.9973E-05 0.873365 9.9973E-05 0.126335
0.46854 0.171316 9.9991E-05 0.242267 0.117777
0.278519 0.370991 9.9982E-05 0.35029 9.9982E-05
0.414751 0.382682 9.9982E-05 0.202367 9.9982E-05
0.505175 0.117299 0.0246535 0.35137 0.00150258
0.671121 0.0295187 0.0264365 0.238027 0.0348973
0.583565 0.186704 9.9991E-05 0.226861 0.00276985
0.725163 0.0445052 9.9991E-05 0.118147 0.112084
0.654185 0.126083 0.0714269 0.148205 9.9991E-05
0.595417 0.274415 0.02468 0.0932772 0.0122102
0.379696 0.133869 9.9991E-05 0.255763 0.230573
0.0240142 0.513105 9.9991E-05 0.189193 0.273587
0.67724 0.124386 9.9982E-05 0.198174 9.9982E-05
0.457671 0.23451 9.9982E-05 0.307619 9.9982E-05
9.9982E-05 0.498355 9.9982E-05 0.379307 0.122138
0.546513 0.0242563 0.0390535 0.390078 9.9991E-05
9.9982E-05 0.277094 9.9982E-05 0.346531 0.376175
0.417424 0.259745 0.00358219 0.319149 9.9991E-05
0.592653 0.174711 9.9991E-05 0.142514 0.0900223
0.193935 0.412935 9.9991E-05 0.119992 0.273038
0.534213 0.164549 0.00719977 0.242619 0.0514188
0.290658 0.226788 9.9991E-05 0.0962067 0.386247
0.420889 9.9982E-05 9.9982E-05 0.144137 0.434774
9.9973E-05 9.9973E-05 0.468931 9.9973E-05 0.530769
0.602899 0.149508 0.0302279 0.217265 9.9991E-05
0.588189 0.168782 0.0313556 0.211574 9.9991E-05
0.698296 0.119688 9.9991E-05 0.0424327 0.139484
0.482157 0.176449 0.0428308 0.298464 9.9991E-05
0.512271 0.234725 9.9982E-05 0.252804 9.9982E-05
0.521174 9.9973E-05 9.9973E-05 0.478526 9.9973E-05
0.433245 0.195452 9.9991E-05 0.351613 0.0195907
9.9982E-05 0.684316 9.9982E-05 0.0190225 0.296461
0.503941 0.0882231 0.0897703 0.151363 0.166703
0.55869 0.342555 9.9982E-05 0.0985558 9.9982E-05
0.783001 0.00444383 9.9991E-05 0.0918857 0.12057
0.517489 0.072378 0.013429 0.257853 0.13885
0.400381 0.210184 0.00207866 0.278617 0.108739
0.368573 0.412283 0.00104867 0.0753031 0.142792
0.303094 0.635533 9.9982E-05 0.0611723 9.9982E-05
0.256249 9.9982E-05 9.9982E-05 0.39869 0.344861
0.451175 0.0625899 9.9991E-05 0.115363 0.370773
0.538662 0.00648638 9.9991E-05 0.223181 0.231571
9.9991E-05 0.497715 0.0638683 0.188973 0.249343
0.332392 0.526405 0.018435 0.122669 9.9991E-05
0.650319 9.9982E-05 9.9982E-05 0.190392 0.159089
0.617283 0.101438 0.00986965 0.230202 0.0412076
0.466049 0.141928 0.0361658 0.209714 0.146143
0.659642 9.9973E-05 9.9973E-05 0.340058 9.9973E-05
0.435747 0.143302 0.00327086 0.332885 0.0847954
0.0951949 0.29979 9.9982E-05 9.9982E-05 0.604816
0.109892 0.364087 0.0748018 0.298778 0.152441
0.495317 0.13535 0.0141992 0.182556 0.172578
0.605725 0.102804 9.9991E-05 0.265198 0.026173
0.533711 0.171259 9.9991E-05 0.12101 0.17392
0.371012 0.231844 9.9991E-05 0.271385 0.12566
0.583086 0.142594 0.0181136 0.256106 9.9991E-05
0.603103 9.9982E-05 9.9982E-05 0.0746699 0.322027
0.0765996 0.0157578 0.22208 0.0170453 0.668518
0.548799 0.288856 0.00551017 0.150195 0.00664104
0.525509 0.167432 9.9991E-05 0.264112 0.0428478
0.133499 0.0258427 0.313197 0.145467 0.381994
0.0266684 0.30143 0.244403 0.0283631 0.399136
0.611997 0.094057 0.00375785 0.290089 9.9991E-05
0.335034 0.210463 0.097436 0.260676 0.0963914
0.586619 0.0553713 9.9982E-05 0.35781 9.9982E-05
0.158736 0.616288 9.9991E-05 0.00707005 0.217806
0.491506 0.245523 9.9991E-05 0.167035 0.0958356
0.549646 0.300159 0.000257705 0.149837 9.9991E-05
0.087033 0.135345 0.290624 0.0829703 0.404027
0.501915 0.13131 9.9991E-05 0.198825 0.16785
0.639303 0.252702 0.00439593 0.103499 9.9991E-05
0.619104 0.105402 9.9982E-05 0.275294 9.9982E-05
0.523112 0.288506 0.016133 0.065359 0.10689
0.728947 0.125962 9.9991E-05 0.138421 0.00657084
0.520871 9.9982E-05 9.9982E-05 0.256821 0.222108
0.651482 0.160275 0.000206245 0.144499 0.0435375
0.476455 0.245091 9.9982E-05 0.278254 9.9982E-05
0.577602 0.145951 9.9982E-05 0.276247 9.9982E-05
0.537519 0.120256 9.9991E-05 0.166548 0.175578
0.0457527 9.9991E-05 0.613101 0.0526855 0.28836
0.682483 0.0181901 9.9982E-05 0.299127 9.9982E-05
0.768942 0.0858549 0.00138835 9.9991E-05 0.143715
0.242942 0.162569 9.9991E-05 0.166491 0.427899
0.706602 0.0543006 9.9982E-05 0.238898 9.9982E-05
0.501476 0.133863 9.9991E-05 0.219527 0.145033
0.599925 9.9991E-05 0.0223435 0.233036 0.144596
0.226298 0.202724 0.0478439 0.0997074 0.423427
0.581985 0.0400285 9.9991E-05 0.186468 0.191419
0.667855 0.00788346 0.000592052 0.320699 0.00297099
0.502564 0.0226671 0.0563044 0.309187 0.109278
0.513389 0.114095 9.9991E-05 0.13926 0.233157
0.465664 0.239078 0.00742885 0.0829838 0.204844
0.0112597 9.9973E-05 0.98844 9.9973E-05 9.9973E-05
0.460861 9.9982E-05 9.9982E-05 0.343599 0.19534
0.349489 0.432675 9.9982E-05 0.217636 9.9982E-05
0.48916 0.152304 9.9991E-05 0.270319 0.0881168
0.594866 0.0900475 9.9991E-05 0.281646 0.0333404
0.60202 0.0334686 0.00748982 0.356921 9.9991E-05
0.469375 0.122767 0.00927804 0.259413 0.139167
9.9982E-05 9.9982E-05 0.552035 0.193725 0.25404
0.53863 0.0328944 9.9991E-05 0.142758 0.285618
0.478407 9.9982E-05 9.9982E-05 0.117296 0.404097
0.46904 0.29214 9.9982E-05 0.238621 9.9982E-05
0.521383 0.0591715 9.9991E-05 0.159383 0.259963
0.459243 0.0423937 9.9991E-05 0.421914 0.0763489
0.615912 0.0250932 9.9991E-05 0.255974 0.102921
0.542167 0.12078 9.9991E-05 0.181054 0.155898
0.429449 0.223134 0.00306817 0.309155 0.0351947
0.433569 0.0316129 9.9991E-05 0.257832 0.276886
0.424747 0.367142 0.0390679 0.168943 9.9991E-05
0.633531 9.9973E-05 9.9973E-05 0.366169 9.9973E-05
0.392643 0.360136 9.9991E-05 0.187178 0.0599431
0.460896 0.298821 9.9982E-05 0.240084 9.9982E-05
0.731812 0.0995773 0.0366625 0.0122996 0.119648
0.52186 0.296274 9.9991E-05 0.0874067 0.0943585
0.34975 0.304362 0.0354018 0.209796 0.10069
0.471232 0.105377 9.9982E-05 0.423191 9.9982E-05
0.807764 9.9991E-05 0.0276837 0.0875743 0.0768777
0.509793 0.139698 0.0469675 0.303442 9.9991E-05
0.403559 0.249348 0.0114698 0.298225 0.0373985
0.361202 0.223116 9.9991E-05 0.188266 0.227316
0.690105 0.0532264 9.9982E-05 0.256469 9.9982E-05
0.313247 0.378864 9.9991E-05 0.284297 0.0234925
0.543363 0.447422 0.00810223 9.9991E-05 0.00101286
9.9973E-05 9.9973E-05 0.901009 9.9973E-05 0.0986914
0.0486477 0.168407 0.250891 0.0704859 0.461569
0.0669033 0.28124 0.148996 0.0784319 0.424428
0.104839 0.0106292 0.556918 0.0542724 0.273342
0.151563 0.270906 9.9991E-05 0.147156 0.430275
0.13773 0.362086 9.9991E-05 0.216218 0.283866
9.9991E-05 0.22161 0.041965 0.338355 0.39797
0.620315 9.9982E-05 9.9982E-05 0.313501 0.0659835
0.421364 0.233211 0.00174924 0.237361 0.106315
0.686257 0.0199256 9.9991E-05 0.254858 0.0388591
0.286104 0.386382 9.9991E-05 0.127162 0.200252
0.560008 0.308975 0.0996486 0.0206868 0.0106816
0.453333 0.241115 9.9991E-05 0.160605 0.144847
0.435433 0.0169874 9.9991E-05 0.212118 0.335362
0.418383 0.196105 9.9991E-05 0.379064 0.0063473
0.613326 0.28684 0.0202919 0.0689866 0.0105557
0.609746 0.0343546 9.9991E-05 0.210328 0.145472
0.453439 0.242437 0.0416212 0.262403 9.9991E-05
0.240843 0.241437 9.9991E-05 0.0562005 0.46142
0.489919 0.0134794 0.044248 0.198982 0.253371
0.478672 9.9973E-05 9.9973E-05 0.521028 9.9973E-05
0.309284 9.9991E-05 0.00500048 0.420535 0.26508
0.103577 9.9982E-05 0.674495 9.9982E-05 0.221728
0.143221 0.243938 0.146749 9.9991E-05 0.465992
0.627386 0.098312 9.9991E-05 0.0510315 0.22317
0.457334 0.0313237 9.9982E-05 0.511143 9.9982E-05
0.0739799 0.266335 0.14803 9.9991E-05 0.511555
0.59768 0.119552 9.9991E-05 0.137153 0.145515
0.77701 0.172347 0.0365693 0.0139733 9.9991E-05
9.9982E-05 0.35612 9.9982E-05 0.0953382 0.548341
0.65686 0.218303 9.9982E-05 0.124637 9.9982E-05
0.687356 0.0418772 0.015584 0.255083 9.9991E-05
0.295886 0.0456728 9.9982E-05 0.658242 9.9982E-05
0.313122 9.9973E-05 9.9973E-05 0.686578 9.9973E-05
0.350727 0.239346 0.0947991 0.122465 0.192663
0.590307 0.222358 9.9982E-05 0.187136 9.9982E-05
0.121713 9.9991E-05 0.289274 0.0743219 0.514591
0.461613 0.30217 9.9982E-05 0.236017 9.9982E-05
0.544607 0.302021 9.9982E-05 0.153172 9.9982E-05
0.646719 9.9982E-05 9.9982E-05 0.291262 0.0618189
0.102725 0.00445541 0.0887237 0.233263 0.570833
0.113442 0.252527 9.9991E-05 0.478774 0.155157
0.128527 0.138796 9.9991E-05 0.158854 0.573723
0.463071 0.239376 9.9982E-05 0.297352 9.9982E-05
0.146009 0.303117 9.9991E-05 0.193066 0.357708
0.618572 0.198285 0.0488733 0.134169 9.9991E-05
0.369523 0.338034 9.9991E-05 0.101339 0.191004
0.560172 0.118947 9.9991E-05 0.277246 0.0435356
0.46769 0.284857 0.0309954 0.159331 0.0571259
0.108363 0.042926 0.16731 0.120133 0.561269
0.440091 0.144542 9.9991E-05 0.154915 0.260352
0.00594094 9.9982E-05 0.77704 9.9982E-05 0.216819
0.475495 0.129959 9.9991E-05 0.216818 0.177628
0.607573 0.186678 0.00320818 0.192917 0.00962495
9.997E-05 9.997E-05 0.9996 9.997E-05 9.997E-05
0.118428 9.99826E-05 0.866144 0.0152275 9.99826E-05
0.375035 0.0467656 9.9991E-05 0.284844 0.293256
0.325778 0.259966 0.0506344 0.243367 0.120254
0.559507 0.101583 9.9991E-05 0.0789052 0.259905
0.5686 9.9982E-05 9.9982E-05 0.262487 0.168713
0.361065 0.382113 9.9982E-05 0.256622 9.9982E-05
0.746532 0.000882106 9.9982E-05 0.252386 9.9982E-05
0.405463 0.0545613 0.0208442 0.431964 0.0871677
0.127046 0.106128 0.217149 0.095193 0.454484
0.454483 0.10014 9.9991E-05 0.2957 0.149577
0.795142 9.9991E-05 0.022168 0.125249 0.0573408
0.381311 0.145933 9.9991E-05 0.223821 0.248835
0.417155 0.149844 9.9991E-05 0.292561 0.14034
0.305551 0.273782 0.0693551 0.268889 0.0824239
0.598972 0.0849272 9.9982E-05 0.315901 9.9982E-05
0.389408 0.370511 0.00588716 0.214918 0.0192761
0.473221 0.198012 0.0103034 0.289856 0.0286071
0.486468 0.167541 0.075563 0.109473 0.160954
0.0546375 0.25406 0.207597 0.0957431 0.387963
0.391914 0.310773 0.0238968 0.273316 9.9991E-05
9.997E-05 9.997E-05 9.997E-05 0.9996 9.997E-05
0.0951538 9.9973E-05 9.9973E-05 0.904546 9.9973E-05
0.444779 0.383982 9.9991E-05 0.147505 0.0236341
0.366723 0.30857 9.9991E-05 0.229534 0.0950739
0.459672 0.265343 9.9982E-05 0.274784 9.9982E-05
0.441942 9.9982E-05 9.9982E-05 0.430878 0.12698
0.688929 0.219498 9.9991E-05 0.024064 0.0674083
0.404471 0.148865 9.9991E-05 0.321729 0.124835
0.499154 0.0484397 9.9991E-05 0.229873 0.222434
0.188806 0.331424 9.9991E-05 0.191311 0.288359
0.540806 0.281908 0.0840235 0.0931629 9.9991E-05
0.475838 0.0989553 0.0733249 0.23156 0.120321
0.0910681 0.411952 9.9991E-05 0.0498384 0.447042
0.562052 0.117353 9.9991E-05 0.221815 0.0986801
0.453728 0.321251 0.0609337 0.163987 9.9991E-05
0.466901 0.268834 9.9991E-05 0.235143 0.0290218
0.494542 0.1406 9.9991E-05 0.256908 0.10785
0.464096 0.105819 9.9991E-05 0.291055 0.138931
0.0906766 0.523587 9.9982E-05 9.9982E-05 0.385537
0.722726 0.00155647 9.9991E-05 0.168075 0.107543
0.103324 0.106954 9.9991E-05 0.231517 0.558105
