0.226031 9.9982E-05 9.9982E-05 0.324944 0.448826
0.455853 9.9991E-05 0.0278003 0.0954788 0.420768
0.386815 0.0616604 0.0499168 9.9991E-05 0.501508
0.168088 9.9991E-05 0.103238 0.0939389 0.634636
0.0471505 0.030628 0.0397365 0.165675 0.71681
9.999E-05 0.0892961 0.881701 0.0117521 0.0171508
0.192107 0.0926661 0.0202632 0.143996 0.550968
9.9982E-05 9.9982E-05 0.935936 0.0499853 0.0138791
0.295733 0.0462722 0.0167584 0.0488169 0.59242
0.281631 9.9991E-05 0.00905689 0.134568 0.574645
0.12567 9.9991E-05 0.0518427 0.106783 0.715604
0.153853 9.9991E-05 0.256098 0.193414 0.396535
0.371395 9.9982E-05 9.9982E-05 0.103944 0.524461
0.249951 9.9982E-05 0.0922495 9.9982E-05 0.6576
0.139407 9.9991E-05 0.747957 0.0307607 0.0817746
0.52007 0.0350622 0.0428762 9.9991E-05 0.401892
0.193231 9.9991E-05 0.175615 0.155419 0.475634
0.0600533 0.146081 9.9991E-05 0.153601 0.640164
0.188457 0.0767275 0.0316184 0.0218535 0.681343
0.169766 9.9982E-05 9.9982E-05 0.136547 0.693487
9.9982E-05 0.0793783 9.9982E-05 0.0366768 0.883745
0.0855187 0.00700356 0.142894 0.186354 0.578231
0.16555 9.9982E-05 9.9982E-05 0.146975 0.687276
0.387527 9.9982E-05 0.58457 9.9982E-05 0.0277029
0.20263 0.0248493 9.9991E-05 0.218489 0.553932
0.104008 9.9991E-05 0.61574 0.0400076 0.240145
0.235674 0.158102 0.467423 9.9991E-05 0.138701
9.9982E-05 9.9982E-05 0.333306 0.0549942 0.6115
0.109232 9.9982E-05 0.802938 9.9982E-05 0.0876295
9.9991E-05 0.00753375 0.168126 0.0150556 0.809185
0.334689 9.9991E-05 0.460364 0.160435 0.0444124
0.190865 0.116063 9.9991E-05 0.135303 0.557669
0.277844 0.0113384 0.259703 9.9991E-05 0.451014
9.9982E-05 0.0473663 0.837492 9.9982E-05 0.114942
9.9973E-05 0.0909283 0.908772 9.9973E-05 9.9973E-05
0.13224 0.0557055 0.145605 0.0491364 0.617313
0.154711 9.9982E-05 0.155096 9.9982E-05 0.689993
0.300444 0.106685 9.9991E-05 0.0513572 0.541414
9.9982E-05 9.9982E-05 0.813765 0.126173 0.0598621
0.275832 9.9991E-05 0.417187 0.194951 0.11193
0.315308 0.155094 0.245719 9.9991E-05 0.283779
0.229787 0.0429751 0.000105989 9.9991E-05 0.727032
0.37023 9.9982E-05 0.106833 9.9982E-05 0.522737
0.288096 0.00419341 0.608722 9.9991E-05 0.0988893
0.323593 0.0671137 9.9991E-05 0.142507 0.466686
0.401816 9.9982E-05 9.9982E-05 0.283634 0.314351
0.31737 0.0335562 0.0421341 0.120193 0.486746
0.220767 0.0511994 0.0865607 0.031576 0.609897
0.541512 9.9991E-05 0.0421868 0.0655116 0.35069
0.280489 9.9991E-05 0.574833 0.0833867 0.0611915
0.161021 0.00283545 0.0335388 0.134028 0.668577
0.157124 9.9991E-05 0.36191 0.228226 0.252641
0.374949 9.9982E-05 9.9982E-05 0.134916 0.489935
0.0607705 0.000331475 0.938698 9.9982E-05 9.9982E-05
0.283966 0.01122 0.46585 9.9991E-05 0.238864
0.27093 9.9982E-05 9.9982E-05 0.156601 0.572269
0.1971 9.9982E-05 9.9982E-05 0.159924 0.642776
0.188502 9.9991E-05 0.189734 0.0989404 0.522724
0.382961 9.9982E-05 0.334575 9.9982E-05 0.282264
0.0142585 9.9991E-05 0.352185 0.0553013 0.578155
0.173866 0.0178899 0.808044 9.9982E-05 9.9982E-05
0.016235 9.9982E-05 0.908434 0.0751307 9.9982E-05
0.290908 0.0538484 0.00215666 0.0457242 0.607363
0.0998372 9.9973E-05 0.899863 9.9973E-05 9.9973E-05
0.215527 9.9991E-05 0.0433666 0.17195 0.569056
0.0180682 9.9991E-05 0.862961 0.040835 0.0780361
0.196451 9.9982E-05 9.9982E-05 0.175464 0.627885
0.288635 9.9991E-05 0.151728 0.141808 0.417729
0.465012 9.9982E-05 9.9982E-05 0.0418756 0.492912
0.0703199 0.114243 0.763601 9.9991E-05 0.0517364
0.405739 9.9982E-05 9.9982E-05 0.216456 0.377605
0.350872 9.9991E-05 0.0645474 0.157385 0.427095
0.175317 9.9991E-05 0.265164 0.147587 0.411832
0.341904 9.9982E-05 9.9982E-05 0.216206 0.44169
0.309776 9.9991E-05 0.069325 0.106931 0.513868
0.0899887 9.9991E-05 0.419136 0.144385 0.346391
0.0931113 9.9991E-05 0.103082 0.0683081 0.735399
0.413423 9.9991E-05 0.180989 0.082114 0.323374
0.419211 9.9991E-05 0.106874 0.0634128 0.410403
0.313311 0.0476565 9.9991E-05 0.122524 0.516408
0.310408 9.9982E-05 9.9982E-05 0.333249 0.356143
0.2319 0.136331 0.0308617 9.9991E-05 0.600807
0.301408 9.9991E-05 0.0442469 0.169922 0.484323
0.2537 9.9982E-05 9.9982E-05 0.0905383 0.655562
0.205091 9.9982E-05 9.9982E-05 0.0543594 0.74035
0.473908 9.9991E-05 0.119978 0.148569 0.257445
0.198487 9.9982E-05 0.32653 9.9982E-05 0.474784
0.162912 9.9991E-05 0.311385 0.058958 0.466645
0.0496237 9.9982E-05 0.898577 9.9982E-05 0.0515994
0.17491 9.9991E-05 0.250106 0.140225 0.434659
0.487282 9.9991E-05 0.0250775 0.114226 0.373314
0.0793807 9.9991E-05 0.635255 0.10945 0.175814
0.184065 9.9991E-05 0.00922196 0.128068 0.678545
0.00342601 9.9991E-05 0.301376 0.00194741 0.693151
0.119765 9.9991E-05 0.540609 0.0224099 0.317116
0.0532636 9.9982E-05 0.884377 0.0621592 9.9982E-05
0.171299 9.9991E-05 0.113899 0.149974 0.564728
0.490875 0.0423467 0.0541332 9.9991E-05 0.412545
0.326912 9.9991E-05 0.0337847 0.215059 0.424144
0.0381626 9.9991E-05 0.265431 0.0833449 0.612962
0.418528 9.9991E-05 0.467439 0.0207512 0.0931812
0.23291 9.9991E-05 0.0318907 0.103474 0.631626
0.252678 0.088924 9.9991E-05 0.190398 0.4679
0.129078 9.9982E-05 9.9982E-05 0.285311 0.585411
0.312763 9.9982E-05 9.9982E-05 0.141498 0.54554
0.0354088 9.9991E-05 0.807667 0.0730153 0.0838089
0.191116 9.9991E-05 0.486751 0.153712 0.16832
0.402981 9.9973E-05 9.9973E-05 9.9973E-05 0.596719
0.355964 0.0282451 0.0265438 0.0627698 0.526478
0.330463 9.9982E-05 9.9982E-05 0.0327172 0.63662
0.201116 9.9982E-05 0.515038 9.9982E-05 0.283646
0.00284889 9.9982E-05 0.972038 9.9982E-05 0.0249135
0.124436 0.00572428 0.441189 9.9991E-05 0.428551
0.166699 0.169349 9.9982E-05 9.9982E-05 0.663752
0.173209 9.9991E-05 0.081115 0.188534 0.557041
0.220014 9.9982E-05 9.9982E-05 0.191611 0.588175
0.306489 9.9982E-05 9.9982E-05 0.0981211 0.59519
0.0374481 0.0165094 0.945843 9.9982E-05 9.9982E-05
0.0589403 0.0217432 0.00198458 0.118082 0.79925
0.344521 0.0218948 9.9991E-05 0.069601 0.563884
0.181508 0.0111515 0.112401 0.0901266 0.604813
0.0542104 0.0815261 0.640433 9.9991E-05 0.22373
0.213277 0.0860202 9.9982E-05 9.9982E-05 0.700503
0.241069 0.134384 0.0586379 0.0103689 0.55554
0.174613 0.00306045 9.9991E-05 0.115702 0.706525
0.172549 9.9991E-05 0.0760938 0.199196 0.552062
9.9982E-05 9.9982E-05 0.701927 0.106766 0.191107
0.048976 9.9973E-05 0.950724 9.9973E-05 9.9973E-05
0.485516 0.125084 9.9982E-05 9.9982E-05 0.389201
0.28858 9.9982E-05 9.9982E-05 0.19032 0.5209
0.3161 9.9982E-05 9.9982E-05 0.122532 0.561167
0.34545 0.0156767 9.9991E-05 0.219331 0.419442
0.21837 9.9982E-05 0.382128 9.9982E-05 0.399302
0.233316 0.159229 0.0110852 0.0755897 0.520781
0.0255068 9.9991E-05 0.236003 0.175977 0.562413
0.9996 9.997E-05 9.997E-05 9.997E-05 9.997E-05
0.0402726 0.0595192 0.629779 0.10291 0.16752
0.179612 0.107096 0.298905 0.0273727 0.387015
0.9996 9.997E-05 9.997E-05 9.997E-05 9.997E-05
0.109931 9.9991E-05 0.600423 0.180166 0.109379
0.115838 0.00383759 0.215125 9.9991E-05 0.6651
0.121654 0.000296274 0.402665 0.171793 0.303592
0.265108 0.0234198 0.294808 9.9991E-05 0.416563
0.473339 0.0601776 0.228791 9.9991E-05 0.237592
0.0687005 0.109521 0.821579 9.9982E-05 9.9982E-05
0.312912 0.019984 0.232292 0.0339708 0.400841
0.295401 9.9991E-05 0.269021 0.0126382 0.42284
0.388265 9.9982E-05 9.9982E-05 0.116269 0.495266
0.259224 9.9982E-05 9.9982E-05 0.299996 0.44058
0.244826 0.0537314 9.9991E-05 0.265316 0.436026
0.243135 0.0606536 0.0471842 0.0292733 0.619754
9.9982E-05 9.9982E-05 0.342072 0.161822 0.495906
0.157881 9.9982E-05 0.769993 9.9982E-05 0.0719262
0.151804 0.0541721 0.44267 0.0463241 0.30503
0.48245 0.00467517 0.0134712 0.187118 0.312285
0.448154 0.110392 9.9991E-05 0.0546377 0.386717
0.144088 9.9982E-05 0.852963 0.00274899 9.9982E-05
0.285828 0.0737953 9.9991E-05 0.128297 0.51198
0.3267 9.9991E-05 0.0168892 0.170635 0.485676
0.250382 9.9991E-05 0.201594 0.100746 0.447178
0.376567 0.0520541 9.9991E-05 0.0903681 0.480911
0.472512 0.0030566 0.165023 0.0553178 0.30409
0.406227 9.9991E-05 0.024728 0.200214 0.368731
0.380086 9.9991E-05 0.0281181 0.274581 0.317115
0.178665 0.0354177 9.9991E-05 0.0957135 0.690103
0.136051 0.0312421 9.9991E-05 0.149145 0.683462
0.452014 0.00911022 0.142488 0.161157 0.235232
0.154162 9.9982E-05 0.606894 9.9982E-05 0.238743
0.378674 9.9991E-05 0.284685 0.0547894 0.281752
0.516502 0.10945 0.0380774 0.0458955 0.290075
0.297985 0.0565898 0.102095 0.116456 0.426874
0.192159 9.9991E-05 0.108504 0.110579 0.588659
9.9973E-05 9.9973E-05 0.967981 0.0317193 9.9973E-05
0.344978 0.0462872 0.12898 0.0627983 0.416957
0.459356 9.9982E-05 0.330438 9.9982E-05 0.210005
0.535587 0.0736198 0.00720638 0.11663 0.266957
0.308381 9.9991E-05 0.207993 0.0486722 0.434854
0.17694 0.0329376 0.633308 9.9991E-05 0.156714
0.262522 9.9991E-05 0.440232 0.0949015 0.202245
9.9982E-05 9.9982E-05 0.532725 0.0599941 0.407081
0.194125 9.9982E-05 0.0154997 9.9982E-05 0.790176
9.9973E-05 0.112138 0.887562 9.9973E-05 9.9973E-05
0.202038 9.9991E-05 0.41711 0.0394777 0.341274
0.209176 9.9991E-05 0.0233272 0.228266 0.539131
9.997E-05 9.997E-05 0.9996 9.997E-05 9.997E-05
0.200939 0.0025218 0.560959 9.9991E-05 0.23548
0.279785 0.0743724 0.0553043 0.0937386 0.496799
0.0511349 9.9991E-05 0.492906 0.0802742 0.375585
0.186841 9.9982E-05 0.106343 9.9982E-05 0.706616
0.122385 0.0742828 0.00706108 0.0532796 0.742992
0.0997181 0.00936607 0.37138 0.102599 0.416937
0.245794 0.00685045 9.9991E-05 0.0333839 0.713872
0.31641 9.9973E-05 9.9973E-05 9.9973E-05 0.68329
0.33014 0.0869077 0.027294 9.9991E-05 0.555558
0.396253 9.9991E-05 0.241907 0.161539 0.200202
0.135202 9.9991E-05 0.215231 0.116825 0.532642
0.169244 0.149515 9.9991E-05 0.163075 0.518066
0.199002 0.0168601 0.112409 0.0607859 0.610943
0.44273 0.101847 9.9991E-05 0.166311 0.289012
0.351914 0.0541972 9.9991E-05 0.082092 0.511697
0.331426 0.0855012 0.313428 0.0300797 0.239565
0.319154 9.9982E-05 9.9982E-05 0.0895321 0.591113
0.5336 0.0490389 9.9982E-05 9.9982E-05 0.417161
0.270142 0.141134 9.9991E-05 0.151606 0.437018
0.0807546 0.21743 9.9991E-05 0.327079 0.374636
0.348864 0.0215195 0.273318 0.115543 0.240755
0.0152078 0.0443081 9.9991E-05 0.203355 0.737029
0.308918 0.0103182 0.217322 0.0174047 0.446037
0.452371 0.000790617 0.0387025 0.146562 0.361574
0.0770542 0.0492793 9.9991E-05 0.157742 0.715825
0.289121 0.100963 9.9991E-05 0.109999 0.499817
0.153366 9.9991E-05 0.344082 0.183776 0.318676
0.155747 0.0635589 0.492917 9.9991E-05 0.287677
0.0714391 0.0392727 9.9982E-05 9.9982E-05 0.889088
0.379999 0.0370894 9.9991E-05 0.0745263 0.508285
0.159411 9.9982E-05 9.9982E-05 0.217735 0.622654
0.241886 9.9991E-05 0.0491652 0.210569 0.49828
0.423509 9.9991E-05 0.315845 0.0595871 0.200959
0.331346 0.0192302 0.202022 0.112456 0.334946
0.331869 0.0775819 9.9991E-05 0.16257 0.427879
0.234367 9.9991E-05 0.584937 0.140655 0.0399411
0.23617 0.00900229 0.21331 9.9991E-05 0.541418
0.424612 0.143491 0.112769 0.0396037 0.279525
0.171093 9.9982E-05 0.793913 0.0347945 9.9982E-05
0.423395 0.0050885 9.9991E-05 0.195632 0.375785
0.458099 9.9991E-05 0.0258945 0.17114 0.344767
0.155037 9.9991E-05 0.0322967 0.0328344 0.779732
0.141167 0.000187702 9.9991E-05 0.25209 0.606455
0.45107 0.111741 9.9991E-05 0.063028 0.37406
0.332669 0.0555817 0.00782476 0.0992271 0.504697
0.199196 0.0979698 9.9982E-05 9.9982E-05 0.702634
0.265607 9.9991E-05 0.00978328 0.118768 0.605742
0.536297 9.9982E-05 0.130061 9.9982E-05 0.333442
0.284801 9.9982E-05 9.9982E-05 0.193983 0.521016
0.430004 9.9982E-05 9.9982E-05 0.069934 0.499862
0.567955 0.110895 0.150719 9.9991E-05 0.170332
0.191055 9.9991E-05 0.0182913 0.196069 0.594485
0.312385 9.9973E-05 9.9973E-05 9.9973E-05 0.687315
0.129624 9.9991E-05 0.366343 0.0396282 0.464304
0.266821 9.9991E-05 0.282606 0.0818288 0.368645
0.170875 9.9973E-05 9.9973E-05 9.9973E-05 0.828825
0.109878 9.9991E-05 0.571942 0.0948937 0.223187
0.30912 9.9982E-05 9.9982E-05 0.0897827 0.600897
0.205748 9.9982E-05 0.287125 9.9982E-05 0.506927
0.107484 0.103431 0.0381058 0.106845 0.644135
0.346243 9.9991E-05 0.231525 0.237982 0.184151
0.0981901 0.105187 0.316056 0.101497 0.379069
0.248075 9.9991E-05 0.509946 0.00860228 0.233276
0.164642 0.125408 0.0411644 9.9991E-05 0.668685
0.443262 9.9982E-05 9.9982E-05 0.0597128 0.496825
0.256137 9.9991E-05 0.338947 0.0486735 0.356142
0.24079 0.0478393 0.0268907 0.148254 0.536226
0.0678704 0.106342 9.9982E-05 9.9982E-05 0.825587
9.9973E-05 9.9973E-05 0.96444 0.0352596 9.9973E-05
0.313083 0.00744902 0.00892539 0.0922652 0.578277
0.133719 0.0850991 9.9982E-05 9.9982E-05 0.780982
0.141855 0.0248769 0.0288861 0.0341693 0.770213
0.238366 9.9991E-05 0.0130764 0.141286 0.607171
0.207267 9.9991E-05 0.0390981 0.0513872 0.702148
0.245414 9.9991E-05 0.0214608 0.104065 0.628959
0.143536 0.0596251 0.00969958 9.9991E-05 0.787039
0.17819 9.9991E-05 0.112693 0.125856 0.583161
0.115962 0.0670822 0.567674 0.0351811 0.214101
0.298849 0.0672059 9.9982E-05 9.9982E-05 0.633745
0.181637 9.9982E-05 9.9982E-05 0.136004 0.682158
0.367581 0.064868 0.211564 0.098899 0.257087
0.211936 9.9991E-05 0.386508 0.0439841 0.357471
0.264354 0.0607419 9.9991E-05 0.116092 0.558713
0.138921 9.9982E-05 0.259766 9.9982E-05 0.601113
0.102128 9.9982E-05 9.9982E-05 0.182358 0.715315
0.181579 9.9991E-05 0.308577 0.0678574 0.441886
0.143643 0.106041 0.148832 0.0866505 0.514833
0.221763 9.9991E-05 0.510666 0.0990472 0.168424
0.0379227 9.9991E-05 0.233028 0.193542 0.535407
0.492561 0.127072 0.00755399 0.101856 0.270957
0.0833821 9.9991E-05 0.283177 0.113908 0.519433
0.302618 9.9982E-05 9.9982E-05 0.208852 0.48833
0.206761 9.9991E-05 0.0694299 0.0806106 0.643098
0.452633 9.9991E-05 0.0566055 0.107064 0.383598
0.258883 9.9991E-05 0.302202 0.0837043 0.355111
0.465735 0.0399507 0.0347871 9.9991E-05 0.459427
0.365227 0.0693471 0.00120718 0.10407 0.460149
0.230759 0.0566646 9.9991E-05 0.0358127 0.676664
9.9991E-05 0.112266 0.503703 0.0709316 0.312999
9.9973E-05 9.9973E-05 0.918983 0.0807167 9.9973E-05
0.132585 0.122529 0.12956 0.0222579 0.593068
0.356796 0.0744007 0.112653 0.0663147 0.389836
0.443975 0.0576076 0.0980574 0.100028 0.300333
0.273265 9.9991E-05 0.19923 0.0773161 0.450089
0.140593 0.181827 0.278682 9.9991E-05 0.398798
0.1287 9.9991E-05 0.104426 0.268671 0.498103
0.402927 9.9982E-05 9.9982E-05 0.137703 0.459171
0.261919 0.0340701 9.9991E-05 0.109267 0.594644
0.30236 0.0277779 9.9991E-05 0.0232492 0.646513
0.185317 0.129904 9.9991E-05 0.0404599 0.644219
0.210517 9.9991E-05 0.0092792 0.0360074 0.744096
0.28053 9.9982E-05 9.9982E-05 0.0558264 0.663444
0.444976 9.9991E-05 0.00557265 0.14835 0.401001
0.174764 0.154284 9.9991E-05 0.0872489 0.583603
0.218186 9.9991E-05 0.0409064 0.19896 0.541848
0.347447 0.22677 0.00160187 0.0527557 0.371426
0.212093 0.113806 0.0661615 9.9991E-05 0.607839
0.151958 9.9991E-05 0.140924 0.132661 0.574358
9.9991E-05 0.0556255 0.655752 0.120474 0.168049
0.261579 9.9991E-05 0.452055 0.053872 0.232395
9.9982E-05 0.105139 0.802742 9.9982E-05 0.0919185
0.361029 0.00303184 9.9982E-05 9.9982E-05 0.63574
0.167546 9.9982E-05 0.793323 0.0389303 9.9982E-05
0.000473202 0.0660819 0.789133 0.0674847 0.0768273
0.155642 0.0256232 0.0347042 0.194995 0.589035
0.0549075 0.0387941 9.9991E-05 0.233822 0.672377
0.361778 9.9982E-05 9.9982E-05 0.164551 0.473471
0.0253447 9.9982E-05 0.756098 9.9982E-05 0.218357
0.226622 9.9982E-05 9.9982E-05 0.106102 0.667076
0.318236 0.0234823 0.433886 0.0903885 0.134007
0.220161 0.00109267 0.0123927 0.141939 0.624414
0.0605035 0.162616 0.776681 9.9982E-05 9.9982E-05
0.352933 0.0177023 0.0870816 0.0364695 0.505814
0.118643 0.008392 0.0631907 0.00848104 0.801293
0.137825 9.9982E-05 9.9982E-05 0.0907661 0.771209
0.362391 0.0191238 9.9991E-05 0.0457508 0.572634
9.9991E-05 0.000255595 0.806779 0.0372286 0.155637
0.125517 9.9991E-05 0.208985 0.0776752 0.587722
0.170061 0.112626 0.418334 0.0670057 0.231974
0.235523 9.9982E-05 9.9982E-05 0.221113 0.543164
0.0818595 0.060617 0.767096 0.0506629 0.0397646
0.175403 0.200378 0.143472 0.182179 0.298568
0.213283 0.0994021 0.452804 0.0409964 0.193515
0.284252 0.0642191 0.0055732 9.9991E-05 0.645856
0.370819 0.0352093 0.227026 0.0669099 0.300035
9.9982E-05 9.9982E-05 0.611521 0.174566 0.213713
0.277586 0.037303 9.9991E-05 0.204277 0.480734
0.349755 9.9982E-05 9.9982E-05 0.25536 0.394685
0.390661 0.0250647 9.9991E-05 0.143402 0.440773
0.0727478 0.117764 9.9991E-05 0.14552 0.663868
0.169063 9.9991E-05 0.460326 0.126967 0.243545
0.297278 0.144046 9.9991E-05 0.101869 0.456706
0.0574694 0.0512827 9.9991E-05 0.154441 0.736707
0.0797979 0.0560501 0.0423058 0.0636645 0.758182
0.170072 9.9991E-05 0.504106 0.125231 0.200491
0.354135 9.9991E-05 0.201048 0.115491 0.329227
0.139749 9.9982E-05 9.9982E-05 0.174663 0.685389
0.655322 0.00368028 0.118226 0.184257 0.0385149
0.120435 9.9991E-05 0.245146 0.176305 0.458014
0.34722 9.9982E-05 9.9982E-05 0.205802 0.446778
0.223976 9.9991E-05 0.380424 0.161218 0.234282
0.461871 0.156642 0.0793608 9.9991E-05 0.302026
0.127913 9.9982E-05 0.479352 9.9982E-05 0.392535
0.256599 9.9982E-05 9.9982E-05 0.174431 0.56877
0.191476 0.0383468 9.9991E-05 0.0655717 0.704505
0.20609 0.0566862 9.9982E-05 9.9982E-05 0.737024
0.103831 9.9982E-05 9.9982E-05 0.335252 0.560718
0.324937 0.0568403 9.9991E-05 0.115487 0.502636
0.399796 9.9982E-05 9.9982E-05 0.0940013 0.506003
0.242183 0.0354472 0.292806 9.9991E-05 0.429463
0.4714 0.052726 0.0121785 9.9991E-05 0.463595
0.256544 9.9973E-05 9.9973E-05 9.9973E-05 0.743156
0.0480713 9.9991E-05 0.0786714 0.0919992 0.781158
0.282395 9.9991E-05 0.0695856 0.172229 0.47569
0.230876 0.0787904 0.336644 0.123681 0.230008
0.359473 9.9982E-05 9.9982E-05 0.277036 0.363292
0.174987 9.9982E-05 9.9982E-05 0.230194 0.59462
0.222891 9.9973E-05 0.776809 9.9973E-05 9.9973E-05
0.0396592 0.049725 0.608819 9.9991E-05 0.301697
0.355935 9.9982E-05 9.9982E-05 0.0840042 0.559861
0.0117841 0.424517 9.9991E-05 0.172531 0.391068
9.9991E-05 0.31885 0.112879 0.499112 0.0690592
0.113435 0.325719 0.0362657 0.375892 0.148688
0.178733 0.17249 9.9991E-05 0.0902086 0.558468
0.07846 0.371336 9.9991E-05 0.468363 0.0817406
0.107786 0.44709 9.9991E-05 0.297169 0.147855
0.0169746 0.575989 0.0441781 0.0745731 0.288285
0.107389 0.428144 0.00804681 0.364045 0.0923746
0.0972584 0.421801 0.0112312 0.232538 0.237171
0.213682 0.261388 9.9991E-05 0.254262 0.270568
0.10218 0.298584 9.9991E-05 0.22936 0.369776
0.0203836 0.404582 0.0565527 0.379532 0.138949
0.119915 0.119696 9.9991E-05 0.242124 0.518165
0.276777 0.273528 9.9991E-05 0.307708 0.141886
0.115409 0.361429 9.9991E-05 0.324764 0.198297
9.9991E-05 0.518708 0.119107 0.302705 0.0593792
0.00182578 0.298557 9.9991E-05 0.300537 0.39898
0.112403 0.270861 0.0173636 0.332886 0.266487
9.9991E-05 0.0161608 0.812652 0.166393 0.00469446
0.124549 0.353824 0.0215746 0.14192 0.358132
0.232974 0.266097 0.00122008 0.293739 0.20597
0.108672 0.173276 0.0894295 0.0390591 0.589563
9.9982E-05 0.535949 9.9982E-05 0.455344 0.00850744
0.373765 0.415703 9.9982E-05 0.210332 9.9982E-05
0.454066 0.15599 0.0197972 9.9991E-05 0.370046
9.9991E-05 0.46244 0.0261493 0.174164 0.337147
9.9982E-05 0.35346 9.9982E-05 0.229411 0.416929
0.141874 0.319855 9.9991E-05 0.336562 0.201609
9.9991E-05 0.586088 0.0779804 0.160598 0.175233
0.112659 0.505016 0.0410615 0.309233 0.0320304
0.0941858 0.497199 9.9982E-05 0.408415 9.9982E-05
9.997E-05 9.997E-05 9.997E-05 0.9996 9.997E-05
0.123717 0.42201 0.0313768 0.324441 0.0984557
9.9982E-05 0.466571 9.9982E-05 0.251137 0.282092
0.187656 0.628204 0.0901422 0.0938975 9.9991E-05
0.153675 0.551066 0.000949245 0.202214 0.0920961
0.0978298 0.559912 0.0869592 0.151275 0.104024
0.270249 9.9982E-05 9.9982E-05 0.205126 0.524425
0.037608 0.478611 0.0639286 0.373089 0.0467638
0.00598146 0.305918 0.00784142 0.403835 0.276425
0.035662 0.406745 0.00947201 0.139178 0.408943
0.0742944 0.358399 0.0076137 0.245972 0.313721
9.997E-05 9.997E-05 9.997E-05 0.9996 9.997E-05
0.305791 0.0157111 0.000537998 0.2572 0.42076
9.9991E-05 0.35455 0.00870699 0.454848 0.181795
0.243512 0.0701133 0.276263 9.9991E-05 0.410011
0.412482 0.0229597 9.9991E-05 0.188019 0.376439
0.113893 0.175856 0.0426611 0.0190087 0.648582
0.116833 0.570343 0.0147504 0.181477 0.116596
0.157617 0.465387 9.9991E-05 0.160004 0.216892
9.9982E-05 0.699644 9.9982E-05 0.112781 0.187375
0.0154114 0.400575 9.9991E-05 0.265974 0.31794
0.199554 0.416387 0.0218248 0.101851 0.260383
0.0631409 0.524951 0.0145067 0.118152 0.279249
0.0407309 0.402647 9.9991E-05 0.205368 0.351155
9.9991E-05 0.476368 0.00140635 0.456113 0.0660128
9.9982E-05 0.283925 9.9982E-05 0.385096 0.330779
9.9973E-05 9.9973E-05 9.9973E-05 0.944995 0.0547049
9.9982E-05 0.639222 9.9982E-05 0.225671 0.134908
9.9982E-05 0.550215 9.9982E-05 0.2261 0.223485
0.183615 0.381752 0.00490464 0.412298 0.0174307
0.220224 0.550766 9.9991E-05 0.209684 0.0192257
0.214564 0.143603 9.9991E-05 0.0896238 0.55211
0.00139237 0.379056 0.0201038 0.447783 0.151665
0.0634762 0.151852 0.211214 9.9991E-05 0.573357
0.206455 0.411795 0.012463 0.159508 0.209779
0.0856549 0.538275 0.0851952 0.196699 0.0941759
0.216276 9.9991E-05 0.151258 0.178777 0.453589
0.0607416 0.382226 0.0479953 0.338498 0.170539
0.100736 0.421146 0.0461192 0.30187 0.130129
9.997E-05 9.997E-05 9.997E-05 0.9996 9.997E-05
0.198824 0.564175 9.9991E-05 0.11694 0.119961
0.260787 0.320233 9.9991E-05 0.233304 0.185576
0.0460858 0.61458 9.9991E-05 0.118457 0.220777
9.9991E-05 0.57828 0.026423 0.207387 0.18781
0.0476922 0.377361 9.9991E-05 0.217704 0.357143
0.152889 0.105634 9.9991E-05 0.267393 0.473984
0.092257 0.398498 9.9991E-05 0.381572 0.127573
0.137974 0.38494 9.9991E-05 0.14537 0.331616
9.9991E-05 0.00740691 0.902804 0.0619707 0.027718
9.9982E-05 0.474508 9.9982E-05 0.168205 0.357086
0.177067 0.0841456 0.159636 9.9991E-05 0.579051
0.0774833 0.676437 0.0213592 0.189785 0.0349359
0.284422 0.234496 9.9991E-05 0.285416 0.195565
0.0936794 0.287149 9.9991E-05 0.145748 0.473324
0.0745468 0.0550258 9.9991E-05 0.280058 0.59027
0.0817134 0.281584 9.9991E-05 0.383829 0.252774
0.0657347 0.4255 9.9991E-05 0.263023 0.245642
0.157714 0.511721 9.9991E-05 0.159721 0.170744
9.9991E-05 0.225956 0.0288975 0.51271 0.232337
0.329245 0.107877 0.0161674 0.127621 0.41909
0.273554 0.415807 9.9982E-05 0.310439 9.9982E-05
0.0814328 0.59353 9.9991E-05 0.022909 0.302029
0.077051 0.44534 9.9991E-05 0.212421 0.265088
0.216003 0.0224051 0.0322229 0.0191339 0.710236
0.114986 0.333669 0.00434114 0.474985 0.07202
0.247166 0.530106 9.9991E-05 0.139696 0.0829323
0.22501 0.190257 9.9991E-05 0.473184 0.111449
0.230325 0.443033 9.9991E-05 0.133695 0.192847
0.553739 9.9973E-05 9.9973E-05 9.9973E-05 0.445961
0.0652104 9.9982E-05 0.929444 0.00514526 9.9982E-05
0.153727 0.42965 9.9991E-05 0.28945 0.127073
0.105519 0.284554 9.9991E-05 0.199203 0.410625
0.140238 0.265303 9.9991E-05 0.254968 0.339391
0.16219 0.378899 9.9991E-05 0.34856 0.110252
9.9991E-05 0.497472 0.0384575 0.413546 0.0504245
9.9982E-05 0.301297 9.9982E-05 0.444993 0.25351
9.9991E-05 0.637486 0.0226228 0.28203 0.0577618
0.168715 0.340431 0.0330101 0.447566 0.0102781
9.9991E-05 0.531857 0.0588481 0.188507 0.220688
0.177184 0.141054 9.9991E-05 0.331459 0.350203
0.273915 0.0314278 9.9991E-05 0.114965 0.579592
0.188426 0.544443 9.9991E-05 0.212041 0.054989
0.0642001 0.298595 9.9991E-05 0.332437 0.304669
0.210568 9.9982E-05 9.9982E-05 0.313087 0.476145
0.193937 0.384543 9.9991E-05 0.379414 0.042006
0.385716 9.9982E-05 9.9982E-05 0.0864658 0.527618
0.167746 0.347239 0.0282537 0.298043 0.158719
0.125926 0.53317 9.9991E-05 0.174684 0.166121
0.163575 0.0977801 0.00384835 0.195962 0.538835
0.193706 0.535624 9.9991E-05 0.158506 0.112064
0.39407 0.342034 9.9991E-05 0.0277765 0.236019
0.559471 0.25338 9.9982E-05 0.186949 9.9982E-05
0.509855 9.9973E-05 0.489845 9.9973E-05 9.9973E-05
0.130168 0.549438 9.9991E-05 0.224751 0.0955438
0.0122915 0.451374 9.9991E-05 0.325692 0.210543
0.155267 0.69279 9.9991E-05 0.0787897 0.0730524
0.107 0.49782 0.00993796 0.151601 0.233641
9.9991E-05 0.433463 0.00564373 0.288865 0.271929
0.102108 0.407692 9.9991E-05 0.444658 0.0454423
0.126547 0.28833 9.9991E-05 0.359879 0.225144
0.154056 9.9982E-05 9.9982E-05 0.115252 0.730493
0.112692 0.330091 0.0527685 0.305156 0.199293
0.0948312 0.499168 9.9991E-05 0.228493 0.177408
9.9991E-05 0.572167 0.00662078 0.357156 0.0639562
0.148147 0.432266 0.00659418 0.357025 0.0559677
0.122984 0.40612 9.9991E-05 0.171357 0.299439
9.9991E-05 0.31029 0.0231358 0.214636 0.451838
9.9982E-05 0.264766 9.9982E-05 0.245206 0.489828
0.293302 0.299053 0.0206042 0.283536 0.103504
0.036463 0.389463 9.9991E-05 0.311379 0.262595
0.257753 0.576016 9.9991E-05 0.138683 0.0274481
0.261587 0.0365225 0.0749136 9.9991E-05 0.626876
9.9982E-05 0.119156 9.9982E-05 0.392845 0.487799
0.228567 0.62217 9.9982E-05 0.149063 9.9982E-05
0.0785701 0.458687 0.0661299 0.26603 0.130583
0.301011 0.397684 9.9991E-05 0.206024 0.0951815
0.188429 0.554732 9.9982E-05 0.256639 9.9982E-05
0.319124 0.420971 0.0140574 0.190903 0.0549457
0.121711 0.0162435 0.0371839 0.0903204 0.734541
0.282144 9.9991E-05 0.0586422 0.317376 0.341738
9.9991E-05 0.299801 0.0472059 0.373715 0.279178
0.189537 0.415825 9.9991E-05 0.274725 0.119813
9.9982E-05 0.478149 9.9982E-05 0.168139 0.353512
0.201956 0.165809 0.00273371 0.327153 0.302348
0.115559 0.540171 0.0406789 0.263848 0.0397435
0.0947432 0.544414 0.0137837 0.304539 0.0425201
0.264749 0.219401 0.267835 9.9991E-05 0.247916
0.11643 0.326415 9.9991E-05 0.258486 0.298569
0.0193416 0.2319 9.9991E-05 0.499662 0.248996
0.28025 0.156203 0.307214 9.9991E-05 0.256234
0.0533817 0.0483354 0.285668 0.0592165 0.553399
0.0797745 0.536433 9.9991E-05 0.275167 0.108525
0.119954 0.248732 0.0893636 0.259266 0.282685
9.9982E-05 0.30646 9.9982E-05 0.552715 0.140625
0.031455 0.180812 0.00944272 0.0597763 0.718513
0.11655 0.383017 9.9991E-05 0.243125 0.257209
0.158406 0.489017 9.99944E-05 0.292349 0.0601275
0.274366 0.0824237 0.322181 0.0695311 0.251498
0.0736852 0.390431 0.0271616 0.318362 0.190361
9.9991E-05 0.509655 0.00372049 0.243432 0.243092
0.170919 0.314087 0.00804138 0.369784 0.137168
0.026299 0.551634 9.9991E-05 0.129137 0.29283
0.0352629 0.588175 9.9991E-05 0.201934 0.174528
0.0918145 0.413031 0.000859659 0.377438 0.116857
9.9991E-05 0.266345 0.099236 0.540952 0.0933666
0.101113 0.267073 9.9991E-05 0.373908 0.257806
9.9982E-05 0.322814 9.9982E-05 0.497418 0.179568
0.0333613 0.438446 9.9991E-05 0.234904 0.293189
0.271392 0.0111353 0.679006 0.0383667 9.9991E-05
0.211124 0.583371 9.9982E-05 0.205305 9.9982E-05
9.9991E-05 0.494466 0.00047734 0.289457 0.2155
0.397789 0.225606 9.9991E-05 0.0088751 0.36763
9.9982E-05 0.647075 9.9982E-05 0.349268 0.00345703
0.153665 0.414086 9.9991E-05 0.216824 0.215325
0.175885 0.300897 9.9991E-05 0.414664 0.108454
0.395639 0.0374696 0.0714282 0.274227 0.221236
0.149234 0.485641 9.9991E-05 0.248418 0.116607
0.0883869 0.330031 0.00278288 0.512707 0.0660922
0.0716098 0.452957 0.0555568 0.367015 0.0528611
0.22875 0.392841 0.0135946 0.330022 0.034792
9.9991E-05 0.381507 0.0188995 0.23104 0.368453
9.997E-05 9.997E-05 0.9996 9.997E-05 9.997E-05
0.170855 0.397363 9.9991E-05 0.300299 0.131383
0.142211 0.282419 9.9991E-05 0.199224 0.376046
0.172466 0.371632 9.9991E-05 0.256939 0.198862
0.231073 0.458174 9.9991E-05 0.260802 0.0498511
0.117775 0.363693 0.0280348 0.490397 9.9991E-05
0.301272 0.252016 9.9991E-05 0.353209 0.093404
0.258237 9.9982E-05 0.619537 0.122026 9.9982E-05
0.00598382 0.555857 9.9991E-05 0.215223 0.222836
0.200056 0.493567 0.0738152 0.169111 0.0634503
0.104859 0.440701 9.9991E-05 0.183659 0.270682
0.279153 0.392431 9.9991E-05 0.169445 0.158871
0.298088 0.296431 9.9982E-05 0.405282 9.9982E-05
0.146319 0.423071 9.9991E-05 0.328924 0.101586
0.0251338 0.265798 9.9991E-05 0.410778 0.29819
0.00122609 0.327174 9.9991E-05 0.380102 0.291397
0.339888 0.335812 9.9991E-05 0.19458 0.12962
0.0122718 0.364118 0.0708437 0.294331 0.258436
0.122424 0.420244 9.9982E-05 0.457131 9.9982E-05
0.109286 0.394526 9.9991E-05 0.187822 0.308265
0.0278571 0.344857 9.9991E-05 0.332308 0.294878
9.9991E-05 0.496361 0.0354103 0.325008 0.14312
9.9982E-05 0.45312 9.9982E-05 0.162257 0.384423
9.9991E-05 0.205577 0.0392163 0.323649 0.431458
0.0901722 0.413499 9.9991E-05 0.314936 0.181292
9.9991E-05 0.455308 0.0781609 0.378011 0.0884198
9.9991E-05 0.343562 0.0609837 0.377221 0.218133
0.101191 0.281268 9.9991E-05 0.43333 0.184111
0.233211 0.132609 0.00506967 0.234372 0.394738
0.101428 0.5647 9.9991E-05 0.32557 0.00820199
0.109897 0.291554 9.9991E-05 0.171826 0.426622
9.9982E-05 0.457021 9.9982E-05 0.165269 0.37751
9.9973E-05 9.9973E-05 0.957988 9.9973E-05 0.0417122
0.0619798 0.0253408 0.356463 0.125512 0.430704
0.290016 0.0706137 0.215074 0.185366 0.23893
0.287549 0.0646401 0.56216 9.9991E-05 0.0855506
0.326934 0.122737 0.00949293 0.19611 0.344726
0.26552 9.9982E-05 9.9982E-05 0.235365 0.498915
0.493897 9.9991E-05 0.0767349 0.145256 0.284013
0.145235 0.371402 9.9991E-05 0.376843 0.10642
9.9982E-05 0.310562 9.9982E-05 0.1945 0.494738
9.9982E-05 0.584271 9.9982E-05 0.361177 0.054352
0.0763208 0.0906108 9.9991E-05 0.373916 0.459053
9.9991E-05 0.47451 0.120399 0.199073 0.205918
0.0720547 0.41397 0.0327242 0.138592 0.342659
0.12049 0.34654 0.000728877 0.277945 0.254296
0.142848 0.345246 9.9991E-05 0.277578 0.234228
0.0498079 0.348968 9.9991E-05 0.338599 0.262525
0.233041 0.446267 0.0300128 0.249434 0.0412447
0.265352 0.505829 0.0139841 0.0750923 0.139743
0.237416 0.102684 0.0341989 0.162562 0.463139
0.221211 0.36805 0.0746997 0.290177 0.0458625
0.255187 0.320473 9.9982E-05 0.424141 9.9982E-05
0.266961 0.238574 0.0450281 0.37444 0.0749966
9.9991E-05 0.0143443 0.760295 0.126692 0.0985684
0.192064 0.15843 0.203996 9.9991E-05 0.44541
9.9982E-05 0.443967 9.9982E-05 0.271778 0.284055
0.29422 0.192593 9.9991E-05 0.429351 0.0837357
0.134579 0.0198271 0.218424 0.120027 0.507142
0.0342889 0.364932 9.9991E-05 0.423075 0.177604
0.0307476 0.474898 0.0255076 0.381445 0.0874013
0.523557 9.9982E-05 9.9982E-05 0.0378396 0.438403
0.0269843 0.374569 9.9991E-05 0.364509 0.233837
9.9991E-05 0.439964 0.0876693 0.457429 0.0148384
0.496098 0.503602 9.9973E-05 9.9973E-05 9.9973E-05
0.445873 0.553827 9.9973E-05 9.9973E-05 9.9973E-05
0.118219 0.5476 0.057583 0.0718635 0.204735
0.0664998 0.417441 9.9991E-05 0.429686 0.086274
0.305015 0.23421 0.340369 0.0414875 0.0789184
0.0379372 0.297875 9.9991E-05 0.428443 0.235645
0.0470468 0.261823 0.0609759 0.391809 0.238345
0.154882 0.594872 9.9982E-05 0.250047 9.9982E-05
0.355937 0.0340125 0.14162 0.273763 0.194666
0.449718 0.0501071 9.9991E-05 0.325504 0.17457
0.363712 0.121839 9.9991E-05 0.0865862 0.427763
0.0621111 0.240256 9.9991E-05 0.499898 0.197635
0.336194 0.0631908 9.9991E-05 0.145541 0.454974
0.021112 0.482199 0.0166151 0.293572 0.186502
0.276899 0.368631 9.9991E-05 0.107978 0.246391
0.254999 0.392614 9.9991E-05 0.263032 0.0892544
0.0877197 0.35568 9.9991E-05 0.281427 0.275073
0.261558 0.121206 0.296467 0.107983 0.212787
0.118006 0.458458 9.9991E-05 0.233016 0.19042
0.0113622 0.0711031 0.867611 0.0342464 0.0156776
0.24315 0.266131 9.9991E-05 0.363179 0.12744
9.9991E-05 0.370445 0.0191612 0.368283 0.242011
9.997E-05 9.997E-05 0.9996 9.997E-05 9.997E-05
9.9982E-05 0.0413428 0.880678 0.0777798 9.9982E-05
0.185844 0.441072 9.9991E-05 0.140364 0.23262
0.289591 0.34697 0.0124548 0.0894346 0.261549
0.0278921 0.486488 0.0229647 0.231014 0.231642
0.126991 0.379482 0.0372389 0.434399 0.021889
0.179523 0.237306 9.9991E-05 0.347572 0.2355
9.9991E-05 0.457957 0.00678085 0.526058 0.00910486
0.246867 0.347886 0.0331604 0.205351 0.166735
0.144053 0.032315 0.382469 0.110879 0.330284
0.0410227 0.145896 9.9991E-05 0.60865 0.204331
9.9991E-05 0.509276 0.0986541 0.342376 0.049594
0.284956 0.303705 9.9991E-05 0.18594 0.2253
0.203787 0.256213 9.9991E-05 0.361537 0.178362
0.13485 0.248928 0.107428 0.19316 0.315633
0.0331151 0.347442 9.9991E-05 0.383517 0.235826
0.171402 0.220138 9.9991E-05 0.337426 0.270934
0.0129529 0.252075 0.0329991 0.375062 0.326911
0.177741 0.421867 0.0524533 0.112334 0.235605
0.191251 0.0305547 0.287036 0.103415 0.387743
0.0869024 0.156164 0.0380702 0.437493 0.281371
0.0637319 0.384737 9.9991E-05 0.321739 0.229692
0.0147249 0.445381 0.00470442 0.353953 0.181236
9.9982E-05 0.276622 9.9982E-05 0.276081 0.447097
9.9991E-05 0.290071 0.00412287 0.306793 0.398913
9.9982E-05 0.353045 9.9982E-05 0.344674 0.302081
0.325316 0.237018 0.0335085 0.357324 0.046833
9.9982E-05 0.524678 9.9982E-05 0.248634 0.226488
0.216614 0.281903 9.9991E-05 0.289226 0.212157
0.0707309 0.50373 0.0101569 0.235851 0.179532
0.311408 0.155343 0.00501168 0.0341532 0.494085
9.9991E-05 0.335553 0.0146155 0.271759 0.377973
0.243881 0.449926 0.0958609 0.125933 0.0843991
0.140985 0.0989622 9.9991E-05 0.0566284 0.703324
0.0923809 0.443542 9.9991E-05 0.234408 0.229569
0.158253 0.282068 0.0246931 0.309908 0.225078
0.220275 0.291927 9.9991E-05 0.346503 0.141195
0.185288 0.34349 9.9991E-05 0.347519 0.123604
0.0768092 0.340352 9.9991E-05 0.371006 0.211732
0.1006 9.9982E-05 9.9982E-05 0.252388 0.646813
0.19874 0.509334 9.9991E-05 0.262107 0.0297193
0.431562 0.0907475 0.028829 0.192831 0.256031
