0.185129 0.106882 0.437729 0.244949 0.0253104
0.0216554 0.334544 0.321273 0.314582 0.00794523
9.999E-05 0.0902781 0.3367 0.561014 0.0119079
9.999E-05 0.205671 0.509805 0.0863415 0.198082
9.9991E-05 0.280631 0.502141 0.17578 0.0413488
0.0100981 9.9982E-05 9.9982E-05 0.202344 0.787358
0.103552 0.16207 0.550187 0.184092 9.9991E-05
9.9973E-05 9.9973E-05 9.9973E-05 0.121575 0.878125
0.031251 0.215223 0.463175 0.290251 9.9991E-05
9.9982E-05 0.223291 0.549107 0.227403 9.9982E-05
0.00860056 0.215829 0.536863 0.237974 0.000733289
9.999E-05 0.245994 0.377546 0.17541 0.200951
9.9982E-05 0.34087 0.475441 0.183489 9.9982E-05
9.999E-05 0.181193 0.384495 0.384703 0.0495078
9.9982E-05 0.360545 9.9982E-05 0.074045 0.56521
9.999E-05 0.301834 0.202015 0.460978 0.0350735
9.999E-05 0.136718 0.415819 0.286055 0.161307
0.136798 0.27281 0.590193 9.9982E-05 9.9982E-05
9.9982E-05 0.547622 0.319911 0.132267 9.9982E-05
9.9982E-05 0.0816757 0.816746 0.101378 9.9982E-05
9.9973E-05 0.412607 0.587093 9.9973E-05 9.9973E-05
0.0215864 0.276598 0.468701 0.155898 0.077217
9.9982E-05 0.220696 0.460006 0.319098 9.9982E-05
0.0505201 0.0558864 9.9991E-05 0.313992 0.579501
0.0782102 0.283391 0.502781 0.135517 9.9991E-05
9.9982E-05 0.388916 0.0156511 9.9982E-05 0.595233
0.0503461 0.0947027 0.131103 0.286207 0.437642
9.9982E-05 0.228594 0.482721 9.9982E-05 0.288485
9.9973E-05 9.9973E-05 9.9973E-05 0.348768 0.650932
9.9982E-05 9.9982E-05 0.666673 0.168794 0.164334
9.9991E-05 0.179386 0.177641 0.150196 0.492676
0.109408 0.272627 0.380312 0.229487 0.00816622
9.9991E-05 0.202885 0.207735 0.411738 0.177541
9.9973E-05 9.9973E-05 0.137622 9.9973E-05 0.862078
0.0994741 9.9982E-05 9.9982E-05 0.0436691 0.856657
0.0104644 0.230753 0.386153 0.268069 0.104561
9.9991E-05 0.247962 0.5496 0.0709132 0.131426
9.9982E-05 0.546556 0.360564 0.0926803 9.9982E-05
0.0184178 0.0534161 0.133193 0.0847043 0.710268
0.0571476 0.255154 0.105482 0.171017 0.411199
9.9991E-05 0.460814 0.00321059 0.340925 0.194951
9.9982E-05 0.331727 0.271178 0.396895 9.9982E-05
9.9991E-05 0.229307 0.593103 0.0289868 0.148503
0.128555 0.228343 0.0813122 0.0206311 0.541159
0.0903568 0.165485 0.428078 0.31598 9.9991E-05
0.11229 0.464243 0.272561 0.127811 0.0230947
0.0873991 0.263716 0.374016 0.233973 0.0408956
0.0240314 0.195199 0.357836 0.358895 0.0640393
9.9982E-05 0.36541 0.212347 0.422044 9.9982E-05
9.9982E-05 0.293463 9.9982E-05 0.223597 0.48274
0.0478982 0.110565 0.55239 0.289047 9.9991E-05
0.0881626 9.9991E-05 0.25897 0.25049 0.402277
0.0452957 0.25558 0.455056 0.243968 9.9991E-05
9.9973E-05 9.9973E-05 0.076085 9.9973E-05 0.923615
9.9991E-05 0.139964 0.0693567 0.40335 0.38723
0.0236875 0.206548 0.69914 0.0705246 9.9991E-05
0.0137599 0.0300589 0.759174 0.196907 9.9991E-05
0.061338 0.175774 0.422357 0.17755 0.162981
9.9991E-05 0.222604 0.0911452 0.403335 0.282816
9.9982E-05 0.143421 0.491668 9.9982E-05 0.364711
0.000684546 9.9982E-05 9.9982E-05 0.224407 0.774708
9.9973E-05 9.9973E-05 9.9973E-05 0.203619 0.796082
0.0630051 0.238063 0.45921 0.192328 0.0473932
9.9973E-05 0.0377295 9.9973E-05 9.9973E-05 0.961971
0.0645048 0.296006 0.390936 0.248454 9.9991E-05
9.9973E-05 0.118479 9.9973E-05 9.9973E-05 0.881221
9.9982E-05 0.464534 0.478272 0.0569935 9.9982E-05
0.0415127 0.204854 0.181257 0.428464 0.143912
9.9982E-05 0.441512 0.317321 0.240967 9.9982E-05
9.9973E-05 9.9973E-05 9.9973E-05 0.254443 0.745257
0.116835 0.301383 0.426379 0.152089 0.00331389
9.9991E-05 0.393903 0.486142 0.110176 0.00967957
0.0443969 0.0652075 0.341808 0.221188 0.3274
0.0308434 0.259263 0.278703 0.43109 9.9991E-05
0.107506 0.258051 0.474093 0.0571134 0.103237
9.9991E-05 0.0451274 0.499996 0.0809529 0.373824
9.9991E-05 0.158642 0.697902 0.120742 0.0226137
0.0821746 0.0701528 0.390062 0.27212 0.18549
9.9991E-05 0.256112 0.201802 0.405009 0.136977
0.0789284 0.498154 0.263228 0.132632 0.0270572
9.9982E-05 0.47419 0.284525 0.241085 9.9982E-05
0.026079 0.243751 0.36063 0.317799 0.0517403
9.9991E-05 0.383625 0.397337 0.163705 0.055233
9.9982E-05 0.105143 0.72588 0.168777 9.9982E-05
9.9973E-05 9.9973E-05 0.55105 0.44865 9.9973E-05
9.9991E-05 0.448207 0.159527 0.296341 0.0958254
9.9991E-05 0.244279 0.252985 0.20467 0.297966
9.9982E-05 9.9982E-05 0.221512 0.621943 0.156344
9.9982E-05 0.0470085 9.9982E-05 0.0787004 0.874091
0.0189278 0.174977 0.230835 0.386789 0.188472
9.9982E-05 0.438491 9.9982E-05 0.545523 0.0157859
9.9991E-05 0.193758 0.00873475 0.238895 0.558513
9.9991E-05 0.348496 0.301704 0.314554 0.0351464
9.9991E-05 0.0705833 0.652211 0.0039315 0.273174
9.9991E-05 0.0901296 0.249047 0.157385 0.503339
9.9973E-05 0.096455 9.9973E-05 9.9973E-05 0.903245
0.00151667 0.247811 0.382593 0.288468 0.0796116
0.0397642 0.135216 0.252883 0.50202 0.0701174
0.0179089 0.345377 0.406817 0.202856 0.0270413
9.9991E-05 0.183131 0.551048 0.00475651 0.260964
9.9982E-05 0.352278 9.9982E-05 0.279569 0.367954
9.9991E-05 0.191873 0.528092 0.211605 0.0683303
0.0250718 0.253623 0.354109 0.367096 9.9991E-05
0.0216948 0.385445 0.525048 0.0677116 9.9991E-05
0.0255891 0.332695 0.476082 0.165534 9.9991E-05
9.9982E-05 9.9982E-05 0.0691771 0.107519 0.823104
0.132258 0.165727 0.0265281 0.207638 0.467849
9.9982E-05 0.0822601 0.668073 0.249467 9.9982E-05
9.9991E-05 0.402629 0.280287 0.311419 0.00556517
9.9982E-05 0.119478 0.647118 0.233205 9.9982E-05
9.9991E-05 0.21504 0.0131615 0.341229 0.430469
9.9973E-05 9.9973E-05 9.9973E-05 0.0470207 0.952679
9.9991E-05 0.0409668 0.215691 0.302687 0.440556
9.9982E-05 0.247989 0.59292 0.15889 9.9982E-05
9.9991E-05 0.212999 0.598255 0.0510263 0.13762
0.144174 0.261828 0.502131 0.0689478 0.0229196
9.9982E-05 0.248753 0.594871 0.156175 9.9982E-05
0.0495416 9.9973E-05 9.9973E-05 9.9973E-05 0.950159
0.062332 0.190896 0.702175 9.9991E-05 0.0444971
0.0228733 0.124944 0.49555 0.356533 9.9991E-05
9.9991E-05 0.28237 0.589906 0.0102427 0.117381
9.9991E-05 0.124504 0.00697664 0.278455 0.589965
9.9982E-05 0.174888 0.563019 0.261893 9.9982E-05
0.0717233 0.0111101 0.408515 0.459743 0.0489092
0.06663 0.199707 0.629866 0.103696 9.9991E-05
9.9991E-05 0.446942 0.349003 0.155933 0.0480222
9.9991E-05 0.246109 0.124306 0.0381791 0.591305
9.9973E-05 9.9973E-05 9.9973E-05 0.161119 0.838582
9.9982E-05 0.303999 0.259924 0.435877 9.9982E-05
0.113075 0.245574 0.429977 0.209021 0.00235218
0.00510977 0.333628 0.530659 0.121305 0.00929762
0.0283984 0.523957 0.178657 0.268888 9.9991E-05
9.9991E-05 0.116303 0.259465 0.300929 0.323203
0.263613 0.194115 0.238478 0.244779 0.0590149
9.9991E-05 0.304487 0.408926 0.0561198 0.230366
9.997E-05 9.997E-05 9.997E-05 0.9996 9.997E-05
9.9991E-05 0.0942524 0.265409 0.0997963 0.540442
9.9991E-05 0.167545 0.248343 0.324917 0.259095
9.9973E-05 9.9973E-05 9.9973E-05 0.980964 0.0187362
0.013941 0.152183 0.0197333 0.238582 0.575561
9.9991E-05 0.0968634 0.571139 0.14136 0.190537
0.0314669 0.356101 0.0951703 0.102442 0.41482
9.9991E-05 0.37922 0.155239 0.184895 0.280545
0.0324277 0.269392 0.020148 0.51243 0.165602
9.9973E-05 0.313161 9.9973E-05 9.9973E-05 0.686539
9.9991E-05 0.28352 0.3104 0.158513 0.247467
0.000922508 0.20002 0.25767 0.318615 0.222773
9.9982E-05 0.420295 0.480863 0.0986419 9.9982E-05
9.9973E-05 0.470166 0.529534 9.9973E-05 9.9973E-05
0.230287 0.152016 0.421295 0.196303 9.9991E-05
9.9982E-05 0.432433 0.15507 0.412297 9.9982E-05
0.0366665 9.9991E-05 0.46652 0.204733 0.29198
9.9982E-05 0.0391628 0.208604 9.9982E-05 0.752033
0.0831765 0.0122121 0.261486 0.215197 0.427929
0.0393018 0.327902 0.199503 0.433193 9.9991E-05
0.0854034 0.45642 0.0982551 0.359822 9.9991E-05
9.9973E-05 9.9973E-05 9.9973E-05 0.121666 0.878034
9.9982E-05 0.395512 0.288302 0.315987 9.9982E-05
0.0648936 0.291269 0.439489 0.204249 9.9991E-05
9.9991E-05 0.17325 0.437758 0.211539 0.177354
0.081278 0.186754 0.413794 0.318074 9.9991E-05
9.9991E-05 0.40845 0.103449 0.380884 0.107118
9.9991E-05 0.377781 0.229914 0.370288 0.0219172
9.9991E-05 0.493416 0.253784 0.199141 0.0535589
9.9982E-05 0.225911 0.632247 0.141642 9.9982E-05
0.0397346 0.182849 0.694154 0.0831624 9.9991E-05
0.0181322 0.33839 0.222501 0.271871 0.149106
0.00651532 0.109324 0.139573 0.263161 0.481426
9.9991E-05 0.241298 0.12083 0.343889 0.293882
0.131163 0.134383 0.206515 0.527839 9.9991E-05
0.0708661 0.350089 0.148336 0.290194 0.140515
9.9991E-05 0.0293758 0.385714 0.520462 0.064348
9.9973E-05 9.9973E-05 9.9973E-05 0.0183989 0.981301
9.9991E-05 0.476175 0.0364632 0.446776 0.040485
9.9982E-05 9.9982E-05 0.283742 0.459001 0.257057
0.0218427 0.442809 0.145003 0.390245 9.9991E-05
9.9991E-05 0.133399 0.251827 0.420939 0.193735
0.0267272 0.207267 9.9991E-05 0.217046 0.54886
9.9991E-05 0.215836 0.108314 0.275614 0.400137
9.9982E-05 0.129231 0.26082 9.9982E-05 0.60975
9.9991E-05 0.0958859 0.488302 0.394766 0.0209466
9.9973E-05 9.9973E-05 9.9973E-05 0.25718 0.742521
9.9991E-05 0.20361 0.24458 0.144286 0.407424
0.0602624 0.371659 0.403287 0.164691 9.9991E-05
9.9973E-05 0.00864342 9.9973E-05 9.9973E-05 0.991057
9.9991E-05 0.0805337 0.00289418 0.441387 0.475085
9.9991E-05 0.181964 0.343689 0.43745 0.0367974
9.9991E-05 0.075499 0.273826 0.249487 0.401088
9.9982E-05 9.9982E-05 0.644747 0.170519 0.184534
0.0470427 0.295165 0.434032 0.223661 9.9991E-05
0.0704445 0.203347 0.268364 0.152132 0.305712
9.9982E-05 0.306227 0.599264 0.0943085 9.9982E-05
9.9982E-05 0.288636 0.389992 0.321171 9.9982E-05
0.0868889 0.200873 0.460881 0.23192 0.0194368
0.105268 0.0309364 0.128797 0.545633 0.189365
0.0558083 0.0645056 0.590591 0.0259097 0.263185
0.150388 0.34035 0.471659 0.0375033 9.9991E-05
9.9991E-05 0.060568 0.536082 0.251357 0.151893
0.147827 0.430001 0.0520723 0.37 9.9991E-05
0.0263151 0.223409 0.278028 0.472148 9.9991E-05
0.0319673 0.232172 0.230781 0.208532 0.296548
9.9982E-05 0.0883299 0.584808 0.326663 9.9982E-05
0.0291993 0.285442 0.317681 0.367578 9.9991E-05
0.238672 0.056882 0.33118 0.373166 9.9991E-05
0.359829 0.209854 0.344776 0.0854411 9.9991E-05
0.0508068 0.217015 0.124436 0.281449 0.326293
0.179334 0.0986971 0.679394 9.9991E-05 0.0424744
9.9991E-05 0.199624 0.22224 0.404608 0.173427
0.00951658 0.401906 0.34805 0.240427 9.9991E-05
0.0487404 0.28662 0.664439 9.9982E-05 9.9982E-05
0.0324923 0.395568 0.366617 0.205223 9.9991E-05
0.00956915 0.158612 0.400224 0.076163 0.355432
9.9982E-05 0.323344 9.9982E-05 0.293006 0.38345
9.9982E-05 0.139093 0.852653 0.00805442 9.9982E-05
0.156734 0.110862 0.63742 0.0948837 9.9991E-05
0.068576 0.241677 0.555678 0.133969 9.9991E-05
0.0331251 0.352454 0.313571 0.273126 0.0277231
9.9991E-05 0.184229 0.0238512 0.474553 0.317266
9.9991E-05 0.411314 0.0271413 0.4053 0.156145
0.0971506 0.2006 0.38903 0.313119 9.9991E-05
9.9991E-05 0.325533 0.0143126 0.148194 0.511861
0.0248217 0.150531 0.450385 0.205373 0.168888
0.083718 0.168674 0.213208 0.395387 0.139013
0.0516651 9.9982E-05 9.9982E-05 0.179137 0.768998
0.000156303 0.313336 0.219408 0.467 9.9991E-05
9.9991E-05 0.519596 0.13432 0.331757 0.0142272
9.9982E-05 0.154341 0.491198 0.354261 9.9982E-05
9.9982E-05 0.316943 0.597778 0.0850794 9.9982E-05
0.183803 0.21801 0.218611 0.379477 9.9991E-05
0.0161765 0.131536 0.414405 0.437721 0.000161583
9.9982E-05 0.36001 0.621498 0.0182921 9.9982E-05
9.9982E-05 0.247065 0.57432 0.178415 9.9982E-05
9.9991E-05 0.321866 0.23322 0.243441 0.201374
0.00135185 0.254405 0.543412 0.200731 9.9991E-05
9.9982E-05 0.209371 0.544827 0.245603 9.9982E-05
9.9982E-05 0.182741 9.9982E-05 0.699494 0.117565
9.9982E-05 0.417055 0.393553 0.189192 9.9982E-05
9.9982E-05 0.254776 0.437994 0.30703 9.9982E-05
9.9991E-05 0.28427 0.239912 0.143006 0.332712
9.9991E-05 0.11879 0.356125 0.218785 0.306199
9.9991E-05 0.0826248 0.608529 0.30003 0.0087157
9.9991E-05 0.197665 0.219055 0.00757562 0.575604
9.9982E-05 0.221922 0.302766 0.475112 9.9982E-05
9.9982E-05 9.9982E-05 0.384949 0.26183 0.353021
0.0421765 0.344276 0.49089 0.0877239 0.0349337
0.0318913 0.0964897 9.9991E-05 0.718225 0.153294
0.156125 0.00316336 0.171157 0.380177 0.289378
9.9991E-05 0.184803 0.086325 0.190729 0.538042
9.9991E-05 0.311836 0.347821 0.290279 0.0499636
9.9982E-05 0.35884 0.396897 0.244063 9.9982E-05
9.9991E-05 0.202593 0.335925 0.186742 0.27464
9.9982E-05 0.464741 0.300839 0.23422 9.9982E-05
9.9991E-05 0.105473 0.622337 0.227055 0.0450347
9.9982E-05 0.151015 0.0371583 9.9982E-05 0.811627
9.9982E-05 0.26664 0.499983 0.233177 9.9982E-05
0.0109216 0.0628784 0.543499 0.382601 9.9991E-05
9.9982E-05 0.335663 0.488527 0.175611 9.9982E-05
9.9991E-05 0.264574 0.455366 0.278228 0.001732
9.9991E-05 0.145208 0.713473 0.106415 0.034804
9.9982E-05 0.196596 0.563182 0.240022 9.9982E-05
9.9991E-05 0.331829 0.54558 0.0819196 0.0405709
9.9991E-05 0.322671 0.493505 0.0107202 0.173004
0.0130331 0.145989 0.0726549 0.214429 0.553894
9.9982E-05 0.31941 0.435291 0.2451 9.9982E-05
9.9982E-05 0.243508 0.717196 0.0390959 9.9982E-05
9.9991E-05 0.403465 0.0853568 0.359849 0.151229
9.9982E-05 9.9982E-05 0.321498 0.271794 0.406508
0.0804424 0.160921 0.651602 0.106935 9.9991E-05
9.9982E-05 9.9982E-05 0.43101 0.32677 0.24202
9.9982E-05 0.436829 0.559243 9.9982E-05 0.00372756
9.9991E-05 0.15228 0.314636 0.236737 0.296247
0.092087 0.0995365 0.217813 0.485633 0.10493
9.9991E-05 0.22829 0.030717 0.325176 0.415717
9.9982E-05 0.26845 0.453575 9.9982E-05 0.277775
0.133279 0.0854937 0.389792 0.366813 0.0246225
9.9991E-05 0.288223 0.338067 0.132082 0.241527
9.9982E-05 0.390962 0.266243 0.342596 9.9982E-05
9.9991E-05 0.0904533 0.577502 0.321646 0.0102989
9.9982E-05 0.137702 0.283637 0.578461 9.9982E-05
9.9991E-05 0.0068687 0.355174 0.377966 0.259891
9.9982E-05 0.148888 0.2861 0.564812 9.9982E-05
0.03559 0.455403 0.295015 0.213891 9.9991E-05
0.0154439 0.185018 0.598438 0.201 9.9991E-05
0.0332647 0.0536327 0.249954 0.065819 0.59733
0.0148469 9.9982E-05 0.093492 9.9982E-05 0.891461
0.0527504 9.9991E-05 0.553477 0.270166 0.123507
9.9991E-05 0.606256 0.144774 0.185471 0.0633983
0.0309214 0.370277 0.0592109 0.494343 0.0452485
9.9991E-05 0.240161 0.118569 0.463851 0.177319
0.0303964 0.37217 0.173997 0.192133 0.231304
9.9982E-05 0.440821 0.461855 9.9982E-05 0.0971232
0.062463 0.286008 0.379342 0.272087 9.9991E-05
0.132236 0.195996 0.461027 0.21064 9.9991E-05
9.9991E-05 0.343671 0.453656 0.174259 0.0283133
0.079112 0.18274 0.506276 0.231772 9.9991E-05
9.9991E-05 0.0011892 0.72248 0.252271 0.02396
9.9982E-05 0.274595 0.636648 0.0885567 9.9982E-05
0.0554739 0.316576 0.0321677 0.595682 9.9991E-05
0.131437 0.135896 0.568097 0.164469 9.9991E-05
9.9991E-05 0.219811 0.503563 0.243718 0.0328081
0.0650347 0.360749 0.323036 0.25108 9.9991E-05
0.0600295 0.238295 0.259284 0.434132 0.0082591
0.063038 0.141484 0.563168 0.105289 0.127021
0.135016 0.0781677 0.196422 9.9991E-05 0.590294
0.0779404 0.155914 0.0571567 0.280527 0.428462
9.9982E-05 0.0320506 0.128077 9.9982E-05 0.839672
9.9982E-05 0.249882 0.573662 0.176256 9.9982E-05
9.9982E-05 0.133196 0.0998403 9.9982E-05 0.766764
0.0359854 9.9991E-05 0.000626725 0.21627 0.747018
9.9982E-05 0.409454 0.268293 0.322053 9.9982E-05
0.100898 0.130561 0.584406 0.165825 0.0183092
0.206849 0.0518075 0.509688 0.198559 0.0330959
9.9991E-05 0.0587811 0.173655 0.012334 0.75513
9.9991E-05 0.151071 0.602355 0.226368 0.0201067
0.0230047 0.133785 0.0145487 0.399416 0.429245
0.0460557 9.9991E-05 0.682451 0.247614 0.0237787
9.9973E-05 0.174901 9.9973E-05 9.9973E-05 0.824799
0.0447697 0.141555 0.332905 0.341523 0.139247
0.00501593 0.237661 0.643207 0.0748111 0.0393056
9.9973E-05 0.208028 0.791673 9.9973E-05 9.9973E-05
0.0683221 0.185756 0.356071 0.38975 9.9991E-05
9.9991E-05 0.00355485 0.258953 0.0143656 0.723027
9.9991E-05 0.0331405 0.411459 0.410695 0.144606
0.0984858 9.9991E-05 0.223895 0.322405 0.355114
0.136092 0.220623 0.462575 0.179157 0.00155332
9.9991E-05 0.0158602 0.0843227 0.166025 0.733692
0.197455 0.197343 0.313038 0.225094 0.0670712
9.9991E-05 0.228056 0.0874631 0.343434 0.340947
0.0534563 0.275961 0.435073 0.233277 0.00223332
0.0579883 0.220199 0.0588242 0.492977 0.170012
0.0624998 9.9991E-05 0.353459 0.0167569 0.567184
0.0573455 0.355255 0.453211 0.134089 9.9991E-05
0.018972 0.33981 0.575445 0.0611154 0.00465692
0.000976777 0.411025 0.307861 0.280038 9.9991E-05
0.0695104 0.283134 0.45959 0.187666 9.9991E-05
9.9991E-05 0.0792678 0.0294281 0.523245 0.367959
0.0579814 0.272937 0.248027 0.420955 9.9991E-05
0.0161476 0.135951 0.713669 0.125186 0.0090471
0.0269339 0.0889286 0.793568 0.0378007 0.0527686
9.9991E-05 0.12817 0.27633 0.146133 0.449267
9.9991E-05 0.197972 0.217894 0.406078 0.177956
9.9973E-05 0.38405 0.61565 9.9973E-05 9.9973E-05
0.0301323 0.349202 9.9991E-05 0.535372 0.0851932
9.9991E-05 0.436113 0.205647 0.220519 0.137622
0.0422406 0.366329 0.273995 0.317335 9.9991E-05
0.00652149 0.109974 0.0320442 0.523561 0.3279
9.9991E-05 0.210122 0.13941 0.625996 0.0243713
0.0254623 0.127611 0.201936 0.258807 0.386183
0.0657157 0.290488 0.643596 9.9982E-05 9.9982E-05
9.9982E-05 0.237601 0.554278 0.207921 9.9982E-05
0.0428174 0.122324 0.675763 0.145082 0.014014
0.00617217 9.9982E-05 0.855613 0.138015 9.9982E-05
0.0822884 0.275047 0.448843 0.193722 9.9991E-05
0.0467453 0.161724 0.553884 0.237547 9.9991E-05
9.9991E-05 0.140578 0.275103 0.298115 0.286105
9.9982E-05 0.332907 0.0417611 0.625132 9.9982E-05
9.9982E-05 0.338132 0.467606 0.194063 9.9982E-05
9.9982E-05 0.379589 0.523491 9.9982E-05 0.0967202
9.9991E-05 0.318814 0.170007 0.455804 0.0552747
0.0685604 0.220537 9.9991E-05 0.44191 0.268893
0.161518 0.182074 0.371118 0.28519 9.9991E-05
0.133323 0.226085 0.529653 0.108673 0.00226646
9.9982E-05 0.0816476 9.9982E-05 0.102706 0.815447
9.9982E-05 9.9982E-05 0.273307 0.0473817 0.679111
0.0328439 0.161618 0.554649 0.250789 9.9991E-05
0.49057 9.9982E-05 0.507082 9.9982E-05 0.00214854
0.627512 0.255641 9.9982E-05 0.116647 9.9982E-05
0.590518 0.172853 0.124463 0.0685423 0.0436236
0.117617 9.9982E-05 0.582987 0.299196 9.9982E-05
0.683279 0.156948 0.159573 9.9982E-05 9.9982E-05
0.530584 0.172545 0.230005 0.0543607 0.0125052
0.581471 9.9991E-05 0.140224 0.232935 0.0452698
0.674828 0.124353 0.126596 9.9991E-05 0.0741235
0.591801 0.208192 0.0191359 0.162099 0.018772
0.454 0.142365 0.283763 0.119771 9.9991E-05
0.332825 0.138069 0.164493 0.364513 9.9991E-05
0.59313 0.125433 0.167328 0.114009 9.9991E-05
0.232224 0.350672 0.363949 0.0530552 9.9991E-05
0.459711 0.273365 0.266724 9.9982E-05 9.9982E-05
0.456632 0.424387 0.118782 9.9982E-05 9.9982E-05
0.533474 0.336111 9.9991E-05 0.0521187 0.0781966
0.413514 9.9982E-05 0.451458 0.134829 9.9982E-05
0.413569 0.308084 0.0692132 0.209034 9.9991E-05
0.138024 0.0172865 0.0226892 0.063547 0.758453
0.389813 0.134563 0.352548 0.108104 0.0149714
0.44054 0.353408 0.095436 0.110515 9.9991E-05
0.121993 0.123003 0.477896 0.122371 0.154737
0.810934 0.121967 0.0447912 9.9991E-05 0.0222081
0.662547 0.0856484 9.9982E-05 0.251605 9.9982E-05
0.117511 0.112321 0.111392 0.658676 9.9991E-05
0.716643 0.0961868 0.163382 9.9991E-05 0.0236875
0.437684 0.350676 0.0966188 0.114922 9.9991E-05
0.438945 0.421233 0.0701057 0.0696158 9.9991E-05
0.652531 0.103521 0.1823 0.037382 0.0242653
0.656261 0.139733 0.00950118 0.162887 0.031618
0.753018 0.0724356 0.085046 0.0894004 9.9991E-05
0.533257 0.466443 9.9973E-05 9.9973E-05 9.9973E-05
0.558852 0.388004 0.0228146 0.0295173 0.000811919
0.541561 0.110043 0.270356 0.0779396 9.9991E-05
0.649927 0.0195678 9.9991E-05 0.248313 0.0820917
0.589039 0.153959 0.0173556 0.239547 9.9991E-05
0.643606 9.9991E-05 0.0618361 0.212055 0.0824034
0.178432 0.191644 0.557803 0.0720203 9.9991E-05
0.698611 0.150636 0.150553 9.9982E-05 9.9982E-05
0.473208 0.205885 0.249073 0.0717347 9.9991E-05
0.47946 0.0280946 0.241014 0.231078 0.0203524
0.384569 0.378039 9.9982E-05 0.237192 9.9982E-05
0.550422 0.449278 9.9973E-05 9.9973E-05 9.9973E-05
0.263337 0.165614 0.533202 0.0377466 9.9991E-05
0.666319 0.0690527 0.258096 9.9991E-05 0.0064315
0.084557 0.0836031 0.164836 0.334115 0.332889
0.11627 0.377889 0.212964 0.292776 9.9991E-05
0.132186 9.9982E-05 0.50167 0.365945 9.9982E-05
0.560346 9.9982E-05 0.234685 0.204769 9.9982E-05
0.507175 0.246021 0.21986 0.0262074 0.000735935
0.711478 0.156293 0.116218 9.9991E-05 0.0159109
0.487235 9.9982E-05 0.318565 0.194 9.9982E-05
0.556083 0.110548 0.169108 0.128719 0.0355418
0.588136 0.217061 0.157368 9.9991E-05 0.0373344
0.471237 0.00687054 0.376202 0.14559 9.9991E-05
0.742681 0.14674 9.9982E-05 0.11038 9.9982E-05
0.512037 0.297765 0.189997 9.9982E-05 9.9982E-05
0.290671 0.222312 0.364926 0.120668 0.00142192
0.75774 9.9973E-05 0.24196 9.9973E-05 9.9973E-05
0.756833 9.9991E-05 0.198022 0.00991842 0.0351268
0.644708 0.177921 0.131372 0.0234687 0.02253
0.658293 0.106007 0.0554583 0.180141 9.9991E-05
0.147445 0.225628 0.42123 0.205597 9.9991E-05
0.684392 0.0587594 0.133492 0.123256 9.9991E-05
0.0556077 0.123873 0.299949 0.284495 0.236075
0.48922 0.327174 0.174981 9.9991E-05 0.00852528
0.669342 9.9991E-05 0.0508349 0.225293 0.0544305
0.0483289 0.267293 0.345281 0.273157 0.0659396
0.499686 0.371901 0.0960359 9.9991E-05 0.0322771
0.479954 0.137967 0.0735259 0.308453 9.9991E-05
0.702919 0.133271 0.16361 9.9982E-05 9.9982E-05
0.555711 0.267912 0.0281376 0.148139 9.9991E-05
0.389572 0.2115 0.199248 0.199251 0.000428135
0.605619 0.0577168 0.207047 0.129518 9.9991E-05
0.65594 0.197526 0.106489 9.9991E-05 0.0399454
0.588316 0.015613 0.356847 9.9991E-05 0.0391235
0.221493 0.164336 0.378299 0.235772 9.9991E-05
0.560532 9.9982E-05 0.0974711 0.341797 9.9982E-05
0.412834 0.282675 0.0652837 0.239108 9.9991E-05
0.0910428 0.00629509 9.9991E-05 0.0990015 0.803561
0.433397 0.334159 0.232245 9.9982E-05 9.9982E-05
0.112089 9.9991E-05 0.60541 0.154821 0.12758
0.682436 0.0435441 9.9982E-05 0.27382 9.9982E-05
0.409259 0.126587 0.0860794 0.377975 9.9991E-05
0.273322 0.281742 0.31002 0.134815 9.9991E-05
0.175867 0.206597 0.617336 9.9982E-05 9.9982E-05
0.43666 0.201559 0.139145 0.222536 9.9991E-05
0.470287 0.174879 0.194195 0.16054 9.9991E-05
0.569585 0.235659 0.162894 0.0317618 9.9991E-05
0.508225 0.284293 0.144231 0.0133419 0.0499097
0.114836 0.355704 0.233077 0.296282 9.9991E-05
0.620103 0.130525 0.04065 0.208622 9.9991E-05
0.461422 0.197796 0.0858622 0.25482 9.9991E-05
0.502519 0.209503 0.156986 0.130893 9.9991E-05
9.9991E-05 0.151786 0.491995 0.324013 0.0321054
0.612244 0.193426 0.0499543 0.144276 9.9991E-05
0.585964 0.101921 0.00661073 0.305405 9.9991E-05
0.508705 0.305453 0.159556 0.0261861 9.9991E-05
0.396977 0.404003 0.19882 9.9982E-05 9.9982E-05
9.9982E-05 0.293268 0.178656 0.527876 9.9982E-05
0.0149125 0.101177 9.9982E-05 9.9982E-05 0.88371
0.544473 0.108829 0.0146392 0.33196 9.9991E-05
0.388698 0.309756 0.301346 9.9982E-05 9.9982E-05
0.455187 9.9982E-05 0.452899 0.0917133 9.9982E-05
0.585478 0.104571 0.109961 0.199889 9.9991E-05
0.687839 0.133639 0.0815647 0.0442161 0.0527421
0.586495 0.291706 0.0451687 0.076531 9.9991E-05
0.65645 0.0822644 0.0664832 0.182726 0.0120766
0.763894 0.03185 0.0188492 0.0839215 0.101485
0.683617 0.151328 0.0458576 0.0591086 0.0600888
0.312184 0.386667 0.175294 0.125755 9.9991E-05
0.129607 0.0749046 0.361831 0.433558 9.9991E-05
0.653001 9.9982E-05 0.155646 0.191153 9.9982E-05
0.499284 0.14639 0.354126 9.9982E-05 9.9982E-05
9.9982E-05 0.494509 0.468355 0.0369365 9.9982E-05
0.649006 0.0105628 0.115554 0.213719 0.0111585
9.9982E-05 0.311459 0.271062 0.417279 9.9982E-05
0.552967 0.0377963 0.316568 9.9991E-05 0.0925693
0.569423 0.278381 0.0770397 0.0713222 0.00383433
0.149999 0.14998 0.368143 0.331778 9.9991E-05
0.581906 0.0333499 0.0508034 0.333841 9.9991E-05
0.439037 0.0324676 0.163531 0.364865 9.9991E-05
0.0796117 0.920088 9.9973E-05 9.9973E-05 9.9973E-05
9.9973E-05 0.686022 9.9973E-05 9.9973E-05 0.313678
0.686856 0.134628 0.142252 0.036164 9.9991E-05
0.549241 0.0981868 0.262768 9.9991E-05 0.089705
0.607403 0.185328 0.0168962 0.190273 9.9991E-05
0.480952 0.150576 0.0755877 0.292784 9.9991E-05
0.496183 0.285154 0.218463 9.9982E-05 9.9982E-05
0.686019 0.0906648 0.0907089 0.132507 9.9991E-05
0.580848 9.9982E-05 0.317296 0.101656 9.9982E-05
9.9982E-05 0.1879 0.627126 0.184773 9.9982E-05
0.430768 0.455095 9.9991E-05 0.101405 0.0126321
0.682545 0.0187467 0.197564 0.0839455 0.0171989
0.711813 0.269706 9.9991E-05 0.00207499 0.0163067
0.583961 0.1231 0.0654902 0.227349 9.9991E-05
0.310323 0.537246 0.0758008 0.0765299 9.9991E-05
0.372569 0.308936 0.232842 0.0316408 0.0540121
0.304171 0.0113799 0.684249 9.9982E-05 9.9982E-05
0.388733 0.272108 0.0187797 0.32028 9.9991E-05
0.510999 0.218135 0.145046 0.12572 9.9991E-05
0.56983 9.9973E-05 9.9973E-05 0.42987 9.9973E-05
9.9991E-05 0.510483 0.361519 0.0880487 0.0398484
0.312113 0.264333 0.418994 0.00303606 0.00152324
0.633572 0.0868367 9.9982E-05 0.279391 9.9982E-05
0.622541 9.9991E-05 0.109427 0.225432 0.0425005
0.52456 0.201063 0.0827084 0.191569 9.9991E-05
0.758357 0.174855 0.0175296 0.0491579 9.9991E-05
0.512111 0.00859614 0.158829 0.320364 9.9991E-05
9.9982E-05 0.349528 0.42705 0.223222 9.9982E-05
0.179098 0.0930862 0.532197 0.089202 0.106417
0.4488 0.270554 0.130867 0.120889 0.0288908
0.668426 0.156374 0.11741 0.0576896 9.9991E-05
0.464246 0.390791 0.144763 9.9982E-05 9.9982E-05
0.445903 0.204659 0.281195 0.0681429 9.9991E-05
0.659257 0.150338 0.0717018 0.0831283 0.0355745
0.588861 0.235779 9.9982E-05 0.175161 9.9982E-05
0.0652822 0.181903 0.0606561 0.486965 0.205194
0.47799 0.291274 0.171295 9.9991E-05 0.0593402
0.496825 0.131363 0.0869545 0.284757 9.9991E-05
0.199495 9.9991E-05 0.126091 0.412144 0.26217
0.0728926 0.128705 0.334109 0.249149 0.215145
0.740136 0.237068 9.9982E-05 0.022596 9.9982E-05
0.34491 0.340687 0.0467701 0.243978 0.0236545
0.640009 0.333916 0.0118271 0.0141483 9.9991E-05
0.0332085 0.150871 0.738767 0.0770535 9.9991E-05
0.484882 0.234361 0.083272 0.197384 9.9991E-05
0.585976 0.0579968 0.332731 9.9991E-05 0.023196
0.0501365 0.271655 9.9991E-05 0.400769 0.27734
0.60505 0.0998764 0.153663 0.096842 0.0445692
0.651977 9.9982E-05 0.340266 9.9982E-05 0.0075572
0.587323 0.196095 0.215994 9.9991E-05 0.000487902
0.571195 0.158172 0.0994885 0.171044 9.9991E-05
0.683409 0.127145 0.0865017 0.102845 9.9991E-05
0.673418 0.0859484 0.023721 0.216813 9.9991E-05
0.587807 0.0976185 0.214788 0.044554 0.0552328
0.468085 0.237914 0.291837 0.0020636 9.9991E-05
0.691129 0.14555 0.163121 9.9982E-05 9.9982E-05
0.56629 0.011444 0.143711 0.278455 9.9991E-05
9.9982E-05 0.0334096 9.9982E-05 0.335549 0.630841
0.79055 0.0808614 9.9982E-05 0.128388 9.9982E-05
0.739423 0.0475088 0.19782 9.9991E-05 0.015149
0.165826 0.209197 0.145791 0.479086 9.9991E-05
0.837704 0.0813411 0.0807546 9.9982E-05 9.9982E-05
0.507758 0.169878 0.111284 0.210981 9.9991E-05
0.647656 0.105665 9.9982E-05 0.246479 9.9982E-05
0.209474 0.155421 0.278719 0.240239 0.116147
0.644271 0.181448 0.127898 0.0462834 9.9991E-05
0.723092 0.173865 0.09758 9.9991E-05 0.00536278
0.618166 0.0807737 0.0160188 0.225998 0.0590436
0.587282 0.03258 0.114838 0.265199 9.9991E-05
0.426426 9.9991E-05 0.250917 0.299809 0.022748
9.997E-05 9.997E-05 9.997E-05 9.997E-05 0.9996
0.496794 0.392251 9.9982E-05 0.110755 9.9982E-05
0.41815 0.0177761 0.396009 0.167964 9.9991E-05
0.482275 0.163496 0.216095 0.138034 9.9991E-05
0.543777 0.152182 0.140576 0.163365 9.9991E-05
0.746032 9.9982E-05 9.9982E-05 0.224806 0.0289626
0.581638 0.16489 0.06846 0.152616 0.0323959
9.9982E-05 0.277964 9.9982E-05 0.0948241 0.627012
0.589 0.235119 0.158967 0.0168148 9.9991E-05
0.5481 0.271098 0.0092595 0.171443 9.9991E-05
0.512298 0.134393 0.248193 0.105016 9.9991E-05
0.572167 0.112635 0.253699 0.0613984 9.9991E-05
0.569804 0.244511 0.0330895 0.152496 9.9991E-05
0.647975 0.080767 0.071897 0.199261 9.9991E-05
0.485712 0.262111 0.0351943 0.216883 9.9991E-05
0.496578 0.310007 0.129858 0.0634576 9.9991E-05
0.530586 0.104266 0.0457393 0.319309 9.9991E-05
0.500267 0.128411 0.339725 9.9991E-05 0.0314971
0.642253 0.182088 9.9982E-05 0.175459 9.9982E-05
0.47618 0.0884678 0.360025 0.0752269 9.9991E-05
0.394106 0.266715 0.250955 0.0881244 9.9991E-05
0.630231 0.213298 9.9991E-05 0.0871613 0.0692095
0.461065 0.225683 0.227902 0.0852494 9.9991E-05
0.376333 0.289561 0.25523 0.0380388 0.0408366
0.576193 0.0130537 0.217358 0.193295 9.9991E-05
0.737944 0.173716 0.0434157 9.9991E-05 0.0448246
0.575983 0.134936 0.264197 9.9991E-05 0.0247844
0.510028 0.0639406 0.23774 0.188191 9.9991E-05
0.342761 0.0691085 0.450591 0.13744 9.9991E-05
0.692013 0.221859 0.085928 9.9982E-05 9.9982E-05
0.371449 0.142934 0.460504 0.0177162 0.00739719
0.464622 9.9982E-05 0.461871 0.0733074 9.9982E-05
9.9982E-05 9.9982E-05 0.0844748 0.00117585 0.914149
0.0240358 0.293464 0.0709876 0.297361 0.314151
0.180805 0.0823678 0.168953 0.380602 0.187272
9.9973E-05 9.9973E-05 9.9973E-05 0.535044 0.464656
0.13459 0.199781 0.301226 0.364304 9.9991E-05
0.163905 0.286185 0.312285 0.237525 9.9991E-05
0.0859968 0.221351 0.187169 0.404972 0.100511
0.688873 0.0766894 9.9982E-05 0.234237 9.9982E-05
0.46159 0.165743 0.328001 9.9991E-05 0.0445659
0.717571 0.166097 9.9982E-05 0.116132 9.9982E-05
0.237954 0.343327 0.287609 0.13101 9.9991E-05
0.511051 0.136168 0.284953 9.9991E-05 0.0677276
0.439193 0.119062 0.28523 0.156415 9.9991E-05
0.403148 0.174072 0.147149 0.275531 9.9991E-05
0.513513 0.108773 0.326808 0.0508065 9.9991E-05
0.602692 0.110819 0.237392 0.0489975 9.9991E-05
0.589073 0.208909 0.00958489 0.190376 0.00205734
0.499577 0.0732973 0.0741367 0.352889 9.9991E-05
0.220815 9.9982E-05 0.265975 0.51301 9.9982E-05
0.510128 0.357953 0.0181834 9.9991E-05 0.113635
0.703062 0.122558 0.0853738 0.0889056 9.9991E-05
0.385818 0.359663 0.0941645 0.152566 0.00778899
0.176065 9.9982E-05 9.9982E-05 0.065188 0.758547
0.0906253 0.17282 0.361442 0.262063 0.113049
0.589891 0.240728 0.117567 0.051714 9.9991E-05
0.57925 0.221048 0.137655 0.0619473 9.9991E-05
0.0890561 0.236724 0.288192 0.200182 0.185845
0.607308 0.0408499 0.272509 0.0792337 9.9991E-05
0.711087 9.9982E-05 0.233556 9.9982E-05 0.0551568
9.9982E-05 0.245122 0.36728 0.387398 9.9982E-05
0.648852 0.032591 0.259367 0.05909 9.9991E-05
0.595944 0.31881 0.0342129 0.0364285 0.0146045
0.417072 0.353429 0.229299 9.9982E-05 9.9982E-05
0.512717 0.374954 0.112129 9.9982E-05 9.9982E-05
0.501058 0.019604 0.279957 0.111385 0.0879961
0.641547 0.00962487 0.222862 0.125867 9.9991E-05
0.0957745 0.203299 9.9991E-05 0.432783 0.268043
0.535062 0.104478 0.265199 0.095161 9.9991E-05
0.520743 9.9982E-05 0.285397 0.19366 9.9982E-05
0.753278 0.10581 0.0178682 0.122944 9.9991E-05
0.158005 0.23936 0.0248554 0.430585 0.147194
0.239686 0.136724 0.415963 0.207527 9.9991E-05
0.168665 0.290062 0.194274 0.3469 9.9991E-05
0.691732 0.010428 0.259789 9.9991E-05 0.0379507
0.0533571 0.462213 0.231162 0.253168 9.9991E-05
0.678577 9.9982E-05 0.232619 0.088604 9.9982E-05
0.365488 0.183349 0.247739 0.203325 9.9991E-05
0.601173 0.121577 0.162524 0.114625 9.9991E-05
0.551839 9.9982E-05 0.389678 0.058283 9.9982E-05
0.0947053 0.470686 9.9991E-05 0.208671 0.225837
0.470476 0.20633 0.123012 0.200081 9.9991E-05
9.9973E-05 9.9973E-05 9.9973E-05 0.317718 0.681982
0.562667 0.0520947 0.0972174 0.282816 0.00520519
0.630431 9.9982E-05 0.266865 0.102504 9.9982E-05
9.997E-05 9.997E-05 9.997E-05 9.997E-05 0.9996
0.13745 9.9973E-05 9.9973E-05 9.9973E-05 0.86225
0.408784 0.0844812 0.084016 0.422619 9.9991E-05
0.318507 0.181878 0.259522 0.230431 0.00966318
0.643663 0.128151 0.154333 0.0503876 0.0234662
0.618197 0.145697 9.9991E-05 0.200814 0.0351918
0.535443 0.0153367 0.376357 0.0727633 9.9991E-05
0.817116 0.0378296 0.144854 9.9982E-05 9.9982E-05
0.504469 0.036092 0.200663 0.258677 9.9991E-05
0.0905213 0.221418 0.254714 0.124617 0.30873
0.53781 9.9982E-05 0.285281 0.176709 9.9982E-05
0.754332 9.9991E-05 0.0238455 0.155855 0.0658681
0.390513 0.19959 0.168176 0.24162 9.9991E-05
0.439782 0.156439 0.211627 0.192052 9.9991E-05
0.268952 0.299441 0.30001 0.0417161 0.08988
0.609939 0.148759 0.181438 0.0597645 9.9991E-05
0.434177 0.311591 0.215802 9.9991E-05 0.0383291
0.392611 0.296442 0.173513 0.091111 0.0463229
0.402351 0.171153 0.201786 0.177192 0.047518
0.129738 0.0972804 0.269925 0.327021 0.176035
0.371475 0.337833 0.188836 0.101756 9.9991E-05
0.362025 0.637676 9.9973E-05 9.9973E-05 9.9973E-05
0.456329 0.543372 9.9973E-05 9.9973E-05 9.9973E-05
0.456927 0.0907844 0.355808 0.0963801 9.9991E-05
0.399276 0.0671303 0.341224 0.192269 9.9991E-05
0.539109 0.0461248 0.41452 9.9991E-05 0.000146558
0.505923 0.245032 9.9982E-05 0.248845 9.9982E-05
0.670266 9.9982E-05 0.250502 0.0790323 9.9982E-05
0.468773 0.18242 0.309874 0.0388326 9.9991E-05
0.508305 0.210546 0.0646382 0.21641 9.9991E-05
0.212854 0.0524553 0.25122 0.483371 9.9991E-05
0.459932 9.9991E-05 0.289324 0.214195 0.0364488
0.538856 0.0776791 0.180715 0.123703 0.079047
0.0255093 0.0985818 0.462212 0.413597 9.9991E-05
0.522504 0.314754 0.0922981 0.0703436 9.9991E-05
0.499968 0.234636 0.220737 9.9991E-05 0.0445584
0.475939 0.273262 0.250599 9.9982E-05 9.9982E-05
0.51659 0.132437 0.133751 0.217123 9.9991E-05
0.475377 0.0952566 0.0631358 0.366131 9.9991E-05
0.0267226 0.291897 0.561677 0.119603 9.9991E-05
0.691287 0.210158 9.9982E-05 0.098355 9.9982E-05
0.112289 0.421561 0.0943923 0.371657 9.9991E-05
