0.454258 0.413813 9.9991E-05 0.0901914 0.0416377
0.477012 0.331264 0.0160485 0.175575 9.9991E-05
0.324567 0.52958 0.0547065 0.0910468 9.9991E-05
0.248933 0.529833 0.123214 0.0979212 9.9991E-05
0.281003 0.454926 0.045916 0.142017 0.0761382
0.160817 9.9982E-05 0.793818 9.9982E-05 0.0451649
0.217539 0.618483 0.002201 0.0758506 0.0859263
0.149362 9.9982E-05 0.820343 0.0300956 9.9982E-05
0.401904 0.531273 0.0442796 0.0107944 0.0117489
0.315678 0.643437 9.9991E-05 0.0230642 0.0177209
0.357588 0.621653 9.9982E-05 9.9982E-05 0.0205593
0.382187 0.382823 0.23479 9.9982E-05 9.9982E-05
0.288899 0.629608 9.9982E-05 0.0812926 9.9982E-05
0.368242 0.522342 0.0621966 0.0471201 9.9991E-05
0.263271 0.0268285 0.637264 0.00381589 0.0688212
0.556181 0.390234 0.0160011 0.0374838 9.9991E-05
0.51778 0.316519 0.165501 9.9982E-05 9.9982E-05
9.9982E-05 0.710512 9.9982E-05 0.218174 0.0711149
0.506307 0.434123 9.9991E-05 0.0259933 0.0334764
0.319534 0.614918 9.9982E-05 0.0653482 9.9982E-05
0.0908567 0.831466 0.00585154 0.0243704 0.0474558
0.270326 0.584088 0.122474 0.00878305 0.0143293
0.389252 0.557609 9.9982E-05 9.9982E-05 0.0529389
0.345909 0.00497878 0.546604 9.9991E-05 0.102408
0.213742 0.582341 9.9982E-05 0.203716 9.9982E-05
0.0875506 0.186623 0.667626 0.0581001 9.9991E-05
0.167462 0.216369 0.515263 0.100806 9.9991E-05
9.9982E-05 0.638539 0.33827 9.9982E-05 0.0229903
0.218693 0.065501 0.673983 0.0290587 0.012764
0.0330892 0.766933 0.196618 0.00326006 9.9991E-05
0.236812 0.252568 0.496925 9.9991E-05 0.0135948
0.2925 0.465569 0.0261379 0.215693 9.9991E-05
0.505354 0.275328 0.212575 9.9991E-05 0.0066431
9.9973E-05 0.100064 0.899636 9.9973E-05 9.9973E-05
9.9982E-05 9.9982E-05 0.894651 0.0667926 0.0383569
0.124941 0.636748 0.134281 0.0639169 0.0401131
0.13946 0.567237 0.197011 0.096192 9.9991E-05
0.419703 0.449508 9.9991E-05 0.0848071 0.045882
0.0300775 0.0730242 0.754139 0.14266 9.9991E-05
0.28615 0.146269 0.46798 9.9991E-05 0.0995009
0.501285 0.157057 0.214015 9.9991E-05 0.127544
0.535294 0.439215 0.0252912 9.9982E-05 9.9982E-05
0.101325 0.687262 0.166643 0.0446696 9.9991E-05
0.12599 0.0779771 0.606976 0.188957 9.9991E-05
0.610256 0.235462 9.9991E-05 0.105894 0.0482886
0.460258 0.275992 9.9982E-05 0.263549 9.9982E-05
0.281333 0.565114 0.0430467 0.0927391 0.0177672
0.593764 0.262179 0.0432394 0.100717 9.9991E-05
0.579646 0.299042 0.0108784 0.110334 9.9991E-05
0.475576 9.9982E-05 0.381477 0.142748 9.9982E-05
0.255599 0.638959 9.9982E-05 9.9982E-05 0.105242
0.347504 0.163935 0.397347 0.00327299 0.0879413
0.422086 0.418531 9.9991E-05 0.0810333 0.0782499
9.9982E-05 0.00219159 0.967558 0.0300504 9.9982E-05
0.377983 0.18133 0.375232 9.9991E-05 0.0653545
0.07494 0.794381 9.9982E-05 0.130479 9.9982E-05
0.212909 0.714608 9.9991E-05 0.0217031 0.0506799
0.243698 0.452242 0.198994 0.0486451 0.0564207
0.565294 0.0932356 0.341271 9.9982E-05 9.9982E-05
0.0671023 0.543976 0.367563 0.0212585 9.9991E-05
0.104081 9.9991E-05 0.7662 0.0336516 0.0959669
0.232077 9.9973E-05 0.767623 9.9973E-05 9.9973E-05
0.271895 0.527727 0.0820146 0.118263 9.9991E-05
0.0835325 9.9973E-05 0.916168 9.9973E-05 9.9973E-05
0.44197 0.508028 9.9991E-05 0.005363 0.044539
9.9973E-05 9.9973E-05 0.847804 0.151896 9.9973E-05
0.201944 0.690504 9.9991E-05 0.00782514 0.0996263
0.37663 0.378407 0.169879 0.0699364 0.00514805
0.494339 0.365359 9.9991E-05 0.0764963 0.0637051
0.223933 9.9973E-05 0.775768 9.9973E-05 9.9973E-05
0.505993 0.316755 9.9991E-05 0.0708926 0.106259
0.211895 0.594982 0.0368153 0.156208 9.9991E-05
0.265703 0.395055 0.283382 0.0216489 0.0342119
0.44433 0.417731 9.9991E-05 0.053191 0.0846479
0.330619 0.472717 0.0649206 0.0509597 0.0807839
0.0264472 0.45496 0.452049 9.9991E-05 0.0664442
0.275704 0.578314 0.0375791 0.108303 9.9991E-05
0.438433 0.222296 0.151009 0.188163 9.9991E-05
0.606663 0.285356 0.0826575 0.0252235 9.9991E-05
0.171227 0.57417 0.0360565 0.218447 9.9991E-05
0.434297 0.466279 9.9982E-05 0.0992236 9.9982E-05
0.356666 0.549481 9.9991E-05 0.0358236 0.0579299
0.438107 0.499809 0.0334196 0.00839855 0.0202658
0.221018 0.694547 9.9982E-05 0.084235 9.9982E-05
0.313332 0.608371 9.9982E-05 0.0780969 9.9982E-05
0.628642 0.265982 0.0673493 0.0281083 0.00991787
0.336804 0.36362 0.270513 0.0289628 9.9991E-05
0.437067 0.334643 0.22809 9.9982E-05 9.9982E-05
0.0117839 0.13741 0.850606 9.9982E-05 9.9982E-05
0.345014 0.305109 0.260003 0.0897732 9.9991E-05
0.671332 0.191346 9.9982E-05 0.137122 9.9982E-05
0.187022 0.0800153 0.667163 0.0657004 9.9991E-05
0.473339 0.456097 9.9982E-05 0.0703635 9.9982E-05
0.162431 0.557254 0.280116 9.9982E-05 9.9982E-05
0.478847 0.103481 0.417472 9.9982E-05 9.9982E-05
0.0373906 9.9973E-05 0.962309 9.9973E-05 9.9973E-05
0.25607 0.644392 0.0777055 0.00237022 0.0194626
0.628487 0.251134 0.0628132 0.0251362 0.0324304
0.374263 0.459121 0.0473565 0.119159 9.9991E-05
0.141176 0.614064 0.239305 0.00267165 0.0027835
0.453656 9.9991E-05 0.481421 0.059025 0.00579786
0.235991 0.625453 0.070524 0.0679321 9.9991E-05
0.147753 0.617721 0.00624858 0.186017 0.0422607
0.247309 0.583853 9.9982E-05 0.168638 9.9982E-05
0.33046 0.525885 9.9991E-05 0.0589314 0.0846242
0.323729 9.9973E-05 0.675971 9.9973E-05 9.9973E-05
0.207914 0.147745 0.515991 0.0684248 0.0599251
0.347319 0.532865 9.9982E-05 0.119617 9.9982E-05
0.416733 0.522369 0.0232827 0.0375154 9.9991E-05
0.190906 0.784041 9.9982E-05 0.024853 9.9982E-05
0.380608 0.0308663 0.542374 0.00552992 0.0406218
0.083123 9.9973E-05 0.916577 9.9973E-05 9.9973E-05
0.478489 0.145888 0.375423 9.9982E-05 9.9982E-05
0.143664 0.774131 9.9982E-05 0.0820045 9.9982E-05
0.193885 0.620237 0.0890771 0.0967011 9.9991E-05
0.191689 0.564505 9.9991E-05 0.229553 0.0141535
0.271808 0.668137 9.9982E-05 0.0598558 9.9982E-05
0.0598154 9.9973E-05 0.939885 9.9973E-05 9.9973E-05
0.0133267 0.807482 0.0413918 0.0292669 0.108533
0.136248 0.580636 9.9982E-05 0.282916 9.9982E-05
0.0543103 0.666117 0.12024 0.159233 9.9991E-05
0.214546 0.193246 0.592008 9.9982E-05 9.9982E-05
0.316497 0.617754 9.9991E-05 0.0381601 0.027489
0.247248 0.547888 0.0384839 9.9991E-05 0.16628
0.212169 0.658419 9.9991E-05 0.0781437 0.0511684
0.44347 0.426824 0.0760956 0.0535104 9.9991E-05
9.9982E-05 0.260086 0.640804 9.9982E-05 0.09891
9.9973E-05 9.9973E-05 0.903242 9.9973E-05 0.096458
0.479872 0.324704 9.9991E-05 0.183305 0.0120186
0.174323 0.50344 0.0315849 0.288938 0.0017148
0.295663 0.537479 0.0239541 0.128238 0.0146659
0.48024 0.328863 9.9991E-05 0.138866 0.0519309
0.292107 0.262696 0.444998 9.9982E-05 9.9982E-05
0.501715 0.33148 9.9991E-05 0.00358143 0.163123
0.0944311 0.618979 0.214317 0.0721725 9.9991E-05
0.924676 9.9973E-05 9.9973E-05 0.0750245 9.9973E-05
0.158212 0.164793 0.58023 9.9991E-05 0.0966649
0.187146 0.444252 0.323628 0.0113235 0.0336505
0.864624 9.9982E-05 0.0707975 0.0643787 9.9982E-05
0.196017 0.149569 0.610585 0.00428195 0.0395474
0.190645 0.628198 0.1606 0.0204577 9.9991E-05
0.281025 0.157038 0.431275 0.101588 0.0290739
0.246183 0.324426 0.322533 0.106758 9.9991E-05
0.531273 0.192111 0.202647 0.0738678 9.9991E-05
0.153705 9.9991E-05 0.743973 0.00795283 0.0942694
0.151246 0.348395 0.301603 0.198657 9.9991E-05
0.45602 0.242408 0.233707 0.0677652 9.9991E-05
0.289926 0.502957 9.9982E-05 0.206917 9.9982E-05
0.074873 0.639339 9.9982E-05 0.285588 9.9982E-05
0.468679 0.367191 9.9991E-05 0.0927938 0.0712363
0.317465 0.489437 0.0153651 0.177634 9.9991E-05
0.113857 0.536373 0.297195 9.9991E-05 0.0524748
0.0636995 0.101744 0.74431 0.0901465 9.9991E-05
0.269563 0.0913596 0.422161 0.216816 9.9991E-05
0.588788 0.137911 9.9982E-05 0.273101 9.9982E-05
0.579047 0.257796 9.9991E-05 0.0849422 0.0781148
0.0531049 9.9982E-05 0.81782 0.128875 9.9982E-05
0.308469 0.463917 9.9991E-05 0.170022 0.0574928
0.422072 0.420371 9.9991E-05 0.153759 0.00369804
0.148892 0.481413 0.237392 0.0677963 0.064506
0.379868 0.377802 9.9982E-05 0.24213 9.9982E-05
0.549169 0.233598 0.118223 0.0671489 0.0318611
0.460068 0.346012 0.0377432 0.156076 9.9991E-05
0.270654 0.419631 0.0509841 0.258632 9.9991E-05
0.189529 0.660999 9.9982E-05 0.149272 9.9982E-05
0.230933 0.681089 9.9991E-05 0.0104031 0.0774748
0.415501 0.206939 0.166957 0.210503 9.9991E-05
0.393457 0.0597005 0.528885 9.9991E-05 0.0178571
0.527914 0.135365 0.266227 0.0703944 9.9991E-05
0.667267 0.143166 9.9982E-05 0.189367 9.9982E-05
0.562187 0.305259 0.0808919 0.0130517 0.0386104
0.367682 0.474745 0.157373 9.9982E-05 9.9982E-05
0.0170384 9.9973E-05 0.982662 9.9973E-05 9.9973E-05
0.552706 0.402618 0.0444758 9.9982E-05 9.9982E-05
0.634793 0.0885027 0.276504 9.9982E-05 9.9982E-05
0.67832 0.10621 9.9991E-05 0.0808763 0.134494
0.380177 0.324486 0.240389 0.0548482 9.9991E-05
0.188462 0.0419053 0.599733 0.100752 0.0691483
0.251423 0.216732 0.458483 0.0732617 9.9991E-05
9.9973E-05 0.446419 0.553281 9.9973E-05 9.9973E-05
0.340885 0.658815 9.9973E-05 9.9973E-05 9.9973E-05
0.16194 9.9982E-05 0.766967 0.0708925 9.9982E-05
0.0947446 0.360356 0.440469 0.104331 9.9991E-05
0.263471 0.489735 0.0354612 0.141208 0.0701249
9.9973E-05 9.9973E-05 0.952262 0.0474383 9.9973E-05
0.493828 0.0193878 0.486584 9.9982E-05 9.9982E-05
0.536064 0.350148 0.0296928 9.9991E-05 0.0839953
0.38145 0.218961 0.399389 9.9982E-05 9.9982E-05
0.17572 0.612904 0.211175 9.9982E-05 9.9982E-05
0.215458 0.653152 9.9982E-05 0.13119 9.9982E-05
0.0272488 0.388889 0.361658 0.222104 9.9991E-05
0.288134 0.643601 9.9982E-05 0.0680652 9.9982E-05
0.280069 0.719631 9.9973E-05 9.9973E-05 9.9973E-05
0.254236 0.542856 0.0321412 0.0917826 0.078985
0.37162 0.257936 0.25028 0.0375137 0.08265
9.9982E-05 0.649886 0.289213 0.0607011 9.9982E-05
0.0566386 0.592805 9.9991E-05 0.153416 0.19704
0.16925 0.583533 0.203687 0.0173512 0.0261785
0.531135 0.202493 9.9991E-05 0.180885 0.085387
0.356068 0.505626 9.9991E-05 0.130772 0.00743469
0.372923 0.123793 0.327807 0.175378 9.9991E-05
0.209281 0.720739 9.9982E-05 9.9982E-05 0.0697804
0.588833 0.313435 9.9991E-05 0.0805079 0.0171241
0.27451 0.37529 9.9991E-05 0.247166 0.102934
0.229969 0.41602 9.9991E-05 0.0579647 0.295947
0.432316 0.163615 0.284602 0.0927229 0.0267438
9.9991E-05 0.773245 0.0307361 0.0408887 0.155031
0.551701 0.288521 0.159565 0.000112292 9.9991E-05
0.377374 0.473642 0.011981 0.136903 9.9991E-05
0.00663935 0.791158 9.9991E-05 0.0925966 0.109507
0.282823 0.478734 9.9991E-05 0.192798 0.0455449
0.258757 0.251843 0.359576 0.0914255 0.038399
0.301685 0.232149 0.389124 0.0769425 9.9991E-05
9.9973E-05 0.981863 0.0178371 9.9973E-05 9.9973E-05
0.253703 0.53716 9.9991E-05 0.18702 0.0220172
0.224723 0.589627 9.9991E-05 0.0245738 0.160976
0.533405 0.443669 9.9982E-05 9.9982E-05 0.0227259
0.547841 0.173536 0.278423 9.9982E-05 9.9982E-05
0.483506 0.297236 0.131908 0.0872499 9.9991E-05
0.428242 0.360809 9.9991E-05 0.0414914 0.169357
0.229636 0.0847798 0.573525 0.111959 9.9991E-05
0.0632278 0.585161 0.244361 0.0757264 0.0315239
0.490071 0.261767 0.108504 9.9991E-05 0.139558
0.160407 9.9982E-05 0.758347 0.0810459 9.9982E-05
0.535512 0.313196 9.9982E-05 9.9982E-05 0.151092
0.381676 0.464297 0.0229266 0.131 9.9991E-05
0.332214 0.642478 0.0251084 9.9982E-05 9.9982E-05
0.243798 0.609907 9.9991E-05 0.0746342 0.0715606
0.48621 0.329721 9.9991E-05 0.0662234 0.117746
0.474845 0.498889 9.9982E-05 0.026066 9.9982E-05
0.205327 0.742273 0.010269 0.0420309 9.9991E-05
0.219279 0.681568 9.9991E-05 0.0655106 0.0335426
0.395372 0.282211 0.212402 0.109916 9.9991E-05
0.233224 0.631469 9.9991E-05 0.114928 0.0202796
0.206934 0.593257 9.9982E-05 0.199609 9.9982E-05
0.933439 9.9982E-05 0.0634598 0.0029015 9.9982E-05
0.322935 0.519984 0.0106461 0.146335 9.9991E-05
0.467188 0.530065 9.9982E-05 0.00254675 9.9982E-05
0.188942 0.261327 0.378008 0.171622 9.9991E-05
0.305918 0.398286 0.295596 9.9982E-05 9.9982E-05
0.27141 0.681822 0.00717636 0.039491 9.9991E-05
0.0161911 0.248762 0.576208 0.15874 9.9991E-05
0.520215 0.394576 9.9982E-05 0.0850082 9.9982E-05
0.313467 0.376007 0.310327 9.9982E-05 9.9982E-05
9.9991E-05 0.663174 0.0684934 0.132691 0.135542
0.811593 0.0602146 0.127992 9.9982E-05 9.9982E-05
0.347416 0.230539 0.30084 9.9991E-05 0.121105
0.24476 0.114832 0.502909 0.137398 9.9991E-05
0.33549 0.548633 0.0624887 0.0532881 9.9991E-05
0.434886 0.506106 9.9982E-05 0.0588074 9.9982E-05
0.405142 0.301026 0.288562 0.00516934 9.9991E-05
0.365725 0.372949 0.0237119 0.237514 9.9991E-05
0.287879 0.599836 9.9991E-05 0.0460442 0.0661405
9.9973E-05 9.9973E-05 0.931472 9.9973E-05 0.068228
0.372789 0.461574 9.9982E-05 0.165437 9.9982E-05
0.284701 0.672201 9.9982E-05 0.0428978 9.9982E-05
0.320835 0.594402 0.0207616 0.063902 9.9991E-05
0.23366 0.527079 0.0267601 0.212401 9.9991E-05
0.285554 0.647347 0.0168781 0.0501202 9.9991E-05
0.450994 0.482878 0.0115196 0.054508 9.9991E-05
0.150074 0.649734 0.132909 0.0671841 9.9991E-05
0.302192 0.47188 0.093968 0.100581 0.0313795
0.363013 0.0688457 0.53075 0.037291 9.9991E-05
0.403277 0.596423 9.9973E-05 9.9973E-05 9.9973E-05
0.206251 0.783714 9.9982E-05 0.00983408 9.9982E-05
0.373574 0.366909 0.167023 0.0164046 0.0760901
0.0924905 0.402784 0.448854 0.0133295 0.0425425
0.283109 0.431548 9.9991E-05 0.21457 0.0706726
0.303515 0.441059 0.248076 0.00724947 9.9991E-05
0.191166 0.677373 0.0198507 0.11151 9.9991E-05
0.172387 0.449641 0.363035 0.0148376 9.9991E-05
0.338444 0.365598 0.119078 0.000274095 0.176606
0.448532 0.065889 0.45561 0.0298693 9.9991E-05
0.00907524 0.631831 0.277312 0.0816817 9.9991E-05
0.526298 0.304807 9.9991E-05 0.10236 0.0664344
0.344349 0.321163 0.29052 0.011995 0.0319735
0.558626 0.42302 9.9982E-05 0.0181537 9.9982E-05
0.316068 0.564775 0.0621785 0.0568788 9.9991E-05
0.599833 0.381354 9.9982E-05 0.0186135 9.9982E-05
0.292351 0.381279 0.291766 0.0205827 0.0140209
0.666847 0.332853 9.9973E-05 9.9973E-05 9.9973E-05
0.364058 0.369291 9.9982E-05 0.266451 9.9982E-05
0.255156 0.674279 9.9991E-05 0.0309182 0.0395466
9.9991E-05 0.239782 0.613008 0.0220936 0.125016
9.9982E-05 9.9982E-05 0.893766 0.0388534 0.067181
0.293247 0.489355 0.0954495 0.0428845 0.0790641
0.298944 0.432784 0.0725724 0.0992746 0.0964251
0.523543 0.232408 0.062584 0.0957097 0.0857554
0.590329 0.242658 0.166813 9.9982E-05 9.9982E-05
0.408505 0.28457 0.181628 0.0399917 0.0853054
0.0225995 0.532356 0.152463 0.292481 9.9991E-05
0.321172 0.507006 9.9982E-05 0.171622 9.9982E-05
0.336847 0.481323 0.000988345 0.0182293 0.162613
0.267584 0.630221 0.0193099 0.076349 0.0065367
0.0261779 0.705689 9.9991E-05 0.2608 0.00723396
0.261742 0.729144 9.9982E-05 0.00891428 9.9982E-05
0.234667 0.682622 9.9991E-05 0.0733725 0.00923811
0.769167 0.125554 9.9991E-05 0.077919 0.0272604
0.129257 0.695419 9.9991E-05 0.0909675 0.084256
0.323954 0.537121 0.033516 0.105309 9.9991E-05
0.406256 0.351259 9.9991E-05 0.210376 0.032009
0.380637 0.476362 9.9991E-05 0.131629 0.011272
0.0871048 0.608861 0.148224 0.152544 0.00326567
0.00756144 0.199278 0.621332 0.0665294 0.105299
0.302097 0.214159 0.42384 0.0598034 9.9991E-05
9.9982E-05 0.118627 0.87419 0.00698284 9.9982E-05
0.313871 0.555005 9.9982E-05 0.130924 9.9982E-05
9.9982E-05 0.166043 0.79339 0.0403668 9.9982E-05
0.10925 0.0895445 0.757682 9.9991E-05 0.0434238
0.436397 0.471677 0.0104659 0.0806689 0.000791426
0.106818 0.62736 0.017776 0.104854 0.143192
0.381424 0.410229 9.9991E-05 0.12846 0.0797873
0.102106 0.0121941 0.764658 0.120942 9.9991E-05
0.161121 0.814685 0.0233942 9.9991E-05 0.00070006
0.539833 9.9991E-05 0.410204 0.03645 0.0134133
0.0691671 0.665409 0.0446899 0.220634 9.9991E-05
9.9991E-05 0.0516992 0.850308 0.0751522 0.0227406
0.481343 0.253277 0.0941651 0.110697 0.0605181
0.180761 0.697518 0.0308273 9.9991E-05 0.0907936
0.0470177 0.858222 9.9982E-05 0.09456 9.9982E-05
0.505324 0.461923 9.9982E-05 0.0325527 9.9982E-05
9.9982E-05 0.174783 0.761601 0.0634158 9.9982E-05
0.151803 0.62292 0.225077 9.9982E-05 9.9982E-05
0.356536 0.055096 0.417868 0.0926135 0.0778866
0.138118 0.597228 0.0109441 0.131094 0.122616
0.137947 0.0576622 0.722308 0.0391323 0.0429511
0.262987 0.311123 0.0914788 0.0335373 0.300874
0.353064 0.159701 0.390859 0.0723745 0.0240014
0.389009 0.489428 9.9991E-05 0.0632031 0.0582596
0.522393 0.218059 0.16905 0.090398 9.9991E-05
0.12883 0.194067 0.547426 0.0390652 0.0906114
0.276391 0.468205 9.9991E-05 0.0895715 0.165733
0.247383 0.504914 0.00511399 0.242489 9.9991E-05
0.356187 0.440832 9.9991E-05 0.0624804 0.140401
0.139921 0.634157 0.0113324 0.0929529 0.121637
0.370849 0.165159 0.431405 0.0324864 9.9991E-05
0.34626 0.440245 0.0318902 0.109913 0.0716919
9.9973E-05 0.896394 9.9973E-05 0.103306 9.9973E-05
0.14515 0.778455 0.0323451 0.0439496 9.9991E-05
0.250682 0.121705 0.49664 0.130872 9.9991E-05
0.469021 0.217779 0.231426 0.0816741 9.9991E-05
0.227482 0.597726 0.0171956 0.0975829 0.0600133
0.744057 9.9982E-05 0.0698196 0.185923 9.9982E-05
0.37752 0.303519 0.256762 0.062099 9.9991E-05
0.4781 0.371906 9.9982E-05 0.149794 9.9982E-05
0.407109 0.106991 0.376353 0.0708027 0.0387442
0.495291 0.306111 0.0797018 0.118796 9.9991E-05
0.0551362 0.314938 0.491058 0.0578454 0.0810229
0.0549148 0.743558 9.9991E-05 0.191421 0.0100068
0.0903966 0.762496 9.9982E-05 0.146907 9.9982E-05
0.1938 0.693694 9.9982E-05 0.112307 9.9982E-05
0.121132 0.760759 9.9982E-05 0.11791 9.9982E-05
0.28935 0.478983 9.9991E-05 0.150139 0.0814283
0.306426 0.437507 9.9982E-05 0.255867 9.9982E-05
0.365476 0.285447 0.308436 0.0405408 9.9991E-05
0.721762 0.267429 0.0106091 9.9982E-05 9.9982E-05
0.236056 0.628008 9.9982E-05 0.135736 9.9982E-05
0.175117 0.736892 0.0401561 0.0477358 9.9991E-05
0.492242 0.376197 0.0537094 0.0777512 9.9991E-05
0.567819 0.0113002 0.255135 0.00456582 0.16118
0.353942 0.390737 9.9991E-05 0.148627 0.106594
0.235727 0.538915 9.9991E-05 0.136499 0.088759
0.0248094 0.0364823 0.794307 0.144302 9.9991E-05
9.9982E-05 0.194948 0.736314 0.0685378 9.9982E-05
0.201272 0.623189 9.9991E-05 0.136154 0.0392847
9.9982E-05 0.457289 9.9982E-05 0.0640338 0.478477
0.235919 9.9991E-05 0.00153423 0.0401691 0.722277
0.167661 0.142892 0.0411386 0.166448 0.481861
0.232384 0.546354 9.9991E-05 0.113614 0.107548
0.0367047 0.175369 9.9991E-05 0.227703 0.560123
0.0713471 0.155793 0.00917531 0.136478 0.627207
0.115895 0.222678 0.0218151 9.9991E-05 0.639512
0.123976 9.9982E-05 9.9982E-05 0.388904 0.48692
0.0716527 0.196806 0.0255407 0.267214 0.438786
0.0644033 0.35289 0.0022889 0.12484 0.455578
0.358805 0.22909 9.9991E-05 0.00874121 0.403263
0.123374 0.153026 0.0197814 0.058639 0.64518
0.246763 0.381589 9.9991E-05 0.125137 0.246411
0.209169 0.128244 9.9991E-05 0.353964 0.308523
9.9982E-05 0.267142 9.9982E-05 0.253626 0.479033
0.135195 0.00158211 0.0808623 0.0654907 0.71687
0.207206 0.283254 9.9991E-05 0.00499136 0.504448
0.247188 0.18244 9.9991E-05 0.20104 0.369232
9.9982E-05 0.0384302 0.809526 9.9982E-05 0.151843
0.0759047 0.325786 0.0466896 0.219088 0.332532
0.185272 0.190327 9.9991E-05 0.233883 0.390418
0.139961 0.521836 0.124846 9.9991E-05 0.213257
0.0201737 0.0705236 0.0189976 0.147558 0.742747
0.25015 9.9982E-05 9.9982E-05 0.20565 0.544
0.600089 0.258929 9.9982E-05 9.9982E-05 0.140782
9.9991E-05 0.196032 0.0114978 0.164201 0.62817
0.195537 0.247994 0.0120807 0.0495786 0.494809
0.230695 0.122929 9.9991E-05 0.263785 0.382492
9.9991E-05 0.138388 0.0897888 0.184002 0.587721
0.108195 0.0803482 0.0630488 0.162576 0.585832
0.0348111 0.0057865 9.9991E-05 0.398492 0.56081
0.0446691 0.0526835 0.0827616 0.0410491 0.778837
0.120892 0.144658 0.0139709 0.311779 0.4087
9.9982E-05 0.252854 9.9982E-05 0.301935 0.445011
0.201306 9.9991E-05 0.0711053 0.0152732 0.712216
0.0812147 0.0478297 0.0427641 0.310352 0.517839
0.176026 9.9991E-05 0.0833484 0.180811 0.559715
0.0727506 0.649685 9.9982E-05 0.277364 9.9982E-05
0.0747588 0.0441593 0.0440352 0.157763 0.679284
9.9991E-05 0.259015 0.027081 0.138325 0.57548
0.316392 0.176712 9.9982E-05 9.9982E-05 0.506697
0.225668 0.234003 9.9991E-05 0.0821392 0.45809
9.9982E-05 0.0740565 9.9982E-05 0.0635847 0.862159
0.278383 0.463553 9.9991E-05 0.2353 0.0226647
9.9991E-05 0.242716 0.0255733 0.176252 0.555359
0.207558 0.432787 0.353686 9.9991E-05 0.00586869
0.300102 0.379326 9.9982E-05 0.320372 9.9982E-05
0.333232 0.410106 0.027521 9.9991E-05 0.229041
0.066209 0.203585 0.0349539 0.0873178 0.607934
0.215541 0.128393 9.9991E-05 0.294358 0.361607
9.9991E-05 0.160732 0.00894497 0.205075 0.625149
0.216906 0.251364 9.9991E-05 0.0461001 0.48553
0.0546285 0.254927 0.0408789 0.172853 0.476712
9.9991E-05 0.213358 0.0178454 0.259113 0.509583
9.9982E-05 0.364494 9.9982E-05 0.166965 0.468341
0.093408 0.00501339 9.9991E-05 0.184648 0.716831
9.9973E-05 0.341585 9.9973E-05 9.9973E-05 0.658115
9.9973E-05 9.9973E-05 0.0452914 0.954409 9.9973E-05
9.9982E-05 0.117421 9.9982E-05 0.202056 0.680323
9.9982E-05 0.183942 9.9982E-05 0.239505 0.576353
0.0976688 0.0410249 0.0489439 0.2934 0.518962
0.0991023 0.00951166 9.9991E-05 0.216222 0.675064
0.332983 0.445614 9.9982E-05 9.9982E-05 0.221203
9.9991E-05 0.205483 0.00969481 0.197871 0.586851
0.266699 0.388535 0.242135 9.9991E-05 0.102531
0.130285 0.105402 0.0219745 0.324198 0.41814
0.136184 0.0664715 0.0719372 0.103435 0.621972
0.26767 0.45026 0.111935 0.160976 0.00915996
0.0565709 0.16055 0.0531843 0.298411 0.431284
0.325385 0.0424102 0.0111414 0.0903695 0.530694
9.997E-05 9.997E-05 9.997E-05 0.9996 9.997E-05
9.9991E-05 0.182047 0.00655428 0.359218 0.452081
0.169226 0.25473 0.0170442 0.0919012 0.467099
0.06022 0.266692 9.9991E-05 0.157977 0.515011
0.149914 0.055943 0.019069 0.0901442 0.684929
9.9991E-05 0.278689 0.0218076 0.246044 0.45336
0.463819 0.238431 9.9991E-05 0.0386594 0.25899
0.138514 0.232356 9.9991E-05 0.166444 0.462586
0.334793 0.18828 9.9991E-05 0.124848 0.351978
0.191716 9.9982E-05 0.791528 9.9982E-05 0.0165561
9.9991E-05 0.295254 0.0147711 0.202419 0.487456
0.0974001 0.620692 0.169591 0.0684057 0.0439106
0.190044 9.9982E-05 9.9982E-05 0.175988 0.633768
0.26349 0.211708 9.9991E-05 0.292572 0.232131
0.14262 0.384343 9.9991E-05 0.206784 0.266153
0.00343413 0.731109 9.9991E-05 0.0965199 0.168837
0.0705114 0.288691 9.9991E-05 0.165157 0.47554
9.9982E-05 0.29842 9.9982E-05 0.179043 0.522337
0.136492 0.172413 9.9991E-05 0.193935 0.497059
9.9991E-05 0.238564 0.0306586 0.208924 0.521753
0.372746 0.403847 9.9991E-05 0.0610798 0.162227
0.240783 0.0189987 9.9991E-05 0.259657 0.480461
0.131652 0.182971 9.9991E-05 0.100169 0.585108
0.185565 0.188867 9.9991E-05 0.0940411 0.531427
0.399329 0.573502 0.0269692 9.9982E-05 9.9982E-05
0.202465 0.0739598 9.9991E-05 0.215656 0.507819
0.254184 0.0597706 9.9991E-05 0.184982 0.500963
9.9982E-05 0.380703 9.9982E-05 0.262968 0.356129
0.12879 0.173457 9.9991E-05 0.261312 0.436341
0.471616 0.456229 9.9982E-05 0.071955 9.9982E-05
0.0773425 9.9973E-05 0.922358 9.9973E-05 9.9973E-05
0.229218 0.12418 9.9991E-05 0.217889 0.428613
0.0197964 0.426721 9.9991E-05 0.134823 0.41856
0.0214187 0.380628 9.9991E-05 0.359016 0.238837
0.0997602 0.198131 9.9991E-05 0.177667 0.524342
0.00742541 0.0837215 0.0636355 0.167923 0.677295
0.0307555 0.224096 9.9991E-05 0.120619 0.62443
9.9991E-05 0.132342 0.013516 0.257888 0.596154
9.9991E-05 0.0804649 0.0527343 0.221573 0.645127
0.0400863 0.168872 0.0480412 0.0835148 0.659486
0.197405 0.293948 9.9991E-05 0.170686 0.337862
0.434654 0.388647 9.9991E-05 0.154269 0.02233
0.0159279 0.0620333 9.9991E-05 0.422366 0.499572
0.120018 0.192715 9.9991E-05 0.328889 0.358278
0.137557 0.693075 9.9982E-05 0.169169 9.9982E-05
0.28622 9.9982E-05 9.9982E-05 0.211338 0.502241
0.508618 0.400247 9.9982E-05 0.0909349 9.9982E-05
0.114544 0.285345 0.00471793 0.114972 0.48042
0.0830408 0.207771 9.9991E-05 0.257845 0.451243
0.14812 0.546303 0.0221474 0.163902 0.119528
0.296078 0.0627552 9.9991E-05 0.210095 0.430972
0.437106 0.183578 9.9991E-05 0.0885439 0.290671
9.9991E-05 0.0496507 0.0825914 0.506099 0.361558
9.9973E-05 9.9973E-05 0.691813 0.307887 9.9973E-05
0.00549859 0.144326 0.0296001 0.336134 0.484441
0.0148251 0.270566 9.9991E-05 0.161517 0.552992
0.125917 0.117817 9.9991E-05 0.275418 0.480748
0.230396 0.115084 0.019564 0.157165 0.477791
9.9991E-05 0.181749 0.0646716 0.188243 0.565236
0.192843 0.0201786 9.9991E-05 0.23798 0.548899
0.0152856 0.262173 0.0392398 0.274455 0.408846
0.21785 0.78185 9.9973E-05 9.9973E-05 9.9973E-05
0.244387 0.0339234 0.0619802 0.293714 0.365995
0.0333066 0.225737 9.9991E-05 0.157927 0.582929
0.132648 9.9982E-05 0.00813487 9.9982E-05 0.859017
0.334436 9.9982E-05 9.9982E-05 0.0942583 0.571105
0.285988 0.159943 9.9991E-05 0.230486 0.323483
0.0697579 0.403595 0.0229415 0.0336813 0.470025
9.9982E-05 0.553348 9.9982E-05 0.231902 0.21455
0.572697 9.9982E-05 9.9982E-05 0.107162 0.319941
0.169388 0.255154 9.9991E-05 0.164351 0.411007
0.251211 9.9982E-05 9.9982E-05 0.180996 0.567593
0.27413 0.592368 0.0566288 0.0306774 0.0461954
0.0971142 0.440357 9.9991E-05 0.132941 0.329488
0.276834 9.9982E-05 9.9982E-05 0.157997 0.564969
0.137744 0.061055 0.0609652 0.148107 0.592129
0.379497 0.0358561 0.000178342 0.173081 0.411388
9.9982E-05 0.0080958 9.9982E-05 0.520626 0.471078
0.367221 0.105575 9.9991E-05 0.0550128 0.472091
0.348711 0.616425 9.9982E-05 0.0346644 9.9982E-05
0.262334 0.375757 0.0393268 0.249124 0.0734582
0.161271 0.196932 0.034127 0.126723 0.480947
0.0728729 0.180879 9.9991E-05 0.195033 0.551115
0.103775 0.231747 9.9991E-05 0.165393 0.498985
0.00351697 0.442455 9.9991E-05 0.176783 0.377144
9.9982E-05 0.173926 9.9982E-05 0.308358 0.517516
0.200223 9.9982E-05 9.9982E-05 0.1965 0.603077
0.678762 0.0488383 0.198738 9.9991E-05 0.0735614
9.9991E-05 0.23108 0.0698386 0.138712 0.560269
0.140374 0.230621 0.0216948 0.0652045 0.542106
0.437986 0.0441139 0.298 0.0132325 0.206667
0.0925747 0.524017 0.30381 0.0794979 9.9991E-05
0.101527 0.0803 9.9991E-05 0.201027 0.617045
0.190586 0.235505 0.0765539 0.110669 0.386686
0.0935573 0.0512059 9.9991E-05 0.221386 0.633751
0.0740961 0.69561 9.9991E-05 0.0981919 0.132002
0.0558617 0.373447 0.00267743 0.0592785 0.508735
9.9991E-05 0.263452 0.00285645 0.329735 0.403857
0.315692 0.122871 0.335174 0.226162 9.9991E-05
0.277195 0.0920835 9.9991E-05 0.162218 0.468403
9.9991E-05 0.250686 0.000338093 0.158663 0.590213
0.142142 0.12157 9.9991E-05 0.274313 0.461875
9.9991E-05 0.255985 0.0874646 0.087941 0.568509
0.012024 0.153074 9.9991E-05 0.0941847 0.740617
0.224626 0.0708131 9.9991E-05 0.269234 0.435227
0.0331144 0.199144 0.0277076 0.177235 0.562799
0.128826 0.215729 9.9991E-05 0.252739 0.402606
9.9991E-05 0.193458 0.0106373 0.0881061 0.707699
0.211585 0.207962 9.9991E-05 0.0668966 0.513457
0.247657 9.9982E-05 0.658032 0.0941109 9.9982E-05
0.0714017 9.9982E-05 9.9982E-05 0.437393 0.491005
9.9991E-05 0.16128 0.00945379 0.23501 0.594156
0.42365 0.21164 9.9991E-05 0.242472 0.122137
9.9982E-05 0.0749701 9.9982E-05 0.459048 0.465782
0.303096 0.0879397 9.9991E-05 0.133775 0.47509
0.226824 0.0727517 9.9991E-05 0.222227 0.478097
0.571635 0.170354 0.0242673 9.9991E-05 0.233643
0.176131 0.124484 9.9991E-05 0.270379 0.428906
0.0324053 0.0750169 0.0462809 0.247526 0.598771
0.204294 0.0105606 0.0266732 0.240233 0.518239
0.196968 0.0926351 9.9991E-05 0.30743 0.402866
0.186317 0.25112 9.9991E-05 0.12986 0.432603
9.9973E-05 9.9973E-05 0.981844 9.9973E-05 0.0178557
0.234349 0.0645153 9.9991E-05 0.292308 0.408727
0.0651045 0.419452 9.9991E-05 0.269176 0.246168
0.1373 0.267742 9.9991E-05 0.0831552 0.511703
0.050203 0.144858 9.9991E-05 0.262927 0.541912
0.167549 9.9982E-05 9.9982E-05 0.241552 0.590699
0.131204 0.134537 0.0278097 0.187346 0.519104
0.369938 9.9973E-05 0.629762 9.9973E-05 9.9973E-05
0.131875 0.135916 9.9991E-05 0.309535 0.422574
0.226753 0.099421 9.9991E-05 0.261078 0.412648
0.0156922 0.341665 9.9991E-05 0.205647 0.436896
0.0878091 0.365726 9.9991E-05 0.255111 0.291254
0.236003 0.0640418 9.9991E-05 0.330268 0.369587
0.21104 9.9982E-05 9.9982E-05 0.284541 0.504219
0.261309 0.12043 9.9991E-05 0.0771801 0.54098
0.00532474 0.28126 0.0416938 0.232565 0.439157
0.460834 0.00374569 9.9991E-05 0.119599 0.415722
0.0648952 0.266136 9.9991E-05 0.0633822 0.605487
0.0797561 0.00981688 9.9991E-05 0.413251 0.497076
0.119733 0.330936 9.9991E-05 0.242572 0.306658
0.0277752 0.470143 9.9991E-05 0.149323 0.35266
9.9991E-05 0.15611 0.072628 0.169383 0.601779
0.147973 0.327656 9.9991E-05 0.0905219 0.433749
0.107681 0.417857 0.0243654 0.0846433 0.365453
0.179582 0.206934 9.9991E-05 0.127164 0.48622
9.9991E-05 0.0868571 0.0735598 0.32927 0.510214
9.9991E-05 0.216536 0.0614485 0.22576 0.496156
0.109907 0.22423 9.9991E-05 0.214263 0.4515
0.249528 0.345416 9.9991E-05 0.190511 0.214445
9.9982E-05 0.147594 9.9982E-05 0.335164 0.517042
0.134925 0.383078 9.9991E-05 0.222207 0.25969
9.9982E-05 0.370799 9.9982E-05 0.187831 0.44117
9.9973E-05 0.0418637 0.957836 9.9973E-05 9.9973E-05
0.369093 0.234922 0.303629 9.9991E-05 0.0922571
0.493129 0.216272 0.166854 0.0173756 0.106368
0.399872 0.0408701 0.559058 9.9982E-05 9.9982E-05
0.439595 0.3082 9.9991E-05 0.0495878 0.202518
0.396254 0.353323 9.9991E-05 0.201368 0.0489544
0.540956 0.19243 0.101528 9.9991E-05 0.164986
0.210453 0.0111191 9.9991E-05 0.217075 0.561253
0.0775644 0.271957 0.0160583 0.189086 0.445335
0.189981 9.9982E-05 9.9982E-05 0.257612 0.552206
0.248427 0.370001 9.9991E-05 0.0557393 0.325732
9.9991E-05 0.292567 0.0379213 0.146522 0.52289
0.0299255 0.304467 0.01808 0.254388 0.393139
0.366828 0.0792315 9.9991E-05 0.234936 0.318904
0.0174714 0.303644 0.0253956 0.325748 0.327741
0.126174 0.231289 9.9991E-05 0.18277 0.459667
0.268321 0.0608076 9.9991E-05 0.0822649 0.588507
0.214168 0.141275 9.9991E-05 0.175681 0.468776
0.340384 0.376646 0.02441 0.0416032 0.216957
0.116536 0.0632913 0.0883818 0.327151 0.40464
0.0344362 0.0287037 0.0124943 0.429053 0.495313
0.252295 0.0738406 0.0547642 0.197309 0.421791
0.049402 9.9982E-05 0.808056 9.9982E-05 0.142342
0.361636 0.371021 0.113595 9.9991E-05 0.153647
9.9982E-05 0.237058 9.9982E-05 0.217431 0.545312
0.181633 0.0893847 9.9991E-05 0.326014 0.402868
0.300768 0.368721 0.181031 0.090758 0.0587224
0.0215453 0.160098 9.9991E-05 0.317037 0.501219
0.129572 0.0825209 0.020758 0.183514 0.583635
0.601809 0.393731 9.9982E-05 0.00426048 9.9982E-05
9.9982E-05 0.270509 9.9982E-05 0.0679781 0.661313
9.9991E-05 0.0636317 0.0313575 0.260992 0.643919
9.997E-05 9.997E-05 9.997E-05 0.9996 9.997E-05
9.997E-05 9.997E-05 9.997E-05 0.9996 9.997E-05
0.0166475 0.215513 0.0999557 0.193305 0.47458
0.00947556 0.210419 9.9991E-05 0.159553 0.620452
0.424467 0.0871097 0.29118 0.105047 0.0921959
0.0326879 0.282473 9.9991E-05 0.19006 0.494679
0.0981677 0.284463 9.9991E-05 0.0739048 0.543365
0.117343 9.9982E-05 9.9982E-05 0.344812 0.537645
0.669371 0.123085 0.0968768 0.0464307 0.064236
0.444118 0.217628 9.9991E-05 0.211345 0.126809
0.559325 0.246983 9.9982E-05 9.9982E-05 0.193492
0.0805707 0.19232 9.9991E-05 0.140966 0.586043
0.489007 0.359166 9.9982E-05 9.9982E-05 0.151627
9.9991E-05 0.201183 0.01695 0.122073 0.659694
0.0556443 0.385715 9.9991E-05 0.243395 0.315145
0.18211 0.0747122 9.9991E-05 0.207404 0.535674
0.253635 0.201491 0.0136639 0.041288 0.489922
0.471867 0.0950115 0.199365 0.100798 0.132958
0.22888 0.0803084 9.9991E-05 0.289304 0.401408
0.0847376 9.9982E-05 0.87743 9.9982E-05 0.037632
0.368695 0.0810352 0.0115382 9.9991E-05 0.538632
9.9982E-05 0.22343 9.9982E-05 0.167814 0.608556
9.997E-05 9.997E-05 0.9996 9.997E-05 9.997E-05
9.9982E-05 9.9982E-05 0.825361 0.0703352 0.104104
0.377669 0.100047 9.9991E-05 0.033229 0.488955
0.226445 0.277544 0.0201789 0.139456 0.336375
0.224948 0.0708635 9.9991E-05 0.212654 0.491435
0.161411 0.0738172 9.99975E-05 0.360289 0.404383
9.9982E-05 0.358282 9.9982E-05 0.300107 0.341411
0.0623257 0.0240769 9.9991E-05 0.235085 0.678412
0.337675 0.177705 9.9991E-05 0.15842 0.3261
0.150569 0.325868 0.345934 0.0284794 0.14915
0.0789306 0.331294 9.9991E-05 0.264528 0.325148
9.9991E-05 0.118557 0.0381336 0.248153 0.595057
0.445588 0.0866093 9.9991E-05 0.0914386 0.376264
0.305961 0.105354 9.9991E-05 0.208046 0.380539
0.232298 0.249046 0.0833641 0.182058 0.253234
0.08052 0.114279 9.9991E-05 0.332915 0.472186
9.9991E-05 0.276222 0.0629481 0.267523 0.393207
0.284698 0.215705 9.9991E-05 0.158072 0.341424
0.233614 0.19104 0.038543 0.106187 0.430616
0.517313 0.171576 0.201907 9.9991E-05 0.109104
0.0543775 0.316304 0.0372595 0.241341 0.350718
0.314353 0.105865 9.9991E-05 0.0184997 0.561182
0.374729 9.9982E-05 9.9982E-05 0.00190157 0.623169
9.9982E-05 0.523485 9.9982E-05 0.0977652 0.37855
0.0112012 0.420446 0.0107862 0.16652 0.391046
9.9982E-05 0.387233 9.9982E-05 0.168641 0.443927
0.372581 9.9982E-05 9.9982E-05 0.284364 0.342855
9.9982E-05 0.166955 9.9982E-05 0.312786 0.520059
0.137904 0.175413 9.9991E-05 0.241223 0.445361
0.216954 0.123044 9.9991E-05 0.255203 0.4047
0.462203 0.394653 9.9991E-05 0.124562 0.0184816
0.11985 0.255708 0.0219806 9.9991E-05 0.602362
0.0877261 0.182295 0.0742586 0.365249 0.290472
0.277017 0.60625 0.00732862 0.109305 9.9991E-05
0.0993298 0.224511 0.00546478 0.258172 0.412522
0.108004 0.173928 0.0598226 0.219467 0.438778
0.113709 0.254844 9.9991E-05 0.169556 0.461791
0.0993077 0.192499 9.9991E-05 0.213035 0.495059
0.147118 0.172004 9.9991E-05 0.146352 0.534425
0.192204 0.717182 9.9991E-05 0.0409572 0.049557
0.187379 9.9982E-05 9.9982E-05 0.270794 0.541627
0.564093 0.222489 9.9991E-05 0.124713 0.0886046
