0.015606 0.049194 0.7343 0.136992 0.0554516 9.9982E-05 9.9982E-05 0.00825704
9.9991E-05 0.262491 0.252089 0.187112 0.00239492 0.0664719 0.171165 0.0581763
0.0191161 0.421243 0.16789 0.169373 9.9982E-05 0.193291 9.9982E-05 0.0288871
9.9991E-05 0.644354 0.127785 0.00022262 0.00203395 0.0240731 0.128044 0.073388
9.9982E-05 0.363194 0.321643 0.157557 0.0182317 9.9982E-05 0.138472 0.000703204
9.9955E-05 9.9955E-05 9.9955E-05 0.242909 0.102626 9.9955E-05 9.9955E-05 0.653965
0.00782292 0.310502 0.470568 0.144828 0.0518193 9.9982E-05 0.01426 9.9982E-05
0.010343 0.0731516 9.9964E-05 0.055206 9.9964E-05 9.9964E-05 9.9964E-05 0.8609
0.00480245 0.161523 0.388122 0.293679 0.0530016 0.0476818 0.0510907 9.9991E-05
9.9982E-05 0.304308 0.303471 0.283277 9.9982E-05 0.016953 0.0869458 0.00484554
9.9973E-05 0.465856 0.32927 0.190494 9.9973E-05 0.00237217 0.0117088 9.9973E-05
9.999E-05 0.335219 0.161348 0.261857 0.0198006 0.0274949 0.00125215 0.192928
9.9968E-05 0.0609721 0.61394 0.236118 9.9968E-05 9.9968E-05 0.0885704 9.9968E-05
0.00192626 0.486033 0.232084 0.0987084 0.0117867 0.094988 0.0309144 0.0435597
9.9982E-05 0.184282 9.9982E-05 0.0283421 0.0637874 0.0214807 0.068607 0.6333
9.9982E-05 0.374584 0.199164 0.120141 9.9982E-05 0.120824 0.157478 0.0276099
9.9973E-05 0.194782 0.329661 0.31335 0.0501725 9.9973E-05 9.9973E-05 0.111735
0.0126989 0.352486 0.353141 9.9973E-05 9.9973E-05 0.00333444 0.278039 9.9973E-05
9.9964E-05 0.40612 0.251821 0.200028 9.9964E-05 9.9964E-05 0.141631 9.9964E-05
9.9964E-05 0.432832 0.42946 9.9964E-05 0.0520863 0.0852217 9.9964E-05 9.9964E-05
9.9955E-05 0.481873 0.283126 9.9955E-05 9.9955E-05 9.9955E-05 0.234501 9.9955E-05
9.9982E-05 0.230525 0.300268 0.0948106 0.0672196 9.9982E-05 0.205061 0.101916
9.9973E-05 0.370749 0.293761 0.0924636 0.0966451 0.146081 9.9973E-05 9.9973E-05
9.9973E-05 0.0718206 0.0657239 0.232277 9.9973E-05 0.130259 9.9973E-05 0.49962
9.9973E-05 0.129789 0.419559 0.0988883 0.0426974 9.9973E-05 0.308767 9.9973E-05
9.9973E-05 0.226091 9.9973E-05 0.0956305 0.0234972 9.9973E-05 0.101113 0.553369
9.999E-05 0.0508062 0.11014 0.29714 0.0122724 0.0252454 0.105476 0.39882
9.9964E-05 0.229166 0.405957 9.9964E-05 0.0141641 9.9964E-05 9.9964E-05 0.350312
9.9973E-05 0.045367 9.9973E-05 0.271645 0.0118578 0.0607497 9.9973E-05 0.61008
9.9964E-05 0.54258 0.297051 0.0869703 9.9964E-05 9.9964E-05 9.9964E-05 0.0729996
9.9973E-05 9.9973E-05 0.349122 0.149277 0.0886144 0.0182522 9.9973E-05 0.394435
9.9982E-05 0.318641 0.320133 0.0753007 0.00187831 9.9982E-05 0.268751 0.0150957
9.999E-05 0.292648 0.0407322 0.294219 0.0751841 0.15296 0.00265212 0.141505
9.9946E-05 0.179875 9.9946E-05 9.9946E-05 9.9946E-05 9.9946E-05 9.9946E-05 0.819526
0.109157 9.9964E-05 9.9964E-05 9.9964E-05 0.00390183 0.0261928 9.9964E-05 0.860349
9.9973E-05 0.240211 0.326586 0.173931 9.9973E-05 9.9973E-05 0.15261 0.106362
9.9982E-05 0.409192 0.357988 0.0218989 9.9982E-05 0.00543083 0.089258 0.116033
9.9982E-05 0.0963587 0.518727 0.217194 0.000330053 0.00258111 0.164609 9.9982E-05
9.9973E-05 9.9973E-05 0.187755 0.0495829 9.9973E-05 0.012662 0.0444202 0.70528
9.9982E-05 9.9982E-05 0.152513 0.315733 0.0582115 0.0871997 0.0455496 0.340593
0.0622857 0.131596 0.14119 0.450789 0.0103224 0.0371118 0.00868708 0.158017
9.9973E-05 0.446748 0.0231408 0.349103 0.00187746 9.9973E-05 0.178831 9.9973E-05
9.9982E-05 0.333532 0.341435 0.0334464 0.0747947 0.0938252 9.9982E-05 0.122766
0.00752319 9.9982E-05 0.23734 0.034976 9.9982E-05 0.0565732 0.117762 0.545626
0.133493 0.000808703 0.465813 0.38008 9.9973E-05 9.9973E-05 0.0195047 9.9973E-05
9.9973E-05 9.9973E-05 0.502902 0.235459 0.029216 0.0789927 0.15313 9.9973E-05
9.999E-05 0.386418 0.220148 0.169316 0.10217 0.0530082 0.0653531 0.0034865
9.9982E-05 0.425522 9.9982E-05 0.413792 0.0316938 0.049235 0.0651851 0.0143723
9.9982E-05 0.104113 0.303449 0.234207 9.9982E-05 0.112713 0.213479 0.0318392
9.9973E-05 9.9973E-05 0.0388163 0.352372 0.0561798 9.9973E-05 0.113095 0.439237
9.9973E-05 0.487997 0.308723 9.9973E-05 0.090547 0.0292974 0.0831352 9.9973E-05
0.054618 0.103706 0.227637 0.179335 0.0547361 0.058426 0.00214539 0.319397
0.0205721 0.0820368 0.410457 0.31486 0.0261137 9.9982E-05 0.14576 9.9982E-05
9.9973E-05 0.0544062 9.9973E-05 0.0837251 9.9973E-05 0.00265697 0.0347086 0.824203
9.9964E-05 0.313497 9.9964E-05 0.294565 0.0103991 9.9964E-05 9.9964E-05 0.381139
9.9973E-05 0.305535 0.515248 0.0666922 0.0423208 9.9973E-05 0.0699047 9.9973E-05
0.00162486 0.208377 0.661667 9.9973E-05 0.0349386 0.0930922 9.9973E-05 9.9973E-05
0.0018908 0.38659 0.163682 0.0444561 0.0839428 0.108405 0.0377245 0.173309
9.9973E-05 0.0363566 0.135365 0.461842 9.9973E-05 0.101055 9.9973E-05 0.265081
9.9964E-05 0.147794 0.494661 0.0197942 9.9964E-05 9.9964E-05 9.9964E-05 0.337351
0.0140272 9.9982E-05 0.00858374 0.138 0.0630799 0.0653985 9.9982E-05 0.71071
0.0106353 0.00486589 9.9973E-05 0.111871 9.9973E-05 0.0833591 9.9973E-05 0.788969
0.0151021 0.303757 0.363158 0.187617 9.9991E-05 0.00867798 0.103148 0.0184407
9.99551E-05 9.99551E-05 9.99551E-05 0.0132708 9.99551E-05 0.036302 9.99551E-05 0.949927
9.9982E-05 0.234565 0.340749 0.244325 0.0447315 9.9982E-05 0.128579 0.00685016
9.9955E-05 0.0513594 9.9955E-05 9.9955E-05 9.9955E-05 9.9955E-05 0.107545 0.840596
0.00858838 0.285099 0.544048 9.9982E-05 0.0511778 0.0594192 0.0514676 9.9982E-05
9.9991E-05 0.216529 0.245629 0.224394 0.0641966 0.0731935 0.0571908 0.118768
9.9973E-05 0.0310285 0.647035 0.235971 0.0288532 0.056813 9.9973E-05 9.9973E-05
9.9955E-05 9.9955E-05 9.9955E-05 0.396664 0.0103875 9.9955E-05 9.9955E-05 0.592449
0.0283846 0.149515 0.466903 0.123861 0.10381 0.127327 9.9982E-05 9.9982E-05
9.9982E-05 0.0705646 0.520287 0.16227 0.0143826 0.0408522 0.191443 9.9982E-05
9.9991E-05 0.00201468 0.393209 0.159805 0.00308683 0.0236128 0.150745 0.267426
0.00403113 0.179726 0.137821 0.439636 0.0179667 9.9982E-05 0.22062 9.9982E-05
9.9991E-05 0.314349 0.242555 0.109355 0.121659 0.0446382 0.150515 0.0168292
9.9973E-05 0.130815 0.406272 0.0399722 9.9973E-05 9.9973E-05 0.0473203 0.375321
9.9991E-05 0.500872 0.185275 0.0473621 0.0233706 0.0540805 0.159131 0.0298089
0.0382523 0.146294 0.222943 0.198687 0.0166247 0.143291 0.0674321 0.166476
9.9991E-05 0.0369103 0.323307 0.393175 0.0359573 0.109672 0.0368853 0.0639929
9.9982E-05 0.411707 0.158812 0.14728 0.0577144 0.0501683 0.174118 9.9982E-05
9.9973E-05 9.9973E-05 0.61709 0.161382 0.074672 0.0741024 0.072454 9.9973E-05
0.0331978 0.453085 0.0844169 0.222849 0.00300952 0.0900293 0.113312 9.9991E-05
9.9991E-05 0.282883 0.364372 0.0618206 0.0834651 0.0922771 0.0497957 0.0652863
0.0222253 0.452897 0.390877 0.104268 9.9982E-05 0.00805687 0.021476 9.9982E-05
9.9964E-05 0.392922 0.452198 0.115223 9.9964E-05 0.0392574 9.9964E-05 9.9964E-05
9.9991E-05 0.290188 0.244909 0.0211693 0.0655142 0.119081 0.105261 0.153777
9.9982E-05 0.182635 0.139163 0.259083 0.0162415 0.128023 9.9982E-05 0.274654
0.0324968 0.328423 0.0408666 0.394495 9.9982E-05 0.0332342 9.9982E-05 0.170285
9.99641E-05 0.119295 9.99641E-05 9.99641E-05 0.0684199 0.0585928 9.99641E-05 0.753293
9.9991E-05 0.14931 0.212886 0.237671 0.0210097 0.0712131 0.0987961 0.209014
9.9982E-05 0.119764 0.20384 0.23969 0.0139436 0.277499 0.145063 9.9982E-05
9.9982E-05 9.9982E-05 0.0364381 0.316681 0.0426866 0.00712789 0.0605323 0.536334
9.9982E-05 0.448038 0.304529 0.139225 0.0351207 0.0117738 0.0611141 9.9982E-05
9.9964E-05 0.448734 0.271596 0.0222098 9.9964E-05 9.9964E-05 9.9964E-05 0.25706
9.9982E-05 0.151563 0.0574217 0.264662 0.0436199 0.032054 9.9982E-05 0.45048
9.9964E-05 0.00504872 9.9964E-05 9.9964E-05 0.146288 0.0490747 9.9964E-05 0.799188
9.9991E-05 0.153607 0.393069 0.197466 0.0362105 0.0557918 0.0279923 0.135764
0.0474574 0.462795 0.0125657 0.321904 9.9982E-05 0.0543711 0.100707 9.9982E-05
0.00267524 0.22214 0.430416 0.063172 9.9991E-05 0.0853032 0.118131 0.0780619
9.9964E-05 0.446316 0.314577 9.9964E-05 0.0425493 9.9964E-05 9.9964E-05 0.196158
9.9982E-05 0.145869 9.9982E-05 0.305666 0.0319489 0.107694 0.0222473 0.386375
9.9973E-05 0.333456 0.368289 9.9973E-05 9.9973E-05 0.109252 0.071346 0.117356
0.0633371 0.219293 0.455212 9.9982E-05 9.9982E-05 0.0847058 0.1637 0.0135526
9.9982E-05 0.36104 0.40817 0.0671232 0.135252 0.0175642 0.0106507 9.9982E-05
9.9973E-05 0.375622 0.197457 0.0959365 9.9973E-05 0.0788041 0.25188 9.9973E-05
9.9973E-05 9.9973E-05 0.0999591 0.0790945 0.0511232 0.06404 9.9973E-05 0.705483
0.0013549 0.355743 9.9973E-05 9.9973E-05 0.154939 0.0828726 9.9973E-05 0.404791
9.9964E-05 0.363541 0.434911 0.138588 9.9964E-05 0.0625607 9.9964E-05 9.9964E-05
9.9982E-05 0.326087 0.372366 0.129072 9.9982E-05 0.0580963 0.0587125 0.0554661
9.9973E-05 0.515728 0.341004 9.9973E-05 0.0570119 0.0744631 0.0114932 9.9973E-05
0.00732126 0.132974 0.0489712 0.412375 9.9982E-05 0.00608646 9.9982E-05 0.392072
9.9964E-05 0.030094 9.9964E-05 0.0530299 0.0432204 9.9964E-05 9.9964E-05 0.873256
9.9982E-05 0.182784 9.9982E-05 0.310572 0.000783598 0.0650681 0.0514054 0.389188
0.0209603 0.498346 0.266341 0.0891319 0.0181843 0.0364148 0.0705212 9.9991E-05
9.9991E-05 0.363618 0.297893 0.0085395 0.0596895 0.0599959 0.114481 0.0956819
0.0631623 0.271703 0.645905 0.00325239 9.9973E-05 9.9973E-05 0.0156777 9.9973E-05
9.9964E-05 0.260861 0.537667 9.9964E-05 0.0674309 0.133642 9.9964E-05 9.9964E-05
9.9973E-05 9.9973E-05 9.9973E-05 0.0367842 0.0209496 0.018376 0.00256483 0.921025
9.9982E-05 0.385155 0.401837 0.0186504 0.0803322 9.9982E-05 0.112417 0.00140883
0.0462767 0.249793 0.462343 9.9973E-05 0.0358322 0.205455 9.9973E-05 9.9973E-05
9.9982E-05 0.350775 0.330152 9.9982E-05 0.0340507 0.0213924 0.183477 0.0799524
9.9982E-05 0.185655 0.0050728 0.135784 0.0580272 0.042866 9.9982E-05 0.572395
9.9982E-05 0.333763 0.392306 0.172557 0.0037507 0.0513496 0.0460731 9.9982E-05
0.0808418 0.428914 0.383915 9.9973E-05 9.9973E-05 0.0730172 9.9973E-05 0.033012
0.0235478 0.226206 0.648372 9.9973E-05 9.9973E-05 0.0413539 0.0602206 9.9973E-05
9.9991E-05 0.28677 0.291717 0.205707 0.112996 0.0117853 0.0267265 0.0641989
9.9964E-05 0.165071 0.133535 9.9964E-05 0.104144 9.9964E-05 9.9964E-05 0.59685
0.00755813 0.0480506 9.9973E-05 9.9973E-05 0.0440126 0.0483431 9.9973E-05 0.851736
0.000962251 0.239566 0.164169 0.339263 0.0177566 0.149605 0.0885788 9.9991E-05
9.9982E-05 0.318304 0.196554 0.0795176 0.0978915 0.107606 0.199927 9.9982E-05
9.9964E-05 0.106562 0.382783 0.241638 9.9964E-05 9.9964E-05 0.268617 9.9964E-05
9.9964E-05 0.263118 0.0157202 0.391291 9.9964E-05 9.9964E-05 0.329471 9.9964E-05
9.9964E-05 0.373822 9.9964E-05 0.319716 0.00639262 9.9964E-05 9.9964E-05 0.29967
0.175725 0.363246 0.150526 0.22023 0.0521279 0.0104841 0.0275604 9.9991E-05
9.9982E-05 0.298093 0.390923 9.9982E-05 0.0514703 0.00902049 0.0386425 0.21165
9.994E-05 9.994E-05 9.994E-05 9.994E-05 9.994E-05 0.9993 9.994E-05 9.994E-05
0.0807497 0.130983 0.210236 0.0156834 9.9982E-05 0.0508204 9.9982E-05 0.511328
0.13329 0.396685 0.0989319 9.9982E-05 0.0211595 0.0294371 9.9982E-05 0.320296
9.994E-05 9.994E-05 9.994E-05 9.994E-05 9.994E-05 0.9993 9.994E-05 9.994E-05
9.9973E-05 9.9973E-05 0.157732 0.041427 0.122679 0.0976261 9.9973E-05 0.580236
9.9982E-05 0.469998 0.148553 0.231552 0.0287866 9.9982E-05 0.0178299 0.103082
9.9991E-05 0.108007 0.00637276 0.245057 0.141518 0.0204032 0.121704 0.356838
9.9991E-05 0.0934562 0.0933085 0.268197 0.0437897 0.0216011 0.25599 0.223558
0.0159595 9.9973E-05 0.266517 0.474136 9.9973E-05 0.0967432 9.9973E-05 0.146345
9.9955E-05 9.9955E-05 9.9955E-05 0.308448 0.0597142 9.9955E-05 9.9955E-05 0.631338
0.068137 0.200263 0.308642 9.9982E-05 9.9982E-05 0.0713546 0.111265 0.240138
9.9982E-05 0.201569 0.0772424 0.459818 0.0358495 0.0783696 9.9982E-05 0.146952
9.9982E-05 0.186401 0.33067 0.223201 0.0970705 0.0556576 0.106799 9.9982E-05
9.9973E-05 0.193712 0.645296 9.9973E-05 0.0636812 0.0617363 0.0352751 9.9973E-05
0.121305 0.070946 0.465446 0.226315 0.0288352 0.00787799 0.0791752 9.9991E-05
9.9955E-05 0.545726 9.9955E-05 0.171528 9.9955E-05 9.9955E-05 0.282246 9.9955E-05
9.9982E-05 0.0689371 0.494124 0.0694979 0.0342469 9.9982E-05 0.0295693 0.303424
9.9973E-05 0.0786906 0.088632 0.117524 0.0254236 9.9973E-05 9.9973E-05 0.68943
9.9964E-05 0.0986592 9.9964E-05 0.336703 9.9964E-05 9.9964E-05 0.261199 0.303039
9.9973E-05 0.0150805 0.132346 0.356511 9.9973E-05 0.149928 0.345834 9.9973E-05
0.0168818 0.298206 0.127201 0.247385 0.0082276 0.105603 0.196395 9.9991E-05
9.9964E-05 9.9964E-05 9.9964E-05 0.138604 9.9964E-05 0.0306031 0.0531678 0.777225
9.9964E-05 9.9964E-05 0.577894 0.1699 9.9964E-05 0.0916353 0.160171 9.9964E-05
9.9982E-05 0.315581 0.295559 0.0973592 0.0439573 0.0348572 0.212487 9.9982E-05
9.9982E-05 0.218738 0.319369 9.9982E-05 0.0890922 0.0768 0.119647 0.176154
9.9982E-05 0.481851 0.0581212 0.0903974 0.035031 0.0892236 0.245176 9.9982E-05
9.9982E-05 9.9982E-05 0.27272 0.455558 0.0343219 0.0965252 0.0596273 0.0810472
9.9982E-05 0.411053 9.9982E-05 0.0878975 0.166007 0.204627 0.115839 0.0143758
9.9982E-05 0.28901 0.29249 9.9982E-05 0.0717087 0.0750554 0.217427 0.0541092
9.9973E-05 0.174376 0.502785 0.216236 9.9973E-05 0.00437765 0.101925 9.9973E-05
0.00516647 0.16425 0.588992 9.9982E-05 0.0315441 0.149666 0.0601813 9.9982E-05
9.9982E-05 0.043889 0.164936 0.390396 9.9982E-05 0.0446847 0.269575 0.0863186
0.0033176 0.220239 9.9982E-05 0.166234 9.9982E-05 0.0670608 0.0518757 0.491074
9.9964E-05 9.9964E-05 0.290165 0.309234 9.9964E-05 0.176785 9.9964E-05 0.223417
9.9982E-05 0.0693414 0.266202 0.34781 9.9982E-05 0.151301 0.153578 0.0115678
0.0431938 0.362262 0.16256 0.117084 0.0921213 0.14046 9.9991E-05 0.0822188
9.9982E-05 0.532101 9.9982E-05 0.28096 0.0747748 0.0441032 0.0190625 0.0487986
9.9964E-05 9.9964E-05 9.9964E-05 9.9964E-05 0.0124859 0.0215046 0.0080488 0.957561
9.9973E-05 0.514372 9.9973E-05 0.284131 0.101698 0.0731678 9.9973E-05 0.0263313
9.9964E-05 0.312916 9.9964E-05 0.355764 9.9964E-05 0.0956531 9.9964E-05 0.235268
0.0689876 0.0899865 0.267526 0.376864 0.0424296 0.139004 0.0151024 9.9991E-05
9.9982E-05 0.397052 0.00925524 0.35439 9.9982E-05 0.0573566 0.0160091 0.165736
9.9982E-05 0.238296 9.9982E-05 0.0821316 0.00729814 0.00578988 0.156571 0.509714
9.9982E-05 0.0530372 0.316418 0.206704 0.0230231 0.00776475 9.9982E-05 0.392853
9.9964E-05 0.406138 0.000870771 9.9964E-05 0.135277 9.9964E-05 9.9964E-05 0.457314
9.9973E-05 0.520335 0.301512 0.111776 9.9973E-05 9.9973E-05 0.0573464 0.00873031
9.9973E-05 9.9973E-05 9.9973E-05 0.138056 0.0555063 0.0920036 0.0128163 0.701318
9.9973E-05 0.549588 9.9973E-05 9.9973E-05 0.0278879 0.0571821 0.0380672 0.326975
9.9982E-05 0.0383765 0.450495 0.162679 0.0742026 9.9982E-05 0.264943 0.00910365
9.994E-05 9.994E-05 9.994E-05 9.994E-05 9.994E-05 9.994E-05 9.994E-05 0.9993
9.9964E-05 0.0391306 9.9964E-05 0.561727 9.9964E-05 0.0101839 9.9964E-05 0.388558
0.0428474 0.0904309 0.317446 0.519687 0.0292888 9.99732E-05 9.99732E-05 9.99732E-05
9.9973E-05 0.163434 0.0586776 0.422858 0.0163536 9.9973E-05 9.9973E-05 0.338377
9.9991E-05 0.364791 0.453236 0.0108266 0.0138997 0.0218489 0.00848679 0.126811
0.024231 0.642036 0.118833 0.0141535 0.07138 0.0247861 0.10448 9.9991E-05
9.9982E-05 0.236721 0.116058 0.126584 0.0416219 9.9982E-05 0.235461 0.243354
9.9973E-05 0.453047 0.368008 0.0874175 0.0672662 9.9973E-05 0.0239613 9.9973E-05
9.9973E-05 0.419583 0.411716 0.125139 9.9973E-05 0.0289822 0.0142795 9.9973E-05
0.0838801 0.394055 0.209449 0.121024 0.0807229 0.108765 9.9991E-05 0.0020049
9.9991E-05 0.0984484 0.180028 0.255306 0.112036 0.158149 0.0120749 0.183858
9.9991E-05 0.332536 0.379656 0.0164471 0.0335479 0.00378927 0.0183219 0.215602
0.0780277 0.366408 0.279021 9.9982E-05 0.0528177 0.0461295 0.177396 9.9982E-05
0.00689893 0.485595 0.177542 0.0721499 9.9991E-05 0.0460086 0.0956591 0.116047
0.0788478 0.0581557 0.357277 0.287427 0.0992433 0.107398 0.0115512 9.9991E-05
9.9973E-05 0.108611 0.259322 0.359499 9.9973E-05 0.0902527 0.182016 9.9973E-05
9.9982E-05 0.172975 0.0826606 0.292748 9.9982E-05 0.0576808 0.150469 0.243267
0.0174879 0.367044 0.514127 0.0388341 9.9973E-05 0.0622078 9.9973E-05 9.9973E-05
9.9973E-05 0.0584924 0.369359 0.490888 9.9973E-05 0.0250933 0.0558674 9.9973E-05
0.0909829 0.191094 0.269441 0.186469 9.9982E-05 0.0524161 0.209397 9.9982E-05
0.133477 9.9973E-05 0.428551 0.22767 0.11209 9.9973E-05 0.0979123 9.9973E-05
0.00193368 0.0960058 0.112997 0.245176 9.9991E-05 0.0919176 0.179519 0.27235
0.000563144 0.19569 0.551015 9.9982E-05 0.0930905 9.9982E-05 0.129856 0.0295861
9.9982E-05 0.378817 0.0634526 0.367367 0.00320648 0.0840435 9.9982E-05 0.102914
9.9982E-05 0.0918787 0.438053 0.165578 9.9982E-05 0.0684365 0.204415 0.0314377
0.0247029 0.370789 0.51873 9.9982E-05 0.0314156 0.0195802 0.0345822 9.9982E-05
0.0599335 0.232154 0.326496 0.272268 9.9982E-05 0.0521858 0.0567628 9.9982E-05
9.9973E-05 0.215921 0.0603956 0.301846 0.159778 9.9973E-05 9.9973E-05 0.26176
0.0237318 0.423915 9.9973E-05 0.138659 9.9973E-05 0.00700047 9.9973E-05 0.406395
9.9955E-05 0.69641 0.19433 9.9955E-05 9.9955E-05 9.9955E-05 0.108759 9.9955E-05
0.0456744 0.238196 0.469798 9.9982E-05 9.9982E-05 0.120771 0.108204 0.0171571
9.9973E-05 0.347971 0.291689 0.114705 0.123869 9.9973E-05 0.121467 9.9973E-05
9.9982E-05 0.154112 0.192785 0.46843 0.0771834 0.00694476 0.100346 9.9982E-05
9.9982E-05 0.198432 0.106734 0.171542 0.0254304 0.232934 9.9982E-05 0.264728
0.0268632 0.413566 0.0112323 0.204548 0.0298085 0.119772 0.0385685 0.155641
0.0420332 0.18008 0.337489 0.370464 0.0252889 0.0128509 0.0316946 9.9991E-05
9.9982E-05 9.9982E-05 0.222091 0.132506 0.0308565 0.0770441 0.0121084 0.525194
9.9982E-05 0.343767 0.379653 0.0594957 0.0559228 9.9982E-05 0.00414282 0.156819
0.179362 0.195326 0.154022 0.317764 0.0217906 0.0524154 9.9991E-05 0.0792214
9.9973E-05 9.9973E-05 9.9973E-05 0.0951924 0.0617196 0.0489194 0.0903404 0.703528
0.0291207 0.0172011 0.198611 0.596231 0.124926 0.0337107 9.9982E-05 9.9982E-05
9.9991E-05 0.194714 0.399983 0.0843505 0.0624215 0.0629984 0.127013 0.0684194
9.9991E-05 0.556892 0.251175 0.0793207 0.0208019 0.0200208 0.0421571 0.0295323
9.9973E-05 0.354336 0.435311 0.0357548 0.0512621 9.9973E-05 0.123037 9.9973E-05
0.0360714 0.262142 0.0750327 0.412681 0.0547656 0.0927062 0.0665004 9.9991E-05
0.0900372 0.524757 0.145081 0.118089 0.0248902 0.0969462 9.9982E-05 9.9982E-05
9.9982E-05 0.351501 0.406854 0.0718031 0.0343646 0.0116999 0.123577 9.9982E-05
9.99621E-05 0.517547 0.375357 9.99621E-05 0.106596 9.99621E-05 9.99621E-05 9.99621E-05
9.9991E-05 0.172585 0.271933 0.166968 0.0116683 0.0851282 0.142139 0.149477
9.9973E-05 0.351828 0.423011 9.9973E-05 0.0835487 0.0495985 0.0917144 9.9973E-05
9.9973E-05 0.304063 0.446462 0.111395 9.9973E-05 0.122806 0.0149739 9.9973E-05
9.99461E-05 9.99461E-05 9.99461E-05 0.932161 9.99461E-05 0.0672398 9.99461E-05 9.99461E-05
9.9973E-05 0.395648 0.338834 0.20325 0.0132801 0.0486878 9.9973E-05 9.9973E-05
9.9973E-05 0.275305 0.322444 0.316826 0.0502447 0.0348804 9.9973E-05 9.9973E-05
9.9982E-05 0.351235 0.157514 0.0440857 0.0908886 9.9982E-05 0.0266261 0.32945
9.9982E-05 0.282114 0.2096 0.0878403 0.121369 0.0285488 9.9982E-05 0.270328
9.9982E-05 0.465906 0.269908 0.0883604 0.0237633 0.0170493 0.134813 9.9982E-05
9.9964E-05 9.9964E-05 0.30843 0.0678195 0.088815 9.9964E-05 9.9964E-05 0.534535
0.070419 0.510865 0.0408163 0.185464 0.0507939 0.0799647 0.0615777 9.9991E-05
9.9973E-05 0.290312 0.160509 0.30495 9.9973E-05 0.014382 9.9973E-05 0.229547
0.0453648 0.367505 0.370103 9.9982E-05 9.9982E-05 0.0184486 0.174174 0.024204
9.9973E-05 0.0692377 9.9973E-05 0.666622 0.0855923 0.134857 9.9973E-05 0.0433919
0.0824312 0.29529 9.9982E-05 0.235229 0.144037 0.0226449 9.9982E-05 0.220168
0.0504104 0.376339 9.9964E-05 9.9964E-05 9.9964E-05 0.123317 9.9964E-05 0.449534
9.9964E-05 0.292543 0.238333 0.292173 9.9964E-05 9.9964E-05 0.176551 9.9964E-05
9.9982E-05 0.170501 0.39378 0.30489 0.0510923 0.0276474 0.0518896 9.9982E-05
9.9973E-05 0.0699568 0.360371 0.148692 0.0700247 9.9973E-05 9.9973E-05 0.350656
9.9973E-05 0.0880017 0.440563 0.258382 9.9973E-05 9.9973E-05 0.184594 0.0281599
0.0758183 0.603551 0.272002 9.9964E-05 9.9964E-05 9.9964E-05 0.0482286 9.9964E-05
9.9964E-05 9.9964E-05 0.090408 0.02636 0.0347389 9.9964E-05 9.9964E-05 0.848093
0.0126018 0.395783 0.286901 0.108936 9.9982E-05 0.0741387 0.121439 9.9982E-05
9.9964E-05 0.535217 0.217453 0.228485 9.9964E-05 9.9964E-05 0.0184454 9.9964E-05
9.9973E-05 0.563934 0.34646 9.9973E-05 9.9973E-05 0.0280986 0.0576491 0.00355791
9.9982E-05 0.683871 0.00258249 9.9982E-05 0.071705 0.0886966 0.15275 0.000195116
9.9991E-05 0.339426 0.331784 0.145788 0.0110588 0.0579411 0.070051 0.0438511
9.9973E-05 0.0690232 0.7102 0.156712 9.9973E-05 0.0381349 9.9973E-05 0.0256296
0.038783 0.474162 0.290816 9.9982E-05 9.9982E-05 0.0657964 0.0879004 0.0423427
9.9982E-05 0.425567 0.23784 0.164041 0.0501114 0.0242746 9.9982E-05 0.0979667
9.9973E-05 9.9973E-05 0.197368 0.252865 9.9973E-05 0.0225619 0.0336575 0.493247
9.9973E-05 0.523434 0.350475 0.0595437 0.0339319 0.0323162 9.9973E-05 9.9973E-05
9.9964E-05 0.212899 0.763157 0.0170857 0.00645811 9.9964E-05 9.9964E-05 9.9964E-05
9.9991E-05 0.0823561 0.325393 0.30265 0.0459321 0.0569966 0.0469039 0.139668
9.9982E-05 0.401806 0.0469481 0.00461272 0.0660072 0.106066 9.9982E-05 0.374359
0.0605806 0.176969 0.636669 0.0658098 9.9982E-05 0.00918189 0.0505897 9.9982E-05
9.9973E-05 0.648994 9.9973E-05 0.03601 9.9973E-05 0.0921309 0.0607296 0.161836
9.9964E-05 0.279348 0.428439 0.0480097 9.9964E-05 9.9964E-05 0.243804 9.9964E-05
9.9982E-05 0.281109 0.0514141 0.271445 9.9982E-05 0.0126708 0.133027 0.250134
0.166324 0.315 0.103653 0.154444 0.0377883 0.0625469 0.0640299 0.0962135
9.9973E-05 0.19302 0.104302 0.175901 9.9973E-05 0.0977289 9.9973E-05 0.428748
9.9964E-05 0.244883 0.368979 9.9964E-05 9.9964E-05 9.9964E-05 0.152604 0.233134
0.0869701 9.9973E-05 0.491696 0.253299 0.0495552 0.11818 9.9973E-05 9.9973E-05
0.0633718 0.477826 0.158725 9.9973E-05 0.0400746 9.9973E-05 9.9973E-05 0.259703
9.9982E-05 0.255893 0.374831 0.136975 0.0719762 0.0428385 0.117286 9.9982E-05
9.9991E-05 0.391183 0.37436 0.0444848 0.0570566 0.0996347 0.00866305 0.0245182
9.9982E-05 0.541436 0.0429217 0.221469 0.0590348 0.123461 0.0114768 9.9982E-05
9.9982E-05 0.311076 0.115838 0.00366695 0.119227 0.185424 9.9982E-05 0.264568
0.0247878 0.2191 0.234926 0.50853 9.9973E-05 0.0123561 9.9973E-05 9.9973E-05
9.9964E-05 0.118649 0.357863 0.178872 9.9964E-05 9.9964E-05 0.344216 9.9964E-05
0.0661814 0.386717 0.435085 0.0707523 9.9973E-05 9.9973E-05 0.0409641 9.9973E-05
0.0832615 0.214283 0.158037 9.9982E-05 0.00117196 9.9982E-05 0.0357182 0.507329
9.9955E-05 9.9955E-05 9.9955E-05 9.9955E-05 0.0554028 9.9955E-05 0.134048 0.810049
0.085582 0.1673 0.356524 0.19894 9.9991E-05 0.0136185 0.0939074 0.084028
0.0774697 0.22924 0.395572 0.138292 9.9991E-05 0.0399527 0.0442148 0.0751591
0.0158538 0.310838 9.9991E-05 0.36744 0.0664413 0.0823896 0.117226 0.0397117
9.9973E-05 0.216049 0.12103 0.511198 9.9973E-05 9.9973E-05 0.081612 0.0698107
0.025181 0.236876 0.173552 0.138071 0.0407826 0.110453 0.0452434 0.229841
9.9991E-05 0.108355 0.560363 0.0463384 0.0258613 0.00312387 0.154026 0.101833
9.9982E-05 0.434586 0.146083 0.0469534 0.0723701 0.123925 0.175883 9.9982E-05
0.109871 0.466074 0.271733 0.10719 0.0166686 9.9982E-05 9.9982E-05 0.0282628
9.9982E-05 0.412663 0.219508 0.16043 9.9982E-05 0.0292951 0.174414 0.00349003
0.0677603 0.333021 0.47973 9.9973E-05 9.9973E-05 0.079346 0.0398428 9.9973E-05
9.99565E-05 0.362885 0.551425 0.0851898 9.99565E-05 9.99565E-05 9.99565E-05 9.99565E-05
9.9982E-05 0.441078 0.355637 0.137975 0.0295342 0.00633745 0.0292384 9.9982E-05
0.0322328 0.183019 0.246292 0.35935 0.0601797 0.118727 9.9982E-05 9.9982E-05
0.0741526 0.255605 0.397876 0.132664 9.9982E-05 0.00217231 0.137331 9.9982E-05
9.9982E-05 0.251944 0.494269 9.9982E-05 0.0306982 0.126152 0.0227699 0.0739668
0.123133 0.184359 0.173441 0.245714 9.9982E-05 0.0539228 0.21923 9.9982E-05
9.9955E-05 0.618381 9.9955E-05 0.178045 9.9955E-05 9.9955E-05 0.203074 9.9955E-05
0.00888922 0.382189 0.341742 9.9982E-05 9.9982E-05 0.0356019 0.131651 0.0997273
0.0878382 0.0727637 0.119302 9.9991E-05 0.0998563 0.0483259 0.0340268 0.537787
9.9955E-05 9.9955E-05 0.285265 0.368177 9.9955E-05 9.9955E-05 9.9955E-05 0.346057
0.0421354 0.187789 9.9964E-05 9.9964E-05 9.9964E-05 9.9964E-05 0.00106786 0.768608
9.9973E-05 0.134681 0.481021 0.264184 9.9973E-05 0.024865 0.0949487 9.9973E-05
9.9964E-05 0.0504793 0.204057 9.9964E-05 0.0103673 9.9964E-05 9.9964E-05 0.734697
0.00427316 0.134469 9.9982E-05 0.0296775 0.0554324 0.0890494 9.9982E-05 0.686898
9.9991E-05 0.271362 0.199224 0.120612 0.0162391 0.0924221 0.268164 0.031877
9.9973E-05 0.573795 0.092168 9.9973E-05 0.0872024 0.0234075 0.223127 9.9973E-05
0.0675991 0.127451 0.591972 0.049049 9.9991E-05 0.0268548 0.122378 0.0145961
0.0150732 0.0933146 9.9982E-05 0.18071 0.0507312 0.0150867 9.9982E-05 0.644884
9.9973E-05 0.296635 0.552197 0.0260934 0.0867284 0.0380461 9.9973E-05 9.9973E-05
9.9973E-05 0.148348 9.9973E-05 0.36013 0.0780149 0.045237 9.9973E-05 0.367971
0.0126862 0.352979 0.356278 9.9982E-05 9.9982E-05 0.15766 0.111804 0.00839254
9.9964E-05 0.089226 9.9964E-05 9.9964E-05 9.9964E-05 0.0240805 0.14404 0.742254
0.00806255 0.185522 0.341207 0.293088 0.0337493 0.0184373 0.0297305 0.0902035
9.9973E-05 0.508839 0.342272 0.0831378 0.063282 0.0021696 9.9973E-05 9.9973E-05
9.9955E-05 0.366575 0.500162 0.132764 9.9955E-05 9.9955E-05 9.9955E-05 9.9955E-05
9.9973E-05 0.18891 0.340447 0.288528 9.9973E-05 0.086816 0.0949998 9.9973E-05
0.00528415 0.127418 0.100882 9.9973E-05 0.0398309 9.9973E-05 9.9973E-05 0.726285
9.9991E-05 0.313278 0.163038 0.142065 0.117587 0.0277696 0.0491264 0.187037
0.043923 0.263976 9.9991E-05 0.315522 0.0266199 0.0192913 0.05717 0.273398
0.0171195 0.488087 0.209242 9.9982E-05 0.080889 0.11968 0.0847822 9.9982E-05
9.9973E-05 0.0586308 9.9973E-05 0.208016 9.9973E-05 0.021008 0.0656848 0.64636
0.176878 0.0466985 0.371508 0.23229 9.9991E-05 0.0211752 0.0755367 0.0758133
9.9982E-05 0.246911 9.9982E-05 0.233841 0.0266804 0.0196169 0.180782 0.291968
0.0586004 0.2184 0.500744 0.100079 9.9982E-05 0.043467 0.0785096 9.9982E-05
9.9991E-05 0.185381 0.10956 0.366706 0.102603 0.0508999 0.0703591 0.114392
9.9973E-05 9.9973E-05 0.193433 0.248815 0.00211595 9.9973E-05 0.0667414 0.488595
0.0652086 0.240903 0.474692 0.0100161 0.00900678 0.129409 0.0706649 9.9991E-05
9.9982E-05 0.200013 0.35585 0.190505 0.0783788 0.0586768 0.116376 9.9982E-05
0.0319977 0.0859133 0.550487 0.217844 0.0676903 9.9982E-05 0.045868 9.9982E-05
0.0758783 0.204328 0.536481 0.0889544 0.000454959 9.9991E-05 0.0755753 0.0182274
9.9982E-05 0.132192 9.9982E-05 0.293589 0.0669519 0.0529503 0.102411 0.351705
0.0609627 0.385397 0.17882 0.178203 0.0335533 0.0241829 0.138781 9.9991E-05
9.9982E-05 0.416196 0.359695 0.00965416 0.019863 0.000252588 0.194139 9.9982E-05
0.000412756 0.445894 0.336122 0.0931875 9.9982E-05 9.9982E-05 0.114357 0.00982704
9.9982E-05 0.21146 9.9982E-05 0.119337 0.151491 0.0201443 0.110549 0.386819
9.9991E-05 0.191205 0.187983 0.178361 0.0269008 0.120417 0.0586764 0.236357
9.9982E-05 0.346736 0.437064 0.0767515 0.0150836 9.9982E-05 0.120553 0.00361212
0.0883246 0.0690447 0.107225 0.352726 0.0169198 0.212109 0.0500273 0.103624
9.9991E-05 0.08652 0.149861 0.314132 0.0640829 0.0147358 0.20671 0.163859
9.9982E-05 0.242163 0.163587 0.438721 0.0422435 0.0270358 0.0860503 9.9982E-05
9.9991E-05 0.241825 0.0340921 0.173685 0.0678151 0.10326 0.0788838 0.300339
0.0707692 0.466068 9.9973E-05 0.220775 9.9973E-05 0.206482 9.9973E-05 0.0356056
9.9982E-05 0.458988 9.9982E-05 0.103386 0.0494879 0.00232461 0.0189804 0.366633
9.9964E-05 0.321697 0.383621 9.9964E-05 0.183644 9.9964E-05 0.110639 9.9964E-05
0.0142037 0.285046 0.556339 0.0759259 0.00788704 0.00762606 0.0528726 9.9991E-05
0.031117 0.459488 0.318787 0.0946325 9.9982E-05 0.0540607 0.0417155 9.9982E-05
9.9973E-05 0.305178 0.592729 9.9973E-05 0.0270702 0.023662 0.0510613 9.9973E-05
9.9982E-05 0.266479 0.309904 0.0490083 0.131526 0.125352 0.117529 9.9982E-05
0.0839528 0.352465 0.332383 0.16587 9.9973E-05 9.9973E-05 0.0650287 9.9973E-05
9.9982E-05 0.344058 0.0881645 0.242291 9.9982E-05 0.026795 0.0845918 0.213899
0.00401865 0.395782 0.0091373 0.554693 0.0215344 0.0146345 9.9982E-05 9.9982E-05
0.00616118 0.560914 0.407101 9.9973E-05 9.9973E-05 0.0189947 0.00652935 9.9973E-05
9.9982E-05 0.405592 0.282371 0.0507184 0.108968 9.9982E-05 0.131145 0.0210053
0.00881202 0.315474 0.230912 0.23816 0.00344014 0.0283267 0.10277 0.0721058
0.0389883 0.128615 9.9991E-05 0.377752 0.0407497 0.0631598 0.0964445 0.254191
0.0408567 9.9982E-05 0.54164 0.147643 0.0408287 0.136901 0.0919301 9.9982E-05
9.9982E-05 0.341881 0.375253 0.146743 0.0741837 0.00881486 0.0529248 9.9982E-05
9.9964E-05 0.141357 9.9964E-05 0.0522594 9.9964E-05 9.9964E-05 0.058586 0.747398
9.9982E-05 0.00660484 0.309081 0.0115214 9.9982E-05 0.00265601 0.00455765 0.665379
9.9964E-05 0.625319 9.9964E-05 9.9964E-05 0.0039748 0.208576 0.16173 9.9964E-05
0.346079 0.287617 0.276628 9.9982E-05 0.0533587 0.026904 9.9982E-05 0.00921249
0.358089 0.230857 9.9982E-05 0.0521164 0.227954 9.9982E-05 0.10314 0.0276443
0.30973 0.175426 0.247473 0.0254893 0.104153 0.0193997 0.0918165 0.0265132
0.0811164 0.18963 0.534465 0.153253 0.014763 9.9982E-05 0.0265725 9.9982E-05
0.457627 9.9982E-05 0.401564 0.00983823 0.0629045 0.00912661 0.0587397 9.9982E-05
0.404511 0.133509 0.271598 0.00180999 0.11258 9.9991E-05 0.0330655 0.0428275
0.341152 0.202656 9.9982E-05 0.183762 0.101997 0.0510422 0.119192 9.9982E-05
0.33619 9.9991E-05 0.257141 0.0531473 0.0721515 0.0265172 0.227238 0.0275147
0.331966 0.248941 0.0632693 0.0848943 0.111326 9.9982E-05 0.159404 9.9982E-05
0.292319 0.131398 0.337492 0.0501929 0.123191 0.0508408 9.9991E-05 0.0144663
0.147591 0.317382 0.0936212 0.0556804 0.17392 0.09597 0.115735 9.9991E-05
0.426928 0.24838 0.0764476 0.0271777 0.156314 9.9991E-05 0.0380475 0.0266051
0.0760437 0.214178 0.287862 0.110907 0.0233915 0.00843034 0.279087 9.9991E-05
0.178623 9.9982E-05 0.322296 0.102364 0.0477957 0.0214951 0.327226 9.9982E-05
0.32846 9.9982E-05 0.427623 9.9982E-05 0.0734908 0.0098408 0.145151 0.0152352
0.365288 0.209495 9.9982E-05 0.00424358 0.17892 9.9982E-05 0.203431 0.0384233
0.219333 0.169958 0.311985 0.0370893 0.104752 9.9991E-05 0.127922 0.0288599
0.215396 0.12979 0.178139 0.233413 0.117788 9.9982E-05 0.125273 9.9982E-05
9.9964E-05 0.0533586 9.9964E-05 9.9964E-05 0.166261 0.1072 9.9964E-05 0.67278
0.181013 0.13246 0.251617 0.0453238 0.155023 0.0466219 0.158678 0.0292629
0.208481 0.158704 0.277326 9.9991E-05 0.123641 0.0735482 0.15621 0.0019905
0.0760762 0.396978 0.314106 9.9973E-05 0.101723 9.9973E-05 9.9973E-05 0.110817
0.463148 0.0250547 0.193504 0.0133915 0.206478 9.9991E-05 0.0873992 0.0109253
0.412901 0.0306186 9.9982E-05 0.107445 0.201861 0.20612 0.0408549 9.9982E-05
0.125607 0.314562 0.0941399 0.307038 0.0437491 0.114705 9.9982E-05 9.9982E-05
0.375393 0.1036 0.287452 9.9982E-05 0.121201 9.9982E-05 0.0817853 0.0303678
0.183606 0.296795 9.9973E-05 0.177999 0.0733049 9.9973E-05 0.267995 9.9973E-05
0.195383 0.000479761 0.309282 0.0649028 0.124784 0.0566394 0.21853 0.0299996
0.341008 0.136817 0.0109734 0.0545102 0.17075 9.9991E-05 0.274332 0.0115098
0.330736 0.157373 9.9982E-05 9.9982E-05 0.117098 0.102365 0.258306 0.0339211
0.428682 9.9982E-05 0.103261 0.0211627 0.0147178 0.012217 0.41976 9.9982E-05
9.994E-05 9.994E-05 9.994E-05 9.994E-05 0.9993 9.994E-05 9.994E-05 9.994E-05
0.326548 0.177891 9.9991E-05 0.0298587 0.107583 0.038858 0.292117 0.0270443
0.297948 0.28511 9.9964E-05 9.9964E-05 0.045683 9.9964E-05 0.370859 9.9964E-05
0.479052 0.307574 9.9982E-05 9.9982E-05 0.0716813 0.0101784 0.011183 0.120131
0.369954 0.125699 0.0984417 0.0597022 0.0752249 0.0783082 0.19257 9.9991E-05
0.494781 0.0906736 9.9991E-05 0.0631394 0.0182974 0.104802 0.148945 0.0792612
9.9964E-05 0.172119 0.302625 9.9964E-05 9.9964E-05 0.0790079 0.445848 9.9964E-05
0.48691 0.182356 0.14815 9.9973E-05 0.0843989 9.9973E-05 0.0978856 9.9973E-05
0.24626 0.311286 0.0725502 9.9973E-05 0.149812 9.9973E-05 0.219791 9.9973E-05
0.300818 0.145904 0.165873 0.285813 0.101135 9.9982E-05 0.000256739 9.9982E-05
0.370721 0.174492 0.0410623 0.222957 9.9982E-05 0.00314247 0.187425 9.9982E-05
9.994E-05 9.994E-05 9.994E-05 9.994E-05 0.9993 9.994E-05 9.994E-05 9.994E-05
0.0128504 0.168608 0.331567 0.228509 0.0741742 0.0366433 0.147548 9.9991E-05
0.341837 9.9964E-05 0.342464 9.9964E-05 0.144104 9.9964E-05 0.171195 9.9964E-05
0.000734493 0.352026 0.0393891 0.219271 0.100275 0.00592313 0.0323972 0.249984
9.9964E-05 9.9964E-05 0.458961 0.244961 9.9964E-05 0.013905 0.281772 9.9964E-05
0.167054 0.478023 0.0771325 0.244927 9.9982E-05 0.00671716 0.0259461 9.9982E-05
0.468136 0.19747 0.181124 9.9982E-05 0.0727437 9.9982E-05 0.0541385 0.0261877
0.335356 0.0140515 0.221909 0.18252 0.0119854 0.0223366 0.211741 9.9991E-05
0.507703 0.245075 0.0570336 9.9982E-05 0.034835 9.9982E-05 0.136479 0.0186747
0.367905 0.202936 0.13522 0.118666 0.111385 0.0636892 9.9982E-05 9.9982E-05
0.367845 0.294351 0.0487726 0.0915534 0.0241011 0.0311028 0.113153 0.0291216
0.411713 0.0467151 0.285467 0.00615069 9.9982E-05 9.9982E-05 0.202137 0.047617
0.441978 0.21609 0.204946 0.109973 0.000386903 9.9982E-05 0.0264259 9.9982E-05
0.41543 0.0211075 0.15431 0.080811 0.275792 9.9982E-05 0.0523498 9.9982E-05
0.236573 0.283354 0.16313 9.9973E-05 0.2017 9.9973E-05 0.114944 9.9973E-05
9.994E-05 9.994E-05 9.994E-05 9.994E-05 9.994E-05 9.994E-05 0.9993 9.994E-05
0.422956 0.0930359 0.118758 0.00443785 0.113168 9.9982E-05 0.247444 9.9982E-05
0.392714 0.133717 0.222068 9.9982E-05 0.052212 9.9982E-05 0.195902 0.00318637
0.422444 9.9991E-05 0.243516 0.0518166 0.107881 0.0235096 0.11943 0.0313019
0.51706 0.0645006 0.224277 0.117165 0.0225108 0.0156072 0.038779 9.9991E-05
0.119725 0.203018 0.385252 0.123805 0.040249 0.0836102 0.0442408 9.9991E-05
0.309764 0.0447804 0.163602 9.9973E-05 0.123854 9.9973E-05 0.3577 9.9973E-05
0.0252861 0.448102 0.0157277 0.128019 0.0323844 0.0433681 0.105365 0.201747
0.336496 0.163785 0.122156 0.0327275 0.111683 0.0565441 0.176508 9.9991E-05
0.394928 0.249618 9.9982E-05 9.9982E-05 0.0696262 0.0664182 0.158774 0.0604363
9.9991E-05 0.125087 0.182603 0.255664 0.0558659 0.0496075 0.24142 0.0896537
0.277172 0.0282833 0.2206 0.073629 0.114407 9.9991E-05 0.256556 0.0292526
0.346849 0.0298834 0.14969 0.253931 0.0778964 9.9982E-05 0.141551 9.9982E-05
9.994E-05 9.994E-05 9.994E-05 9.994E-05 9.994E-05 9.994E-05 0.9993 9.994E-05
0.344982 0.244047 9.9973E-05 9.9973E-05 0.0336331 0.0618949 0.315142 9.9973E-05
0.286505 0.223839 0.229999 0.032389 0.131999 0.0769485 9.9991E-05 0.018221
0.448042 0.331923 0.0473243 9.9973E-05 0.100167 9.9973E-05 0.0722437 9.9973E-05
0.475358 0.126865 0.112326 0.170767 0.111894 9.9982E-05 0.00259124 9.9982E-05
0.338298 9.9982E-05 0.426146 9.9982E-05 0.0685957 0.0722853 0.0643968 0.0300781
0.142624 0.191186 0.385401 0.174442 0.0922504 0.013896 9.9982E-05 9.9982E-05
0.277238 0.0817771 0.0626127 0.209579 0.128771 0.0683778 0.171545 9.9991E-05
0.263068 0.447315 9.9973E-05 0.0514021 0.0803563 9.9973E-05 0.157559 9.9973E-05
0.076726 9.9955E-05 9.9955E-05 0.166746 9.9955E-05 9.9955E-05 9.9955E-05 0.756028
0.288006 0.275747 0.0424931 9.9973E-05 0.0177575 9.9973E-05 0.375696 9.9973E-05
0.0589981 0.436208 0.201674 0.0670643 0.0336111 0.0109131 0.058926 0.132606
0.541128 0.150922 9.9982E-05 0.101203 0.150622 0.0468707 0.00905367 9.9982E-05
0.251895 0.156337 0.159506 0.0358309 0.0321808 0.0872956 0.262248 0.0147071
0.166528 0.209434 0.411048 9.9964E-05 9.9964E-05 9.9964E-05 0.21259 9.9964E-05
0.0550379 0.141414 0.594045 9.9973E-05 0.0432022 9.9973E-05 0.166001 9.9973E-05
0.194046 9.9973E-05 0.338641 0.196563 0.166293 9.9973E-05 0.104156 9.9973E-05
0.324328 0.206685 0.134509 0.116662 0.0784933 9.9982E-05 0.139124 9.9982E-05
0.304348 0.0490495 0.145426 0.210878 0.129137 0.0181513 0.142911 9.9991E-05
0.232783 9.9982E-05 0.290299 9.9982E-05 0.153956 0.0183354 0.270278 0.0341477
0.0299499 0.36264 0.228082 0.0814306 0.118885 0.0845625 0.067463 0.0269873
0.346159 9.9982E-05 0.328694 0.126729 0.0756416 0.0617174 0.0608587 9.9982E-05
0.362143 0.466205 9.9964E-05 9.9964E-05 0.138385 9.9964E-05 0.0328667 9.9964E-05
0.422947 0.321929 0.0188719 0.0925679 0.063008 9.9982E-05 0.0804768 9.9982E-05
0.056059 0.368123 0.330135 0.143825 9.9991E-05 0.0417994 0.039119 0.0208399
0.32308 0.119028 0.0610993 0.10204 0.151747 0.0404896 0.202417 9.9991E-05
0.363297 0.232214 9.9982E-05 0.046867 0.16637 0.0410124 0.150041 9.9982E-05
0.205443 9.9973E-05 0.480496 9.9973E-05 0.178796 0.0198865 0.115079 9.9973E-05
0.247135 0.158192 0.239654 0.00051641 0.00596654 0.0508182 0.297618 9.9991E-05
9.9964E-05 0.454182 9.9964E-05 0.242341 9.9964E-05 0.215875 0.087202 9.9964E-05
0.0366576 0.0357642 9.9973E-05 0.0921089 9.9973E-05 9.9973E-05 0.000513899 0.834656
0.31828 0.0211473 0.117058 0.158622 0.07182 9.9982E-05 0.312873 9.9982E-05
0.265603 0.204285 0.380767 9.9973E-05 0.0737549 9.9973E-05 0.0752903 9.9973E-05
0.182911 0.0408488 0.37071 0.0695439 0.053518 0.0257202 0.256647 9.9991E-05
0.338708 0.127239 0.122319 9.9991E-05 0.10335 0.112966 0.145146 0.0501721
0.433988 0.03147 0.100631 0.0198994 0.115003 0.0346896 0.221068 0.0432513
0.304465 0.0536534 0.287409 0.082115 0.163114 9.9982E-05 0.109044 9.9982E-05
0.430667 0.00907675 0.0818783 0.027122 0.129633 0.00267179 0.292366 0.0265854
0.375485 9.9982E-05 0.27995 9.9982E-05 0.123631 0.004469 0.179432 0.0368335
0.406556 0.204891 0.0384905 0.10477 0.0678378 9.9991E-05 0.176657 0.000697003
0.0999866 0.0259427 0.227666 0.111008 0.126424 0.0292559 0.379617 9.9991E-05
0.117813 0.238554 0.356589 0.0751303 9.9982E-05 0.0479705 0.163742 9.9982E-05
0.365032 0.0287847 0.119225 0.0691743 0.0782194 0.0434931 0.295971 9.9991E-05
0.252114 0.0535868 0.284816 0.0298517 0.1315 0.0643619 0.18367 9.9991E-05
9.9955E-05 9.9955E-05 0.789449 9.9955E-05 9.9955E-05 0.0927143 0.117337 9.9955E-05
0.386364 0.0220385 0.209149 0.0704316 0.187974 0.107345 0.0165983 9.9991E-05
9.9982E-05 0.196737 0.311506 0.253676 0.00993634 0.132392 0.0955546 9.9982E-05
0.303421 9.9991E-05 0.383098 0.0440561 0.0959505 0.101409 0.0303405 0.0416252
0.404283 0.107323 0.238825 0.0466933 9.9973E-05 9.9973E-05 0.202577 9.9973E-05
0.0171849 0.367023 0.137626 0.0798263 0.0320645 0.0743072 0.291868 9.9991E-05
0.478344 0.0540477 0.223765 0.136829 0.0372218 0.0695934 9.9982E-05 9.9982E-05
0.31064 0.0469889 0.283141 0.212853 9.9982E-05 0.145338 9.9982E-05 0.000839613
0.0749712 9.9964E-05 0.0510405 9.9964E-05 9.9964E-05 0.0248028 0.848786 9.9964E-05
9.9946E-05 9.9946E-05 9.9946E-05 9.9946E-05 9.9946E-05 9.9946E-05 0.578854 0.420546
0.394377 0.0733784 0.200515 9.9991E-05 0.0355471 0.015783 0.253332 0.0269681
0.320934 9.9973E-05 0.307424 0.127715 0.070362 9.9973E-05 0.173265 9.9973E-05
0.40611 0.0271195 0.00685181 0.291053 0.0460586 0.0277811 0.194926 9.9991E-05
0.402267 0.119386 0.219362 0.0212602 0.0250521 0.0799358 0.127564 0.00517326
0.294392 0.129259 0.182068 9.9973E-05 0.129546 9.9973E-05 0.264435 9.9973E-05
0.431417 9.9973E-05 0.229813 9.9973E-05 0.197647 0.0676738 0.0731499 9.9973E-05
0.240845 9.9982E-05 0.297536 0.046718 0.077624 0.13173 0.205348 9.9982E-05
9.9982E-05 0.483669 0.3882 0.0063951 0.0659329 0.0542535 9.9982E-05 0.00134973
0.167238 0.300835 9.9982E-05 0.105378 0.136699 0.0112097 0.27844 9.9982E-05
0.446238 0.17637 0.124542 9.9982E-05 0.0572944 0.0969456 0.0984096 9.9982E-05
0.377131 0.0351144 0.0289427 0.128288 0.189009 9.9982E-05 0.241315 9.9982E-05
0.403301 0.081842 0.126641 0.100777 0.169532 0.0510818 0.0466409 0.020185
0.354074 0.157347 0.194035 0.0930112 9.9973E-05 9.9973E-05 0.201232 9.9973E-05
0.220223 0.232875 0.30364 9.9982E-05 0.175839 9.9982E-05 0.0425499 0.0246736
0.0955814 0.404554 0.254518 9.9982E-05 0.0813177 0.0152042 0.148624 9.9982E-05
0.246131 9.9982E-05 0.198368 0.252282 0.139455 0.0979831 0.0655818 9.9982E-05
0.290881 0.218963 0.0561152 0.192805 0.0949666 9.9982E-05 0.146069 9.9982E-05
0.372596 0.133881 9.9982E-05 0.140276 0.154931 0.185361 0.0127546 9.9982E-05
9.9991E-05 0.455468 0.215016 0.152938 0.0290881 0.0498941 0.0838996 0.013596
