9.9973E-05 9.9973E-05 0.0906477 0.440218 0.307451 0.100817 0.0605664 9.9973E-05
0.0987122 0.043218 0.246078 0.469833 9.9982E-05 0.139979 9.9982E-05 0.0019797
9.9982E-05 0.0537753 0.323022 0.549318 0.0266406 9.9982E-05 0.0128083 0.0342352
0.0792078 0.173843 0.102377 0.545413 0.0394769 0.0594826 9.9982E-05 9.9982E-05
0.0119439 0.0655243 0.0271417 0.738496 9.9991E-05 0.0896477 0.0308341 0.0363121
9.9955E-05 0.822988 0.0432759 9.9955E-05 0.133237 9.9955E-05 9.9955E-05 9.9955E-05
0.0361088 9.9982E-05 0.0943308 0.549604 0.162435 9.9982E-05 0.0623927 0.0949284
9.9973E-05 0.817581 0.0664517 9.9973E-05 0.010437 0.0761343 9.9973E-05 0.0290962
9.9973E-05 9.9973E-05 0.0643941 0.491728 0.321873 0.0556445 9.9973E-05 0.0660609
0.15407 9.9964E-05 0.0763566 0.382054 0.38712 9.9964E-05 9.9964E-05 9.9964E-05
0.038036 9.9982E-05 0.0136135 0.461591 0.438355 0.0173815 9.9982E-05 0.0308222
0.0886088 0.216238 0.0558501 0.215953 0.288096 0.0760098 9.9991E-05 0.0591446
0.014871 9.9973E-05 0.0714842 0.44245 0.31023 9.9973E-05 9.9973E-05 0.160664
0.0503454 0.0744667 0.232337 0.448758 0.164328 9.9982E-05 0.029565 9.9982E-05
0.114594 0.53761 0.16446 9.9982E-05 0.15016 0.00648391 9.9982E-05 0.0264925
0.0256499 0.00432708 0.182838 0.277606 0.370562 9.9982E-05 9.9982E-05 0.138816
9.9973E-05 0.175346 0.0874203 0.273494 0.395263 0.0681772 9.9973E-05 9.9973E-05
0.136097 9.9973E-05 9.9973E-05 0.736305 9.9973E-05 0.0750109 0.0122292 0.0400582
0.117279 0.00721712 0.091369 0.478583 0.169936 0.0746817 9.9991E-05 0.0608338
0.00447424 9.9964E-05 0.238303 0.673166 9.9964E-05 0.083657 9.9964E-05 9.9964E-05
0.0934853 9.9964E-05 9.9964E-05 0.684327 0.150678 9.9964E-05 9.9964E-05 0.0711093
0.0027698 0.0332366 0.170505 0.492869 0.116008 0.12318 9.9991E-05 0.061332
9.9964E-05 9.9964E-05 0.208 0.52767 0.210012 0.053918 9.9964E-05 9.9964E-05
9.9973E-05 0.582244 0.316824 9.9973E-05 0.0878048 0.00524421 9.9973E-05 0.00758257
0.0441323 9.9982E-05 0.0165141 0.450159 0.265601 0.14546 9.9982E-05 0.0779332
0.188803 0.619269 0.00129885 0.101442 9.9982E-05 0.0757729 9.9982E-05 0.0132143
9.999E-05 0.468894 0.125531 0.237113 0.000313238 0.03716 0.0718168 0.0590728
0.00594904 0.309068 9.9973E-05 0.538417 0.104951 9.9973E-05 9.9973E-05 0.0413156
0.00375014 0.637666 0.0759507 9.9982E-05 0.218386 0.0194076 9.9982E-05 0.0446397
0.0618913 0.203623 9.9964E-05 0.722643 0.0114427 9.9964E-05 9.9964E-05 9.9964E-05
9.9982E-05 0.443502 0.15582 0.241598 9.9982E-05 0.0400885 0.0454546 0.0733376
9.9982E-05 9.9982E-05 0.131783 0.562793 0.166217 0.062236 0.035443 0.0413275
9.9973E-05 0.187203 0.208058 0.214706 0.319969 9.9973E-05 9.9973E-05 0.069764
0.0302438 0.857571 9.9964E-05 0.0934885 9.9964E-05 9.9964E-05 9.9964E-05 0.0182972
9.9964E-05 0.817155 0.0416386 9.9964E-05 9.9964E-05 9.9964E-05 0.0826646 0.0581417
0.0544502 0.119647 0.0186277 0.652664 0.0721365 0.0139213 0.0280766 0.0404768
0.158319 0.111948 0.134776 0.522122 9.9973E-05 9.9973E-05 9.9973E-05 0.0725349
0.125668 9.9982E-05 0.157268 0.427655 0.170354 9.9982E-05 0.0467452 0.0721095
0.067168 0.79193 9.9973E-05 0.0679393 0.023785 0.048878 9.9973E-05 9.9973E-05
9.9973E-05 0.414903 0.0968829 0.132643 0.215723 0.139548 9.9973E-05 9.9973E-05
0.084187 0.191766 0.186272 0.218227 0.205625 9.9982E-05 9.9982E-05 0.113724
9.9964E-05 9.9964E-05 0.144525 0.424298 0.384489 9.9964E-05 9.9964E-05 0.0462881
9.9973E-05 0.187761 0.0703863 0.656158 9.9973E-05 0.0227936 9.9973E-05 0.0626012
0.109971 0.555594 0.0341368 0.110529 0.0319733 0.0556846 9.9991E-05 0.102012
0.16729 9.9973E-05 0.0227675 0.285316 0.51774 9.9973E-05 0.00658652 9.9973E-05
0.206227 9.9982E-05 0.101597 0.230609 0.331083 0.0665677 9.9982E-05 0.0637162
9.999E-05 0.0525536 0.209738 0.50406 0.0246889 0.116248 0.0216594 0.0709527
0.122471 0.0397612 0.107277 0.231995 0.455862 0.0424329 9.9982E-05 9.9982E-05
0.0897897 9.9973E-05 0.132586 0.292384 0.415964 9.9973E-05 9.9973E-05 0.0689758
9.9982E-05 0.40318 0.0744257 0.0237172 0.323651 0.12726 9.9982E-05 0.0475657
9.9973E-05 9.9973E-05 0.102711 0.41564 0.423426 0.0137238 0.0441998 9.9973E-05
0.00333736 0.388972 0.108067 0.175676 0.213348 0.0438973 0.0666021 9.9991E-05
0.168097 9.9973E-05 9.9973E-05 0.200787 0.523499 0.0713835 9.9973E-05 0.0359335
0.066014 0.89863 9.9955E-05 9.9955E-05 9.9955E-05 9.9955E-05 9.9955E-05 0.0348567
0.0329412 0.336849 0.0790283 0.095705 0.33937 9.9982E-05 9.9982E-05 0.115906
9.9973E-05 9.9973E-05 0.0311009 0.665179 0.142027 0.101568 9.9973E-05 0.0598244
9.9982E-05 9.9982E-05 0.00777061 0.553965 0.416003 0.0184051 0.00333369 0.000321869
0.0270694 0.161218 0.203768 0.508775 9.9982E-05 0.0263248 9.9982E-05 0.0726453
9.9982E-05 0.314613 0.240049 0.206934 0.158846 9.9982E-05 0.0154512 0.063908
9.9973E-05 0.327017 9.9973E-05 0.53204 0.0807696 0.0419048 9.9973E-05 0.017969
9.9973E-05 0.744978 0.0486996 9.9973E-05 0.0856289 9.9973E-05 0.0280614 0.0923323
0.00785614 0.787179 0.204465 9.9955E-05 9.9955E-05 9.9955E-05 9.9955E-05 9.9955E-05
9.9982E-05 0.0296246 0.079353 0.597752 0.144105 9.9982E-05 0.0368645 0.112101
9.9955E-05 0.78137 0.194527 9.9955E-05 9.9955E-05 9.9955E-05 9.9955E-05 0.023603
0.00442226 9.9982E-05 0.0325628 0.356053 0.469497 0.0938567 9.9982E-05 0.0434083
0.207609 0.750319 9.9955E-05 9.9955E-05 9.9955E-05 9.9955E-05 9.9955E-05 0.0415723
0.0191097 9.9982E-05 0.13743 0.594259 0.108923 0.0112734 9.9982E-05 0.128804
0.054721 0.190983 0.104464 0.204918 0.314502 0.130212 9.9982E-05 9.9982E-05
0.00984924 9.9982E-05 0.179962 0.270053 0.426726 0.0256985 9.9982E-05 0.0875108
9.9955E-05 0.708271 9.9955E-05 9.9955E-05 0.275444 9.9955E-05 9.9955E-05 0.0157846
0.0131159 9.9991E-05 0.384662 0.240261 0.11171 0.172855 0.030571 0.046725
9.9982E-05 0.0492072 0.106522 0.546933 0.0576365 0.170509 9.9982E-05 0.0689924
9.9991E-05 0.281211 0.0995731 0.370253 0.070578 0.00368401 0.122778 0.0518222
0.0131251 9.9982E-05 0.16537 0.452862 0.279562 0.0807417 9.9982E-05 0.00813992
0.11639 0.0627216 0.0630086 0.405083 0.171328 0.0778215 0.0332658 0.070381
9.9991E-05 0.390353 0.037533 0.381143 0.0466141 0.00681603 0.0313865 0.106054
0.138383 0.00122953 0.130187 0.55993 0.137309 9.9982E-05 9.9982E-05 0.032762
0.092129 0.0952905 0.178133 0.216791 0.336711 0.0577407 9.9991E-05 0.0231051
9.9973E-05 0.111245 0.176572 0.17494 0.49936 0.0375831 9.9973E-05 9.9973E-05
0.0365804 0.0189 0.0669987 0.638523 0.0679038 0.0804161 9.9991E-05 0.0905777
9.9964E-05 9.9964E-05 0.291181 0.4123 0.0497005 0.246419 9.9964E-05 9.9964E-05
0.0571429 9.9982E-05 0.136385 0.413464 0.206304 9.9982E-05 0.0321976 0.154307
0.0939626 0.0169138 0.0851948 0.4213 0.251774 0.0666384 9.9991E-05 0.0641156
0.0684371 0.00123629 0.201375 0.588556 0.0532086 0.0869868 9.9982E-05 9.9982E-05
0.0258647 9.9973E-05 0.0618165 0.561867 0.310925 0.039227 9.9973E-05 9.9973E-05
0.0295941 0.003935 0.273488 0.093013 0.388897 0.0700604 9.9991E-05 0.140913
0.0405181 0.296671 0.134014 0.247591 0.193121 0.0789497 9.9991E-05 0.00903485
9.9973E-05 0.257558 0.126686 0.396372 0.21758 9.9973E-05 0.00150312 9.9973E-05
9.99551E-05 0.802297 0.0206772 9.99551E-05 9.99551E-05 9.99551E-05 9.99551E-05 0.176526
0.0466285 0.271759 0.124806 0.160893 0.348281 0.0474332 9.9982E-05 9.9982E-05
0.0623402 9.9982E-05 0.210918 0.0328604 0.623429 0.0392374 9.9982E-05 0.0310149
0.00400282 0.548536 0.0081494 0.093171 0.226831 0.0377753 9.9991E-05 0.0814339
0.0342574 9.9982E-05 0.117028 0.483104 0.247353 0.077031 9.9982E-05 0.0410264
9.9973E-05 0.293384 0.0203132 0.614535 0.0710905 9.9973E-05 9.9973E-05 0.00037764
0.0503984 0.454811 0.179475 0.127508 0.187509 9.9973E-05 9.9973E-05 9.9973E-05
9.9964E-05 0.870312 0.0104381 9.9964E-05 9.9964E-05 0.108504 9.9964E-05 0.0103458
0.140753 0.0988802 0.0291661 0.485148 0.151464 0.0475102 9.9991E-05 0.046979
9.9982E-05 0.00497325 0.27018 0.287599 0.28706 9.9982E-05 0.0515818 0.0984058
0.0597723 0.0191115 0.197675 0.423609 0.161823 0.123963 9.9991E-05 0.0139466
0.110139 0.256782 0.0350157 0.46484 0.105364 0.0001712 9.9991E-05 0.0275882
0.0274159 0.406045 0.299618 9.9982E-05 0.0659372 0.0395036 9.9982E-05 0.16128
0.0456665 0.0702716 0.0842011 0.678774 9.9973E-05 0.120787 9.9973E-05 9.9973E-05
9.9973E-05 9.9973E-05 0.166355 0.554514 0.0849673 9.9973E-05 0.103359 0.0905051
0.0860579 9.9973E-05 0.0768219 0.496111 0.122633 0.218077 9.9973E-05 9.9973E-05
0.0156362 9.9982E-05 0.147475 0.38101 0.357172 9.9982E-05 0.048147 0.0503606
0.0861052 0.685486 0.109094 9.9973E-05 0.0768294 9.9973E-05 9.9973E-05 0.042186
9.9982E-05 0.56062 0.189076 0.0797309 0.00983243 0.100219 0.0603219 9.9982E-05
0.0127164 0.012968 0.177786 0.645097 0.115376 0.0358563 9.9982E-05 9.9982E-05
9.9973E-05 0.00519578 0.139498 0.419907 0.309 9.9973E-05 9.9973E-05 0.126099
9.9973E-05 9.9973E-05 0.114121 0.638344 0.146993 0.0254373 9.9973E-05 0.0748047
0.0434677 0.475141 9.9973E-05 0.0805296 0.373332 9.9973E-05 9.9973E-05 0.0272299
9.9946E-05 0.924191 0.0752096 9.9946E-05 9.9946E-05 9.9946E-05 9.9946E-05 9.9946E-05
9.9964E-05 0.412896 0.187426 0.38524 9.9964E-05 9.9964E-05 9.9964E-05 0.0140377
0.145464 9.9982E-05 0.014752 0.673515 0.12938 0.0335626 9.9982E-05 0.00312505
0.045505 0.05617 0.156137 0.587074 9.9982E-05 0.102525 9.9982E-05 0.0523894
0.186961 0.0133627 0.0299311 0.622751 0.0491309 0.0976637 9.9982E-05 9.9982E-05
0.0657003 9.9982E-05 0.138803 0.545015 0.174257 0.0513208 9.9982E-05 0.024704
9.9946E-05 0.911581 9.9946E-05 9.9946E-05 9.9946E-05 9.9946E-05 9.9946E-05 0.0878189
0.133374 0.0204301 9.9973E-05 0.679013 9.9973E-05 0.113742 9.9973E-05 0.0531413
0.00038616 9.9991E-05 0.190295 0.639573 0.0291122 0.108623 0.00908689 0.0228233
9.9973E-05 0.0978717 9.9973E-05 0.607821 0.0928501 0.0597569 9.9973E-05 0.1414
0.0163466 0.603923 0.0680017 0.104348 0.150306 9.9982E-05 9.9982E-05 0.0568754
9.9973E-05 9.9973E-05 0.138293 0.683878 0.140868 9.9973E-05 0.0120535 0.0246075
9.9982E-05 0.031716 0.217255 0.40011 0.238492 9.9982E-05 0.103092 0.00913567
0.195689 9.9964E-05 9.9964E-05 0.453644 0.295322 9.9964E-05 9.9964E-05 0.054946
0.131127 0.0695546 0.0332756 0.316497 0.293988 0.110257 9.9991E-05 0.0452015
0.0569588 0.599557 0.0564534 0.177972 9.9982E-05 0.0085121 9.9982E-05 0.100347
9.9973E-05 0.822678 0.087479 9.9973E-05 9.9973E-05 0.0365543 0.0252956 0.0276928
0.135938 9.9982E-05 0.225563 0.337832 0.197009 9.9982E-05 0.0336314 0.0698277
0.0512822 0.0139206 0.0783325 0.541515 0.0890006 0.197593 9.9991E-05 0.028256
0.0281685 9.9973E-05 9.9973E-05 0.462219 0.443042 0.0153441 9.9973E-05 0.0509269
0.0132363 9.9973E-05 9.9973E-05 0.118985 0.639316 0.142962 9.9973E-05 0.085202
0.128973 0.355697 9.9973E-05 0.232695 0.232322 9.9973E-05 9.9973E-05 0.050013
0.0388021 9.9991E-05 0.17318 0.2915 0.36033 0.0271368 0.0991074 0.00984348
0.112927 0.205362 0.0317585 0.551398 0.0606295 0.037725 9.9982E-05 9.9982E-05
9.994E-05 9.994E-05 0.9993 9.994E-05 9.994E-05 9.994E-05 9.994E-05 9.994E-05
0.0518996 0.562963 0.112935 0.156411 9.9982E-05 0.0162244 9.9982E-05 0.0993675
0.0261222 0.245302 0.0217758 0.458094 0.172098 9.9982E-05 9.9982E-05 0.0764086
9.994E-05 9.994E-05 0.9993 9.994E-05 9.994E-05 9.994E-05 9.994E-05 9.994E-05
9.9973E-05 0.653776 0.160635 0.0353854 9.9973E-05 0.122496 9.9973E-05 0.0274074
0.079223 0.205062 9.9973E-05 0.446393 0.214829 9.9973E-05 9.9973E-05 0.0541929
0.0401557 0.374438 0.104006 0.292074 9.9973E-05 0.189026 9.9973E-05 9.9973E-05
9.9973E-05 0.28012 9.9973E-05 0.229186 0.218876 0.0726409 9.9973E-05 0.198876
9.9991E-05 0.15491 0.330679 0.3282 0.0147705 0.0454828 0.0196097 0.106248
0.0267476 0.703828 9.9964E-05 9.9964E-05 0.192021 9.9964E-05 9.9964E-05 0.0770029
0.133891 0.24191 0.145826 0.395295 9.9982E-05 0.00199217 9.9982E-05 0.0808853
0.0770555 0.269805 0.204086 0.389071 0.0573473 0.00243458 9.9982E-05 9.9982E-05
0.104737 9.9982E-05 0.075515 0.454013 0.178044 0.0978922 9.9982E-05 0.0895988
0.122116 9.9973E-05 0.118385 0.539653 0.0374307 0.182115 9.9973E-05 9.9973E-05
9.9973E-05 9.9973E-05 0.00313672 0.305138 0.50723 0.172168 0.0120267 9.9973E-05
0.0219344 0.0191203 0.0921646 0.528449 0.228169 0.0535101 9.9991E-05 0.0565531
9.99731E-05 0.324917 9.99731E-05 0.359774 0.215288 0.0196264 0.080094 9.99731E-05
0.0498845 0.705489 9.9982E-05 0.0663772 0.0986175 0.0507851 9.9982E-05 0.0286472
0.0270933 0.416044 0.0525973 0.116369 0.218963 0.0728413 0.0418096 0.0542826
0.0620968 9.9982E-05 0.227291 0.122706 0.366029 0.115816 9.9982E-05 0.105861
0.0466394 9.9991E-05 0.273701 0.372239 0.147792 0.0132627 0.0660164 0.0802498
9.9964E-05 0.803138 0.078102 9.9964E-05 0.0769879 0.0413724 9.9964E-05 9.9964E-05
0.0306362 9.9991E-05 0.0593755 0.30368 0.373328 0.0742026 0.0937291 0.064948
0.0672231 9.9991E-05 0.123587 0.417385 0.233132 0.0756965 0.00673578 0.0761409
0.027184 0.170758 0.15049 0.451321 9.9982E-05 0.0990067 9.9982E-05 0.10104
0.00190901 9.9982E-05 0.297008 0.472347 0.0953363 0.127945 9.9982E-05 0.00525521
9.9973E-05 0.0958206 0.185463 0.0917224 0.431701 9.9973E-05 9.9973E-05 0.194993
0.194262 0.0169238 0.172999 0.0659521 0.399178 0.124984 9.9991E-05 0.0256013
0.188478 9.9982E-05 0.183557 0.20331 0.216563 0.162354 9.9982E-05 0.0455381
0.136396 9.9973E-05 0.0701932 0.632439 0.136422 9.9973E-05 9.9973E-05 0.0242497
0.0710165 9.9982E-05 0.195497 0.565489 0.103499 0.0640535 9.9982E-05 0.000245305
0.108185 0.110463 0.0447971 0.0608101 0.420352 0.12292 9.9991E-05 0.132373
0.0449363 0.515697 0.0802222 9.9973E-05 0.339221 9.9973E-05 9.9973E-05 0.0196236
0.0148377 0.27809 0.250212 0.184377 0.223107 0.0483022 9.9991E-05 0.000973837
9.9982E-05 0.017625 0.302488 0.230062 0.324687 0.0429214 0.0820159 9.9982E-05
0.102171 0.128892 0.228766 0.239704 0.176285 0.123982 9.9982E-05 9.9982E-05
9.9973E-05 0.138605 0.156147 0.40011 0.202312 0.102527 9.9973E-05 9.9973E-05
9.9955E-05 0.951936 0.0416164 9.9955E-05 9.9955E-05 0.0059479 9.9955E-05 9.9955E-05
9.9982E-05 0.0259461 0.289604 0.291615 0.297729 9.9982E-05 0.0494307 0.0454751
9.9964E-05 0.301945 0.402584 0.0904433 0.204628 9.9964E-05 9.9964E-05 9.9964E-05
0.112951 9.9991E-05 0.229605 0.104761 0.502351 0.0211645 0.0115643 0.0175033
9.9973E-05 0.240676 0.028697 0.485162 0.122954 0.122211 9.9973E-05 9.9973E-05
0.0418879 0.542019 0.00502141 9.9982E-05 0.346119 0.0220031 9.9982E-05 0.0427488
0.0218829 0.440721 0.0862477 0.344556 0.0293936 9.9982E-05 9.9982E-05 0.0769987
0.0390263 0.546553 0.0532674 0.250011 9.9973E-05 0.110842 9.9973E-05 9.9973E-05
9.9964E-05 9.9964E-05 0.0766068 0.550125 0.311037 9.9964E-05 9.9964E-05 0.0618315
0.124039 0.78239 0.0116302 9.9973E-05 0.0631765 0.0184644 9.9973E-05 9.9973E-05
0.151835 0.452795 0.0739761 0.290613 0.0291405 0.00143991 9.9982E-05 9.9982E-05
9.9964E-05 9.9964E-05 9.9964E-05 0.324014 0.388773 0.129045 9.9964E-05 0.157768
9.99461E-05 0.975418 9.99461E-05 9.99461E-05 9.99461E-05 0.0239821 9.99461E-05 9.99461E-05
9.9973E-05 0.473105 0.0505689 0.0265059 0.359874 9.9973E-05 9.9973E-05 0.089646
0.0807111 0.0388932 0.113068 0.16344 0.57285 9.9982E-05 9.9982E-05 0.0308378
9.9973E-05 0.378003 0.047355 0.252654 0.285435 9.9973E-05 9.9973E-05 0.0362532
9.9973E-05 0.118515 0.0682512 0.503031 0.242341 9.9973E-05 9.9973E-05 0.067562
9.9982E-05 9.9982E-05 0.0360196 0.562692 0.275438 0.0334655 0.0462097 0.045975
9.9973E-05 0.310973 9.9973E-05 0.481212 0.021901 0.0774073 9.9973E-05 0.108206
0.0378735 9.9973E-05 0.0438105 0.669697 0.247064 0.00125527 9.9973E-05 9.9973E-05
0.0521469 9.9973E-05 0.0982372 0.530105 0.293556 9.9973E-05 9.9973E-05 0.0256546
0.121536 0.0166213 0.149312 0.441034 0.132335 9.9991E-05 0.0889326 0.0501295
9.9982E-05 0.279575 0.116869 0.223814 0.206753 0.157212 0.015578 9.9982E-05
0.0701962 0.307277 9.9973E-05 0.565952 9.9973E-05 9.9973E-05 0.00197004 0.0543053
0.00807699 9.9982E-05 0.206958 0.516056 9.9982E-05 0.116634 0.0925084 0.059566
0.0799515 0.115523 0.11969 0.5343 0.124482 0.00198916 9.9991E-05 0.023964
0.0992851 9.9991E-05 0.223772 0.141389 0.308815 0.00876373 0.141911 0.0759642
0.0652787 9.9991E-05 0.0441025 0.406764 0.35648 0.0868461 0.00116399 0.039264
0.147838 0.311974 9.9973E-05 0.207938 0.275079 9.9973E-05 9.9973E-05 0.0568716
0.10357 9.9982E-05 0.114659 0.66733 0.0883511 0.0230587 9.9982E-05 0.00283173
0.0444614 0.00617057 0.119536 0.252028 0.549213 0.0144433 0.0140478 9.9991E-05
0.14729 9.9991E-05 0.0532338 0.308835 0.334393 0.0420928 0.109215 0.00484043
0.0132519 9.9982E-05 9.9982E-05 0.284952 0.397237 0.0639665 0.147603 0.0927895
0.129106 0.273819 0.196998 0.109983 0.163259 0.0806751 9.9991E-05 0.0460591
9.9973E-05 0.0138053 9.9973E-05 0.719961 0.118517 0.107973 0.039444 9.9973E-05
9.9973E-05 0.154533 0.308062 0.215108 0.288398 0.0335989 9.9973E-05 9.9973E-05
0.0515981 9.9982E-05 0.0955384 0.337031 0.275519 0.090716 9.9982E-05 0.149397
0.0845458 9.9982E-05 0.0590273 0.701192 0.0118505 0.0663096 0.0768748 9.9982E-05
0.0106277 9.9991E-05 0.0331713 0.528225 0.202952 0.0309826 0.109828 0.0841134
0.116065 0.395292 0.0477146 0.157325 0.146299 0.137105 9.9982E-05 9.9982E-05
0.00801043 0.411924 0.0373107 0.338872 0.0914172 9.9991E-05 0.0618668 0.0504981
0.0748058 9.9964E-05 0.0886381 0.792684 9.9964E-05 9.9964E-05 9.9964E-05 0.0434727
0.118967 9.9982E-05 0.0879621 0.592241 0.147228 0.0052333 0.0481691 9.9982E-05
9.9982E-05 9.9982E-05 0.0531114 0.606182 0.140951 0.059704 0.0179818 0.12187
0.0256286 9.9973E-05 0.0509853 0.199762 0.686136 0.0371879 9.9973E-05 9.9973E-05
9.9982E-05 0.261552 0.390759 0.158326 0.151549 0.0359164 9.9982E-05 0.00169732
0.106721 0.156404 0.351391 0.288596 9.9982E-05 0.0850183 9.9982E-05 0.0116693
0.0914689 9.9982E-05 0.123238 0.272152 0.377408 0.0499488 0.0855849 9.9982E-05
0.00323958 0.501875 0.16425 0.0888587 9.9982E-05 0.116125 9.9982E-05 0.125452
9.9973E-05 0.165801 9.9973E-05 0.496111 0.207105 9.9973E-05 0.0178003 0.112883
0.0155912 0.125598 0.305507 0.239584 0.219234 9.9982E-05 0.0942853 9.9982E-05
9.9973E-05 0.741669 0.0538637 9.9973E-05 0.160938 0.025899 9.9973E-05 0.0173301
9.9973E-05 9.9973E-05 0.0335743 0.254871 0.594414 9.9973E-05 0.0245135 0.0923278
0.0255425 0.00551535 0.228101 0.376445 0.241115 0.0395883 9.9991E-05 0.083594
9.9973E-05 0.0406529 0.162145 0.60548 0.0691268 9.9973E-05 9.9973E-05 0.122295
0.0490375 9.9982E-05 0.10374 0.587001 0.179667 0.0544107 9.9982E-05 0.0259443
9.9973E-05 9.9973E-05 0.271567 0.243313 0.256537 0.131649 0.0966349 9.9973E-05
0.00388248 9.9973E-05 0.222379 0.513821 0.218174 9.9973E-05 9.9973E-05 0.0414435
0.0818137 9.9973E-05 0.057375 0.748087 9.9973E-05 9.9973E-05 0.0118518 0.100573
0.0629756 9.9973E-05 0.142461 0.540874 0.129552 0.123837 9.9973E-05 9.9973E-05
0.0865273 0.165871 0.168844 0.172764 0.220553 0.0224568 9.9991E-05 0.162882
0.0341862 9.9982E-05 0.178774 0.586931 0.125356 0.0740153 9.9982E-05 0.000537717
0.145561 9.9973E-05 0.294124 0.431801 0.0731012 0.0551124 9.9973E-05 9.9973E-05
0.0844489 0.126806 0.243445 9.9964E-05 0.5449 9.9964E-05 9.9964E-05 9.9964E-05
0.0800368 0.000409766 0.18252 0.507225 0.10165 0.127959 9.9982E-05 9.9982E-05
0.0455218 9.9982E-05 0.125415 0.550962 0.232968 0.00257228 9.9982E-05 0.0423613
9.9982E-05 0.357766 0.0697169 0.273589 0.149639 0.0426026 9.9982E-05 0.106487
9.9982E-05 0.270288 0.122452 0.317486 0.171816 0.063886 9.9982E-05 0.0538715
9.9973E-05 0.0642825 9.9973E-05 0.584537 0.24606 0.102931 9.9973E-05 0.00188982
9.9973E-05 0.583085 0.119669 0.206364 9.9973E-05 0.0581384 9.9973E-05 0.0324444
0.160653 9.9973E-05 0.135604 0.253774 0.399717 0.0499527 9.9973E-05 9.9973E-05
0.041305 0.293178 0.147492 0.3555 0.155397 9.9982E-05 9.9982E-05 0.00692731
9.9982E-05 0.0718802 0.0244007 0.669081 9.9982E-05 0.089709 0.140213 0.00451695
9.9964E-05 0.129898 0.2453 9.9964E-05 0.513448 0.110954 9.9964E-05 9.9964E-05
9.9982E-05 0.364461 0.0798455 0.197563 0.281171 0.0150782 0.0616813 9.9982E-05
0.0477585 0.448927 0.254156 0.112943 9.9982E-05 9.9982E-05 0.0100185 0.125998
9.9973E-05 0.0606553 0.1448 0.482498 0.217979 9.9973E-05 9.9973E-05 0.0937679
9.9973E-05 9.9973E-05 0.138682 0.454558 0.278627 0.0831547 9.9973E-05 0.0446789
0.0304722 0.316045 0.0714016 0.288515 0.239596 0.0372791 9.9991E-05 0.0165913
0.113155 0.0336874 0.137316 0.482618 0.0910207 0.142003 9.9982E-05 9.9982E-05
0.0542759 0.0333474 0.0392229 0.663549 0.0909175 9.9991E-05 0.107625 0.0109621
9.9955E-05 0.801312 9.9955E-05 9.9955E-05 9.9955E-05 0.0670286 9.9955E-05 0.131159
0.079713 0.000525844 0.162994 0.495509 0.191941 0.0594591 9.9991E-05 0.00975848
9.9964E-05 9.9964E-05 9.9964E-05 0.75378 0.211511 9.9964E-05 0.0259199 0.00838927
0.0993662 0.00742843 0.107397 0.654886 9.9982E-05 0.0504618 9.9982E-05 0.0802611
0.0917753 0.00205981 0.078589 0.447607 0.23022 0.102967 9.9991E-05 0.046682
0.183208 0.0392257 0.0536561 0.490925 0.163008 0.0655224 9.9991E-05 0.00435426
0.0401248 9.9982E-05 0.00618522 0.249457 0.676596 0.000634176 9.9982E-05 0.0268033
0.131919 0.0129466 0.104863 0.63019 0.0231495 9.9982E-05 9.9982E-05 0.096732
0.108299 0.0925402 0.0721445 0.33411 0.306363 9.9982E-05 9.9982E-05 0.0863431
0.123386 0.57442 0.0473926 0.138245 0.0577295 0.0237943 9.9991E-05 0.034933
0.00889811 0.0361636 0.163029 0.4909 0.265755 9.9991E-05 0.0263824 0.00877197
0.0625183 9.9964E-05 0.20563 0.704861 9.9964E-05 9.9964E-05 9.9964E-05 0.0265907
0.0912337 0.150905 0.137193 0.152294 0.456868 9.9982E-05 9.9982E-05 0.0113071
0.109872 0.376519 0.0559885 0.314559 0.104131 0.0084051 9.9991E-05 0.030425
0.0952804 9.9982E-05 0.0675265 0.387204 0.390369 0.0442043 0.0152153 9.9982E-05
9.9964E-05 0.21421 0.205392 0.564305 9.9964E-05 9.9964E-05 9.9964E-05 0.0156929
9.9973E-05 0.00895761 9.9973E-05 0.615707 0.150449 0.119102 9.9973E-05 0.105484
9.9982E-05 0.342582 0.0776833 0.322076 0.15964 0.0245981 9.9982E-05 0.0732205
9.9991E-05 0.116322 0.155385 0.28795 0.273926 0.0695026 0.0794935 0.0173211
9.9982E-05 0.446452 0.225869 0.116971 0.0620805 0.0835342 9.9982E-05 0.0648929
0.0292468 0.237953 9.9982E-05 0.533903 0.0425018 0.128562 9.9982E-05 0.027634
0.0301804 9.9991E-05 0.160007 0.22839 0.416754 0.0542691 0.0546759 0.0556239
0.310873 0.23828 9.9973E-05 0.25485 0.185078 9.9973E-05 9.9973E-05 0.0106185
0.0159653 9.9982E-05 0.130093 0.352421 0.365247 0.101689 9.9982E-05 0.0343839
0.00752718 0.0534546 0.154116 0.537722 0.167429 0.0517156 9.9991E-05 0.0279357
0.0302692 9.9973E-05 0.2962 0.170109 0.485843 0.0172788 9.9973E-05 9.9973E-05
9.9973E-05 0.285983 0.253134 0.341613 0.0329464 0.0860234 9.9973E-05 9.9973E-05
0.00495951 0.0453716 0.0414063 0.241085 0.666878 9.9973E-05 9.9973E-05 9.9973E-05
0.180586 9.9973E-05 9.9973E-05 0.334761 0.324434 0.0407036 9.9973E-05 0.119216
0.0476893 9.9982E-05 0.122467 0.705942 0.0799663 0.0211971 9.9982E-05 0.0225391
0.147209 0.56863 9.9982E-05 0.145898 0.0694648 9.9982E-05 0.0264395 0.0421575
9.9973E-05 0.828705 9.9973E-05 9.9973E-05 0.0669447 0.0630341 0.0211406 0.0198755
0.0204131 0.100797 0.151073 0.501414 0.137442 0.0560433 0.0327186 9.9991E-05
0.185126 0.0987629 0.16627 0.391149 0.0376175 0.0379894 0.0261175 0.0569676
0.0232172 0.0747394 0.156214 0.300047 0.240946 0.0571511 0.0117611 0.135925
0.0375965 0.186478 0.0723505 0.101223 0.513817 9.9982E-05 9.9982E-05 0.0883361
0.121688 0.246828 0.199889 0.335872 0.0418167 9.9982E-05 0.0537056 9.9982E-05
0.199477 0.0685524 9.9982E-05 0.495678 0.00277251 0.162463 9.9982E-05 0.0708568
0.00428305 9.9991E-05 0.175322 0.503791 0.0728151 0.171593 0.0481804 0.0239147
0.128191 9.9973E-05 9.9973E-05 0.376678 0.371841 9.9973E-05 0.103419 0.0195712
9.9991E-05 0.00285371 0.0849684 0.402661 0.302188 0.00359429 0.0365553 0.167079
0.0418714 9.9973E-05 0.0222455 0.775934 9.9973E-05 9.9973E-05 0.102673 0.0569769
9.9955E-05 9.9955E-05 0.138395 0.69451 0.166595 9.9955E-05 9.9955E-05 9.9955E-05
0.0382014 9.9991E-05 0.0387526 0.687992 0.121669 0.0040294 0.023527 0.0857295
9.9973E-05 9.9973E-05 0.189897 0.0841071 0.65648 0.0607946 0.00842156 9.9973E-05
9.9973E-05 9.9973E-05 0.0176071 0.614072 0.244895 9.9973E-05 0.108681 0.014446
0.167071 0.0189683 0.113974 0.529095 0.0904357 0.0683463 9.9991E-05 0.0120101
0.0901625 9.9991E-05 0.165211 0.46414 0.144776 0.0734653 0.0202464 0.0419001
0.0282223 9.99735E-05 0.111474 0.475096 0.306682 9.99735E-05 9.99735E-05 0.0782259
0.108115 0.122405 0.137064 0.504514 9.9982E-05 0.0758747 9.9982E-05 0.051828
0.127789 0.553504 0.0173184 0.159728 9.9982E-05 0.105193 9.9982E-05 0.036268
0.0172478 0.448148 0.0299973 0.242921 0.132183 9.9991E-05 0.0177146 0.111689
0.0458674 0.818391 9.9964E-05 0.0281179 9.9964E-05 9.9964E-05 9.9964E-05 0.107223
0.072042 9.9982E-05 0.00750346 0.58573 0.224416 0.0761947 9.9982E-05 0.033914
0.0869688 0.713637 9.9964E-05 0.083646 9.9964E-05 9.9964E-05 9.9964E-05 0.115348
9.9964E-05 0.698304 0.106461 0.139456 9.9964E-05 9.9964E-05 0.0553788 9.9964E-05
0.1274 0.00675988 0.103963 0.486526 0.144941 0.0941743 9.9991E-05 0.0361348
0.0346455 0.0122526 0.0960009 0.61586 0.101057 0.0525068 0.0453052 0.0423716
0.120884 9.99799E-05 0.16331 0.348544 0.297294 0.0696684 9.99799E-05 9.99799E-05
0.126476 0.760502 9.9964E-05 0.0566484 0.0559731 9.9964E-05 9.9964E-05 9.9964E-05
9.9982E-05 9.9982E-05 0.0274159 0.714419 0.1502 0.0355884 0.0185046 0.0536717
0.0930902 0.406474 0.190877 0.10901 0.12226 0.0132873 9.9991E-05 0.0649018
0.157351 9.9964E-05 0.222563 0.591447 9.9964E-05 0.0282391 9.9964E-05 9.9964E-05
0.126795 0.789746 9.9955E-05 9.9955E-05 9.9955E-05 9.9955E-05 9.9955E-05 0.0829589
9.9991E-05 0.12847 0.197601 0.384128 0.155982 0.0599854 0.0380242 0.0357095
0.0822204 9.9964E-05 0.0960345 0.578938 0.242407 9.9964E-05 9.9964E-05 9.9964E-05
0.0886529 9.9973E-05 9.9973E-05 0.797288 0.0691033 0.0411607 9.9973E-05 0.00349491
9.9964E-05 9.9964E-05 0.0732735 0.388744 0.461265 9.9964E-05 9.9964E-05 0.0763173
0.048313 0.737554 0.0325473 0.111221 9.9973E-05 0.070065 9.9973E-05 9.9973E-05
9.9982E-05 0.227352 0.0302214 0.287207 0.337043 0.094616 9.9982E-05 0.0233604
9.9991E-05 0.36087 0.257883 0.145816 0.095922 0.0113358 0.076438 0.0516357
0.0722645 9.9991E-05 0.234426 0.457251 0.050018 0.140758 0.0200471 0.0251358
9.99906E-05 0.686156 0.0933285 0.130003 0.0223862 0.0246701 0.0432563 9.99906E-05
0.00697511 0.0895078 9.9991E-05 0.311775 0.378967 0.0073768 0.195127 0.0101716
9.9982E-05 0.359831 0.0377586 0.0880397 0.366413 0.016608 9.9982E-05 0.13115
0.0510818 0.00649808 0.193931 0.525677 0.146314 9.9982E-05 0.0762982 9.9982E-05
9.9982E-05 0.171339 0.162494 0.129557 0.38541 0.0729581 9.9982E-05 0.0780421
0.042354 0.480556 9.9991E-05 0.124959 0.25079 0.0321184 0.00369225 0.0654298
0.10849 9.9982E-05 0.280907 0.437302 0.0407096 0.115416 0.0169754 9.9982E-05
0.0448341 0.0407029 0.0268297 0.491097 0.178558 0.175226 9.9991E-05 0.0426527
0.113082 9.9973E-05 9.9973E-05 0.297842 0.495993 0.0571828 9.9973E-05 0.0355999
0.0913455 9.9973E-05 0.0346048 0.538246 0.246593 9.9973E-05 0.0889101 9.9973E-05
9.9982E-05 0.428984 0.0931618 0.280499 0.139402 0.0223304 9.9982E-05 0.0354229
9.9991E-05 0.00863144 0.12968 0.480849 0.194684 0.0532562 0.0831899 0.0496085
0.134831 9.9973E-05 9.9973E-05 0.696283 0.0641661 0.0581838 9.9973E-05 0.0462358
9.9973E-05 0.0390354 0.208301 0.718941 9.9973E-05 9.9973E-05 0.0310796 0.00234368
0.0576845 0.512785 0.161617 0.10829 0.0411153 0.118308 9.9982E-05 9.9982E-05
0.0270949 0.25677 0.178713 0.237228 0.221312 0.0786817 9.9982E-05 9.9982E-05
0.0692276 9.9973E-05 9.9973E-05 0.549373 0.283109 0.0103596 9.9973E-05 0.0876311
0.218049 0.110853 0.193933 9.9982E-05 0.326062 0.143486 9.9982E-05 0.00741734
0.0373231 0.197521 0.0178461 0.251109 0.214055 0.199987 9.9991E-05 0.0820584
0.158341 9.9982E-05 0.0958696 0.270926 0.421676 0.0351814 9.9982E-05 0.0178055
0.0285378 0.332839 0.100915 0.120733 0.251694 0.0863633 9.9991E-05 0.0788186
0.0370289 0.0544139 0.327314 0.28084 0.195163 9.9991E-05 0.104355 0.000785658
9.9991E-05 0.473546 0.0322816 0.362807 0.000101845 0.0548086 0.0185491 0.0578057
9.9982E-05 9.9982E-05 0.0187448 0.678241 0.0506646 0.167906 0.0137039 0.07054
0.0116276 9.9991E-05 0.133845 0.715119 0.0656111 0.0558922 0.00511115 0.0126945
0.140484 0.0152021 9.9982E-05 0.628378 0.170975 9.9982E-05 0.00893492 0.0358252
9.9973E-05 9.9973E-05 0.0991809 0.584242 0.153492 0.139449 9.9973E-05 0.0233359
0.0115998 9.9982E-05 0.291985 0.455225 9.9982E-05 0.109504 0.0886727 0.0428133
0.139158 9.9991E-05 0.181842 0.53763 0.0567038 0.00270943 0.0439323 0.0379239
0.0602663 0.260655 0.119958 0.309897 0.142351 9.9982E-05 9.9982E-05 0.106673
9.9973E-05 0.0255568 0.198383 0.22683 0.520974 9.9973E-05 0.0279553 9.9973E-05
0.155734 9.9964E-05 0.0567158 0.616956 0.170195 9.9964E-05 9.9964E-05 9.9964E-05
0.0210445 0.0113385 0.104169 0.589629 0.127315 0.0794442 9.9991E-05 0.0669604
0.0643371 0.0879488 0.126588 0.40006 0.120807 0.0555263 0.00484113 0.139892
9.9991E-05 0.291181 0.149119 0.123946 0.19624 0.0200908 0.0930837 0.12624
0.0982782 9.9982E-05 9.9982E-05 0.242995 0.540116 0.043355 0.0359024 0.0391536
0.152537 9.9973E-05 9.9973E-05 0.52384 0.165818 0.147337 9.9973E-05 0.0101685
9.9973E-05 0.781306 0.0641119 0.0790667 9.9973E-05 0.046684 9.9973E-05 0.0285313
9.9982E-05 0.613149 0.0499974 0.175848 0.0711878 0.0833392 9.9982E-05 0.0062792
0.0875002 9.9973E-05 0.259095 0.542293 9.9973E-05 0.0319851 9.9973E-05 0.0788275
0.151175 0.0367523 9.9982E-05 0.365769 9.9982E-05 0.000439726 0.443645 0.00201927
0.174351 0.035009 0.00753755 9.9991E-05 0.186688 0.258364 0.326465 0.0114858
0.147211 0.0376161 0.0645463 0.162855 0.0574942 0.142528 0.36362 0.0241292
9.9973E-05 9.9973E-05 0.151956 0.45212 0.18604 0.0189853 0.190599 9.9973E-05
0.0442545 9.9982E-05 9.9982E-05 0.27707 0.000546709 0.150021 0.461105 0.0668036
0.0559499 0.0284015 9.9991E-05 0.242028 0.063159 0.141311 0.437883 0.031167
0.0113569 0.0377206 0.040487 0.306191 0.00752215 0.0121224 0.5845 9.9991E-05
0.284108 9.9982E-05 9.9982E-05 0.0749907 0.163881 0.0404813 0.387368 0.048971
0.089631 0.0177271 0.0235737 0.231744 0.0601656 0.126994 0.390991 0.0591738
0.170138 0.000161156 0.0863937 0.328897 9.9991E-05 0.0955863 0.274055 0.0446684
0.0363355 9.9991E-05 0.265751 0.227954 0.11788 0.118531 0.188137 0.0453116
0.0619971 9.9982E-05 9.9982E-05 0.230876 0.137765 0.0731838 0.443393 0.0525857
0.0186164 9.9991E-05 0.0443996 0.44389 0.137824 0.0662296 0.171434 0.117506
0.334205 9.9973E-05 9.9973E-05 9.9973E-05 0.369128 0.0990269 0.154663 0.0426769
0.231385 9.9982E-05 9.9982E-05 0.199399 0.137332 0.0895253 0.301371 0.0407889
0.0335399 0.0642472 9.9991E-05 0.0555595 0.142177 0.103505 0.495532 0.10534
9.9982E-05 9.9982E-05 0.118129 0.303989 0.0912218 0.0721075 0.407524 0.00682869
0.0554502 9.9991E-05 0.0807249 0.194555 0.258798 0.156819 0.244564 0.00898921
0.0457276 0.73538 0.112175 9.9973E-05 9.9973E-05 0.0592466 9.9973E-05 0.0471706
0.00863411 9.9991E-05 0.0923203 0.368645 0.122378 0.064092 0.331633 0.0121985
0.0927969 9.9991E-05 0.0663895 0.201594 0.200918 0.0799427 0.291428 0.0668311
0.13171 0.163791 9.9982E-05 0.43971 0.0712929 0.0569455 0.13635 9.9982E-05
0.0844248 0.0197093 0.0382353 0.0630882 9.9982E-05 0.19261 0.601733 9.9982E-05
0.10235 9.9973E-05 0.254947 9.9973E-05 9.9973E-05 0.159447 0.4802 0.00275571
0.0919732 0.0203269 0.238755 0.238855 0.287442 0.0200535 0.102494 9.9991E-05
0.204828 9.9982E-05 9.9982E-05 0.173873 0.00584263 0.0822045 0.447119 0.0859321
0.0334713 9.9982E-05 9.9982E-05 0.301577 0.199421 0.114311 0.279781 0.0712396
0.246777 9.9991E-05 0.00160714 0.136567 0.248512 0.179806 0.182328 0.00430338
0.162006 0.0789366 9.9982E-05 0.0747517 0.102713 0.125038 0.456355 9.9982E-05
0.114243 0.0491098 0.0575486 0.115455 0.000454626 0.20123 0.367649 0.0943093
0.0854881 9.9982E-05 0.0622966 0.166712 9.9982E-05 0.157413 0.516378 0.011513
9.994E-05 9.994E-05 9.994E-05 9.994E-05 9.994E-05 0.9993 9.994E-05 9.994E-05
0.119415 9.9982E-05 0.150733 0.141456 9.9982E-05 0.210366 0.310137 0.0676926
0.209166 9.9982E-05 9.9982E-05 0.318473 0.0130634 0.0882689 0.348219 0.0226101
0.014423 0.0616737 0.0809865 9.9991E-05 0.135759 0.0305051 0.592377 0.0841752
0.0580276 0.0116971 0.118857 0.152939 0.0141754 0.0838031 0.486977 0.0735241
0.132802 0.0695803 0.115318 0.0750308 0.055661 0.0719284 0.475575 0.0041054
0.125623 9.9973E-05 9.9973E-05 0.436736 0.271413 0.0610817 9.9973E-05 0.104846
0.0964915 9.9982E-05 0.126767 0.0689816 9.9982E-05 0.0532419 0.414129 0.240189
0.166926 9.9982E-05 9.9982E-05 0.186049 0.196192 0.11045 0.272151 0.0680333
0.0821532 0.000968767 0.171162 0.14414 0.199548 0.0104252 0.390301 0.00130217
0.16254 9.9991E-05 0.0866432 0.266522 0.0132747 0.092041 0.355393 0.0234864
9.994E-05 9.994E-05 9.994E-05 9.994E-05 9.994E-05 0.9993 9.994E-05 9.994E-05
0.014286 0.00859264 0.023811 0.519605 0.269829 0.128106 0.0356705 9.9991E-05
0.0735451 9.9973E-05 9.9973E-05 0.25021 9.9973E-05 0.225262 0.37731 0.0733725
9.9982E-05 0.269997 0.185393 0.410582 9.9982E-05 0.0320816 0.0856373 0.0161099
0.0511789 9.9982E-05 0.0709178 0.411531 0.139755 0.191002 9.9982E-05 0.135415
0.0500264 0.0158476 0.0711491 0.421872 0.202978 9.9991E-05 0.180883 0.0571433
0.044582 9.9982E-05 0.08154 0.138965 0.164248 9.9982E-05 0.522845 0.0476205
0.149478 9.9982E-05 9.9982E-05 0.110505 0.324127 0.07407 0.280643 0.0609781
0.279657 9.9982E-05 9.9982E-05 0.131107 0.0307921 0.00697772 0.509393 0.0418734
0.120266 0.000952466 0.0497005 0.259677 0.138878 0.0885326 0.341894 9.9991E-05
0.270076 0.0504611 0.0063588 0.190348 0.176003 9.9982E-05 0.306553 9.9982E-05
0.107373 0.00393596 9.9991E-05 0.276584 0.0312459 0.0324755 0.410393 0.137893
0.0987674 9.9973E-05 9.9973E-05 0.361927 0.102928 0.0116873 0.424391 9.9973E-05
0.0124183 9.9973E-05 0.0190363 9.9973E-05 0.165587 0.312963 0.489695 9.9973E-05
9.9982E-05 9.9982E-05 0.0324124 0.262218 0.0822453 0.173366 0.376552 0.0730061
0.0231463 0.00302776 9.9964E-05 0.0497226 9.9964E-05 0.923703 9.9964E-05 9.9964E-05
0.0875416 9.9982E-05 9.9982E-05 0.171936 0.0614798 0.133214 0.493747 0.0518814
0.000607612 0.0566539 9.9982E-05 0.264088 9.9982E-05 0.104733 0.549748 0.0239695
0.203473 0.0353216 0.0487738 0.111614 9.9991E-05 0.200673 0.384008 0.0160368
0.0517225 9.9982E-05 9.9982E-05 0.0353069 0.243373 0.023929 0.557158 0.0883112
0.0632537 9.9982E-05 0.246089 0.509948 0.0249266 0.0323893 0.123193 9.9982E-05
0.142612 9.9982E-05 9.9982E-05 0.147461 0.163587 0.111187 0.421986 0.0129673
9.9991E-05 0.253766 0.163771 0.450312 0.0142444 0.0229946 0.0607495 0.0340621
0.0945647 9.9982E-05 0.139236 0.198989 9.9982E-05 0.0234114 0.389 0.154599
0.101105 0.0561658 0.128724 0.056083 0.0294776 9.9991E-05 0.569079 0.0592658
9.9991E-05 0.123325 0.124136 0.482116 0.00796005 0.0973982 0.0395775 0.125388
0.196133 9.9982E-05 9.9982E-05 0.137555 0.115652 0.102473 0.301328 0.146658
0.0523226 9.9991E-05 0.0113245 0.085537 0.330478 0.116655 0.367511 0.0360706
0.0230429 9.9946E-05 9.9946E-05 9.9946E-05 9.9946E-05 0.976357 9.9946E-05 9.9946E-05
0.138615 9.9991E-05 0.00308578 0.191671 0.166101 0.0587229 0.374547 0.0671575
0.0468965 9.9991E-05 0.135964 0.21298 0.112796 0.0702627 0.317742 0.103258
0.150914 9.9973E-05 0.0280361 0.250222 9.9973E-05 9.9973E-05 0.461426 0.109102
0.151097 0.0127088 9.9991E-05 0.0163137 0.279315 0.0785685 0.441269 0.0206287
0.303013 0.0348966 9.9982E-05 0.248224 0.0189296 0.147639 0.247099 9.9982E-05
0.0513572 9.9991E-05 0.0177434 0.306315 0.370448 0.182085 0.0537592 0.0181924
0.0409595 0.0103821 0.117887 0.121684 0.141336 0.151615 0.416035 9.9991E-05
0.0623508 9.9991E-05 0.131827 0.276904 0.116295 0.0992208 0.31215 0.00115237
0.0150252 0.829616 9.9955E-05 9.9955E-05 0.154859 9.9955E-05 9.9955E-05 9.9955E-05
0.123295 9.9982E-05 0.0165291 0.339876 9.9982E-05 0.110397 0.337221 0.0724825
0.0200622 0.115755 0.0330306 0.679457 0.0336852 9.9991E-05 0.102713 0.015197
0.15866 9.9973E-05 0.17045 9.9973E-05 9.9973E-05 0.0862896 0.573555 0.0107458
0.103126 9.9991E-05 0.125682 0.0908618 0.32662 0.138486 0.191554 0.0235695
0.218298 9.9982E-05 0.00219247 0.353294 0.204513 9.9982E-05 0.210342 0.0111604
9.9973E-05 9.9973E-05 0.0768495 0.642509 9.9973E-05 0.0777862 0.159425 0.0431303
9.9982E-05 0.000830466 0.0718405 0.322963 0.0344492 0.223446 0.34627 9.9982E-05
0.108035 9.9982E-05 0.00170935 0.265576 9.9982E-05 0.0863156 0.393151 0.145013
0.125594 9.9982E-05 9.9982E-05 0.201687 0.170126 0.0576339 0.398378 0.0463804
0.00952141 0.0261983 0.0118339 0.275038 9.9991E-05 0.284282 0.336321 0.0567057
0.149936 0.0181551 0.2191 0.293037 0.155738 0.0772834 0.0866498 9.9991E-05
0.0985764 9.9991E-05 0.0694684 0.116855 0.141664 0.115591 0.40568 0.0520654
0.0720387 9.9991E-05 0.0272206 0.184459 0.213432 0.0964696 0.340504 0.0657765
0.0791243 9.9991E-05 0.0506339 0.214975 0.1399 0.0932589 0.41369 0.00831773
0.0604961 0.0295717 0.138576 0.596016 0.11779 9.9991E-05 0.0208359 0.0366142
0.0237675 9.9991E-05 0.0573491 0.0501976 0.19427 0.18228 0.4123 0.0797355
9.9982E-05 9.9982E-05 0.126314 0.0228154 0.187522 0.120548 0.446886 0.0957146
0.162931 9.9982E-05 9.9982E-05 0.268196 0.10983 0.276049 0.182241 0.000553318
0.313341 9.9991E-05 0.0383092 0.243333 0.0149785 0.0655197 0.213706 0.110713
0.0842916 9.9973E-05 0.303061 0.395143 0.208485 9.9973E-05 9.9973E-05 0.00871928
0.0521462 0.862119 0.0187602 9.9973E-05 9.9973E-05 0.0433655 9.9973E-05 0.0233088
0.116486 9.9982E-05 9.9982E-05 0.141335 0.241313 0.167159 0.326953 0.00655319
0.246774 9.9982E-05 9.9982E-05 0.283279 0.156033 0.0674983 0.143568 0.102647
0.0577481 9.9973E-05 0.115405 0.317288 9.9973E-05 0.194618 0.314641 9.9973E-05
0.059038 9.9991E-05 0.0744511 0.084171 0.166585 0.139064 0.372901 0.103691
0.119263 0.0186993 9.9991E-05 0.0730084 0.127776 0.13269 0.457222 0.0712418
9.9973E-05 9.9973E-05 0.000253366 0.22755 0.192748 0.160978 0.41817 9.9973E-05
0.040804 9.9991E-05 0.0168336 0.170257 0.0431964 0.0950746 0.551527 0.0822071
0.0274501 0.0405453 9.9982E-05 0.1979 9.9982E-05 0.162912 0.567686 0.00330707
0.114808 0.0402466 9.9982E-05 0.0894904 0.263816 9.9982E-05 0.464026 0.0274125
9.9973E-05 9.9973E-05 0.161029 0.298475 9.9973E-05 0.174008 0.293051 0.0731377
9.9973E-05 9.9973E-05 0.267158 0.49077 0.0455224 0.0919127 0.104337 9.9973E-05
0.145658 9.9982E-05 9.9982E-05 0.117994 0.00391429 0.204431 0.429653 0.0981506
0.192206 9.9991E-05 0.0649115 0.240381 0.0138584 0.210186 0.27597 0.00238563
0.0594563 9.9973E-05 9.9973E-05 0.52899 0.212178 0.118089 9.9973E-05 0.0809878
0.0453662 9.9973E-05 0.18051 9.9973E-05 0.180161 0.186971 0.406692 9.9973E-05
0.0360071 9.9982E-05 0.199634 0.454179 0.223475 0.0579472 9.9982E-05 0.0285583
0.129445 0.00688773 0.218514 0.126366 9.9982E-05 0.165214 0.353373 9.9982E-05
0.106919 9.9991E-05 0.00921835 0.285979 0.0862255 0.079385 0.359229 0.0729433
0.065359 0.0297095 0.102808 0.432185 0.148022 0.0709965 0.15082 9.9991E-05
0.082569 9.9982E-05 0.107143 0.192786 0.0903012 0.0633456 0.463656 9.9982E-05
0.104634 9.9973E-05 0.292422 0.1847 0.136157 9.9973E-05 0.281787 9.9973E-05
9.994E-05 9.994E-05 9.994E-05 9.994E-05 9.994E-05 9.994E-05 9.994E-05 0.9993
9.994E-05 9.994E-05 9.994E-05 9.994E-05 9.994E-05 9.994E-05 9.994E-05 0.9993
0.241002 0.0225601 0.0194114 0.234732 9.9991E-05 0.0981818 0.364351 0.019662
0.152208 0.00612602 9.9982E-05 0.318698 9.9982E-05 0.166882 0.313713 0.0421724
0.0934794 9.9991E-05 0.00132372 0.200331 0.0253849 0.0774925 0.507134 0.0947536
0.174545 0.0161508 0.160695 0.112604 0.124833 0.00540046 0.405672 9.9991E-05
0.349078 0.0226872 9.9982E-05 0.165145 9.9982E-05 0.142225 0.313924 0.00674195
0.136483 9.9973E-05 0.110906 0.0872554 9.9973E-05 0.20225 0.462806 9.9973E-05
0.069505 9.9973E-05 9.9973E-05 0.314816 0.113486 0.210531 0.291362 9.9973E-05
9.9973E-05 0.00807423 0.138864 0.75043 0.0594941 0.0428379 9.9973E-05 9.9973E-05
0.19552 0.0355932 0.0488591 0.00611056 0.181799 0.166088 0.268289 0.0977416
0.135488 9.9973E-05 0.116458 0.176804 0.0422239 9.9973E-05 0.528726 9.9973E-05
0.0883533 0.0105255 0.113566 0.0181334 0.0259905 0.116552 0.557481 0.0693995
0.0675748 0.0127134 0.181546 0.00615323 0.213581 0.0691937 0.433448 0.0157902
0.35318 9.9973E-05 9.9973E-05 0.140194 0.237234 9.9973E-05 0.16717 0.101921
0.0726615 0.00935927 0.00441817 0.243054 0.287666 0.0735833 0.280028 0.02923
0.149593 9.9982E-05 9.9982E-05 0.473972 0.144553 0.0941407 0.116452 0.0210896
0.149787 9.9982E-05 0.241174 9.9982E-05 0.293644 0.112475 0.193919 0.00880066
0.0212231 9.9982E-05 9.9982E-05 0.223106 0.25465 0.108055 0.305881 0.0868844
0.121176 9.9982E-05 0.149146 9.9982E-05 0.250571 0.039516 0.423794 0.0155967
0.20776 0.0606924 0.112117 0.454558 0.0818272 9.9982E-05 9.9982E-05 0.0828459
