9.9982E-05 9.9982E-05 0.145518 0.180705 0.0786386 0.0477969 0.0175188 0.529623
0.0156874 9.9982E-05 9.9982E-05 0.226234 0.219481 0.102916 0.00967155 0.42581
0.0784203 0.0439723 9.9982E-05 0.290319 0.229405 9.9982E-05 0.0312675 0.326416
0.0150194 0.102023 9.9982E-05 0.189413 0.0725702 0.0297126 9.9982E-05 0.591062
9.9982E-05 0.0373924 0.0266198 0.118468 0.140408 0.0546908 9.9982E-05 0.622221
0.00571913 0.686632 0.0629276 9.9964E-05 0.244322 9.9964E-05 9.9964E-05 9.9964E-05
0.0581331 9.9982E-05 0.081074 0.113946 0.084749 9.9982E-05 0.0556968 0.606201
9.9973E-05 0.816649 0.03775 0.0943031 0.0441161 9.9973E-05 0.0068821 9.9973E-05
9.9973E-05 9.9973E-05 0.0353327 0.0513481 0.310284 9.9973E-05 0.072611 0.530124
9.9982E-05 0.0504685 0.0526815 0.165721 0.242471 0.1102 9.9982E-05 0.378259
0.0173172 9.9982E-05 0.0412372 0.265263 0.136825 9.9982E-05 0.0103332 0.528824
9.999E-05 0.173622 0.0737974 0.197802 0.168923 0.0479375 0.0398136 0.298005
9.9973E-05 9.9973E-05 9.9973E-05 0.115612 0.16377 0.107711 0.110011 0.502596
9.9982E-05 0.0499259 0.00952114 0.257095 0.146772 9.9982E-05 0.0101565 0.52633
9.9964E-05 0.602036 9.9964E-05 0.0530856 0.235476 0.109003 9.9964E-05 9.9964E-05
0.077545 9.9973E-05 9.9973E-05 0.264219 0.25355 9.9973E-05 0.0706985 0.333688
9.9982E-05 0.153336 0.121818 0.140245 0.260209 9.9982E-05 0.0290179 0.295173
0.211842 9.9973E-05 9.9973E-05 0.0230844 9.9973E-05 0.0609578 0.00583857 0.697977
9.9982E-05 0.00829627 9.9982E-05 0.0424276 0.245232 0.0573773 0.0462157 0.600251
0.00070166 9.9964E-05 9.9964E-05 0.364599 0.0148932 9.9964E-05 9.9964E-05 0.619406
0.0121715 9.9973E-05 0.0302951 9.9973E-05 0.0937273 9.9973E-05 0.0706555 0.792851
9.999E-05 0.0653575 0.00937378 0.182416 0.0512869 0.11738 0.075536 0.49855
0.0291616 0.0108892 0.0350443 0.221894 0.140777 9.9982E-05 9.9982E-05 0.562034
9.9964E-05 0.567298 9.9964E-05 0.116759 0.202815 0.112727 9.9964E-05 9.9964E-05
0.0758901 9.9982E-05 9.9982E-05 0.13881 0.175058 0.0507767 0.0644532 0.494812
9.9973E-05 0.588575 9.9973E-05 9.9973E-05 0.139325 0.129993 0.0174874 0.12432
0.14609 0.4228 9.9982E-05 0.0289291 0.138717 9.9982E-05 0.0491569 0.214106
9.9955E-05 0.364114 9.9955E-05 9.9955E-05 9.9955E-05 9.9955E-05 0.0130592 0.622327
9.9982E-05 0.626435 9.9982E-05 0.0830455 0.204272 0.0328792 0.00587613 0.0472921
0.00667693 0.116911 9.9973E-05 0.140192 9.9973E-05 9.9973E-05 0.0559321 0.679988
9.9982E-05 0.502185 0.0692434 0.121613 0.0781097 9.9982E-05 0.0259945 0.202654
0.0947163 0.0160009 9.9991E-05 0.132976 0.0511279 0.0751011 0.0643094 0.565669
9.9982E-05 0.176899 9.9982E-05 0.190563 0.292557 0.0534644 0.0414047 0.244912
0.12446 0.863423 9.9955E-05 9.9955E-05 9.9955E-05 9.9955E-05 0.0116173 9.9955E-05
0.0903413 0.866218 9.9964E-05 9.9964E-05 9.9964E-05 0.0298788 0.0131621 9.9964E-05
0.0858874 0.119277 9.9982E-05 9.9982E-05 0.209251 0.0211545 0.0217882 0.542442
9.9982E-05 0.0903751 9.9982E-05 0.117855 0.130643 0.0802292 0.051819 0.528879
0.0881141 9.9991E-05 0.00386218 0.0764913 0.108773 0.105587 0.0632427 0.553829
0.0409858 0.783262 9.9964E-05 0.0236221 9.9964E-05 0.15173 9.9964E-05 9.9964E-05
0.0446287 0.341067 0.0325512 0.0780404 0.291293 0.0988207 0.0316564 0.0819428
0.00892844 0.204104 9.9991E-05 0.0295296 0.284352 0.122189 0.0642351 0.286562
9.9973E-05 9.9973E-05 0.0722403 0.0201744 0.338242 9.9973E-05 0.0864368 0.482606
9.9982E-05 0.158342 0.0365908 0.0805951 0.0967376 9.9982E-05 0.0301141 0.597421
0.0463168 0.598198 9.9991E-05 0.0510401 0.156057 0.030013 0.0585517 0.059724
9.9982E-05 9.9982E-05 0.00453834 0.0848159 0.242458 0.173308 0.0279214 0.466758
0.0248088 9.9982E-05 9.9982E-05 0.246849 0.107851 0.193543 0.0482492 0.3785
0.0371723 0.105393 9.9991E-05 0.181205 0.0990462 0.0700701 0.0205165 0.486497
0.0030614 0.0182064 0.0276418 0.157208 0.411443 0.00731358 9.9991E-05 0.375025
0.0485961 9.9982E-05 9.9982E-05 0.274587 0.251076 0.0465531 0.0811311 0.297856
9.999E-05 0.450181 0.0126343 0.00158319 0.316336 0.0754811 0.0586668 0.0850177
0.0474513 0.0306528 0.0339563 0.213087 0.0464734 9.9982E-05 9.9982E-05 0.62818
9.9973E-05 0.365237 0.121109 0.299667 0.0637527 9.9973E-05 9.9973E-05 0.149934
9.9982E-05 9.9982E-05 0.12863 0.122871 0.277764 0.115737 0.0613279 0.293471
0.105426 0.840737 9.9964E-05 9.9964E-05 0.0204972 9.9964E-05 0.0329405 9.9964E-05
9.9973E-05 0.405396 9.9973E-05 0.214972 0.199126 9.9973E-05 0.0445347 0.135671
9.9982E-05 9.9982E-05 0.0117473 0.188053 0.0207587 0.123073 0.0138761 0.642291
9.9964E-05 9.9964E-05 0.0493223 0.28438 9.9964E-05 9.9964E-05 0.00499608 0.660901
9.9982E-05 0.139727 0.0795882 0.145013 0.0583816 9.9982E-05 0.0692259 0.507864
9.9982E-05 0.265043 0.00355977 0.109907 0.318253 0.0845458 9.9982E-05 0.218492
9.9973E-05 0.336099 0.0401794 9.9973E-05 0.0106373 9.9973E-05 0.0222895 0.590495
0.0321854 0.712587 0.0346913 0.0173824 0.172546 9.9982E-05 0.0304087 9.9982E-05
9.9955E-05 0.770716 9.9955E-05 9.9955E-05 0.211944 0.0168408 9.9955E-05 9.9955E-05
0.0365574 0.0338404 0.0393241 0.0848293 0.134933 0.0308562 0.100818 0.538841
9.9964E-05 0.913877 9.9964E-05 0.0405168 0.0106831 9.9964E-05 0.0345231 9.9964E-05
9.9982E-05 9.9982E-05 0.14704 0.0915792 0.38083 0.0295606 0.0121071 0.338683
9.9964E-05 0.756601 9.9964E-05 0.0377615 9.9964E-05 0.158667 0.0465702 9.9964E-05
9.9964E-05 9.9964E-05 9.9964E-05 0.270686 9.9964E-05 0.0919744 0.0758792 0.561061
9.9991E-05 0.0709229 0.0167982 0.258593 0.431336 0.0269978 0.012264 0.182989
9.9982E-05 9.9982E-05 0.0633181 0.273246 0.128892 0.0191501 0.0361413 0.479053
9.9964E-05 0.659552 0.00488994 9.9964E-05 0.301198 9.9964E-05 0.0339605 9.9964E-05
9.9973E-05 9.9973E-05 0.15689 0.358398 0.0448713 9.9973E-05 0.0154217 0.424119
0.0162518 0.0275947 9.9991E-05 0.22052 0.150771 0.0358074 0.0480593 0.500896
9.9991E-05 0.261893 0.000917478 0.259042 0.0454039 0.0755612 0.034712 0.32237
9.9982E-05 9.9982E-05 0.106113 0.0816285 0.341464 0.0347746 0.012397 0.423423
0.0111358 0.0759751 0.0286521 0.197455 0.0348754 0.120546 0.044668 0.486693
9.9973E-05 0.350677 9.9973E-05 0.18115 9.9973E-05 0.0375958 0.0916514 0.338626
9.9982E-05 0.00997285 9.9982E-05 0.17996 0.191724 0.0891886 0.00173762 0.527217
0.0661054 0.157745 9.9991E-05 0.278739 0.0887287 0.038588 0.0382262 0.331768
9.9991E-05 0.0502466 0.0697832 0.220861 0.447623 0.0114296 0.0222251 0.177732
0.113648 0.00753209 9.9991E-05 0.161456 0.129058 0.0368848 0.0697393 0.481582
9.9973E-05 9.9973E-05 0.0161212 0.179656 0.199256 0.314794 9.9973E-05 0.289874
0.0359146 9.9982E-05 9.9982E-05 0.103424 0.367519 0.000762066 0.0564546 0.435726
9.9982E-05 0.0293183 9.9982E-05 0.200436 0.127499 0.130929 0.0396591 0.471959
0.0099514 9.9964E-05 9.9964E-05 0.223846 9.9964E-05 0.0893195 9.9964E-05 0.676483
9.9964E-05 9.9964E-05 9.9964E-05 0.104891 0.286438 0.100136 9.9964E-05 0.508134
9.9991E-05 0.0581837 0.0652948 0.346491 0.260053 0.0613827 0.0759035 0.132591
9.9982E-05 0.238629 9.9982E-05 0.152304 0.265276 0.0345477 0.047318 0.261726
9.9973E-05 0.173016 9.9973E-05 0.13965 0.342058 0.15328 9.9973E-05 0.191696
9.99551E-05 0.814406 9.99551E-05 0.0896835 9.99551E-05 9.99551E-05 0.0954112 9.99551E-05
9.9982E-05 0.172757 9.9982E-05 0.100033 0.341279 0.0735501 0.0162962 0.295885
0.0149457 9.9973E-05 9.9973E-05 0.36356 0.356178 9.9973E-05 0.0437493 0.221268
9.9964E-05 0.463185 9.9964E-05 9.9964E-05 0.314175 9.9964E-05 0.0590623 0.163177
0.0277341 9.9991E-05 0.000260763 0.179862 0.18099 0.0524577 0.0343113 0.524284
9.9964E-05 0.262735 9.9964E-05 9.9964E-05 0.0841067 0.0625445 9.9964E-05 0.590214
9.9973E-05 0.435087 0.0459533 0.131255 0.195214 9.9973E-05 9.9973E-05 0.192192
9.9964E-05 0.842047 0.0915899 0.0314872 0.0344764 9.9964E-05 9.9964E-05 9.9964E-05
9.9982E-05 0.087296 9.9982E-05 0.165694 0.100744 0.106574 0.0648463 0.474645
0.00935346 0.0323524 9.9991E-05 0.182968 0.435946 0.0670179 0.0330449 0.239217
9.9991E-05 0.0484514 0.0314404 0.329369 0.0115569 0.134064 0.022402 0.422616
9.9982E-05 0.242643 0.0270171 0.0529002 9.9982E-05 0.0145443 0.0585836 0.604112
9.9964E-05 0.364533 9.9964E-05 0.102119 0.409318 9.9964E-05 0.12363 9.9964E-05
9.9982E-05 0.0987593 9.9982E-05 0.178834 0.0863862 0.0565272 0.00169465 0.577599
0.0928169 9.9982E-05 9.9982E-05 0.230522 0.0542628 0.027218 0.0352383 0.559742
9.9982E-05 9.9982E-05 0.134435 0.171473 0.0439756 0.0529672 0.00518425 0.591765
0.130433 9.9982E-05 9.9982E-05 0.183883 0.149752 0.0528805 0.0413162 0.441535
9.9964E-05 0.713428 9.9964E-05 0.158606 0.117471 9.9964E-05 0.010096 9.9964E-05
0.0668964 0.447713 0.017878 0.14281 0.254271 0.0155558 9.9991E-05 0.0547761
0.00268268 9.9973E-05 9.9973E-05 0.240774 0.107557 0.0380796 9.9973E-05 0.610607
9.9964E-05 9.9964E-05 9.9964E-05 0.302398 0.187195 9.9964E-05 0.0477693 0.462238
9.9964E-05 9.9964E-05 9.9964E-05 0.253067 0.107437 9.9964E-05 0.0457973 0.593298
9.9973E-05 0.371337 9.9973E-05 9.9973E-05 0.520666 0.0373646 0.0555977 0.0147351
9.9955E-05 0.920824 0.0411297 0.0375469 9.9955E-05 9.9955E-05 9.9955E-05 9.9955E-05
9.9964E-05 0.408311 9.9964E-05 9.9964E-05 0.221184 9.9964E-05 0.0488741 0.321231
0.168033 9.9973E-05 9.9973E-05 0.133853 0.0504294 9.9973E-05 0.00116326 0.646222
9.9982E-05 0.0736657 0.0484854 0.190113 9.9982E-05 0.0617088 0.0399033 0.585923
9.9982E-05 0.026056 0.0566476 0.227283 9.9982E-05 0.118172 0.0130765 0.558564
9.9973E-05 9.9973E-05 0.0374827 0.253533 0.0084402 9.9973E-05 0.00357042 0.696674
0.032555 0.809119 0.00264642 9.9973E-05 0.05471 9.9973E-05 0.10067 9.9973E-05
9.9982E-05 0.0153917 0.0629873 0.112765 9.9982E-05 0.0793762 0.043948 0.685332
0.186543 9.9964E-05 9.9964E-05 0.36573 0.0754732 9.9964E-05 9.9964E-05 0.371853
9.9964E-05 0.0721886 9.9964E-05 0.124632 9.9964E-05 9.9964E-05 0.117642 0.685138
9.9982E-05 0.591212 0.0415755 0.0135111 0.133033 9.9982E-05 0.0649437 0.155525
0.0581219 9.9982E-05 0.00883838 0.174917 0.12494 9.9982E-05 0.00686902 0.626114
0.0366531 9.9964E-05 9.9964E-05 0.271919 0.326439 9.9964E-05 9.9964E-05 0.364589
0.0213844 9.9982E-05 9.9982E-05 0.131158 0.0934942 0.119308 0.0514745 0.582981
9.9991E-05 0.0143461 0.0699844 0.146111 0.180997 0.0724447 0.0525427 0.463474
9.9973E-05 0.601452 0.0653458 0.0148949 9.9973E-05 9.9973E-05 0.104447 0.213561
0.0438837 0.850967 0.000382524 0.102981 9.9973E-05 9.9973E-05 0.00148621 9.9973E-05
0.0918894 9.9982E-05 9.9982E-05 0.177774 0.3346 0.0481316 0.0335689 0.313836
0.0276579 9.9991E-05 0.0897618 0.346348 0.0946826 0.0389724 0.00972921 0.392748
0.0325487 0.015755 0.00714508 0.0706465 0.212946 0.0921047 0.0587101 0.510144
9.9982E-05 9.9982E-05 0.0369968 0.000624174 0.509217 0.146245 0.070879 0.235838
9.9973E-05 0.359604 9.9973E-05 0.0445013 0.401485 9.9973E-05 0.0445682 0.149541
0.138461 0.00797959 0.0375997 0.130906 0.341801 9.9982E-05 9.9982E-05 0.343053
9.9982E-05 0.243825 0.0132717 0.0301493 0.0205689 0.140496 9.9982E-05 0.551489
9.994E-05 9.994E-05 9.994E-05 0.9993 9.994E-05 9.994E-05 9.994E-05 9.994E-05
9.9973E-05 0.580715 9.9973E-05 0.134984 9.9973E-05 0.149738 0.0137751 0.120488
0.031132 0.254035 9.9982E-05 0.113033 0.197268 9.9982E-05 0.0909257 0.313406
9.994E-05 9.994E-05 9.994E-05 0.9993 9.994E-05 9.994E-05 9.994E-05 9.994E-05
9.9991E-05 0.562715 0.00242184 0.0768887 0.0866128 0.127122 0.0131378 0.131001
0.084939 0.16744 9.9973E-05 0.0688886 0.187998 9.9973E-05 9.9973E-05 0.490434
0.0195483 0.383713 0.114324 0.0134287 0.218731 9.9982E-05 9.9982E-05 0.250056
0.00718697 0.202211 9.9982E-05 9.9982E-05 0.259929 0.0436445 0.156648 0.330181
9.9982E-05 0.100246 9.9982E-05 0.0168497 0.557908 0.076132 0.1153 0.133364
0.0431694 0.562137 9.9973E-05 9.9973E-05 0.345536 0.00866249 0.0401957 9.9973E-05
0.0806599 0.227828 9.9991E-05 0.0955153 0.112231 0.0702355 0.101809 0.311621
0.0361128 0.135051 0.00795823 0.119545 0.426153 9.9982E-05 9.9982E-05 0.274979
9.9982E-05 9.9982E-05 0.0781342 0.170209 0.0532086 0.0899338 0.0867092 0.521605
9.9973E-05 9.9973E-05 0.0791407 0.206506 9.9973E-05 0.120933 0.0153492 0.577772
0.0158008 0.0112726 0.149509 0.200389 0.0518459 0.116161 9.9991E-05 0.454922
0.0816883 9.9982E-05 9.9982E-05 0.0142515 0.454287 0.0287601 0.0518658 0.368947
9.9973E-05 0.322951 0.100494 9.9973E-05 0.0808401 9.9973E-05 0.028983 0.466432
9.9964E-05 0.667542 9.9964E-05 9.9964E-05 0.110605 9.9964E-05 0.0417075 0.179746
0.126943 0.415614 9.9982E-05 9.9982E-05 0.217343 0.0460925 0.0730542 0.120754
0.100716 9.9982E-05 9.9982E-05 0.283218 0.246314 0.0870241 0.112596 0.169932
0.0459504 9.9982E-05 9.9982E-05 0.244771 0.249013 0.156228 0.0741015 0.229737
9.9955E-05 0.818155 9.9955E-05 9.9955E-05 0.0877053 0.0936397 9.9955E-05 9.9955E-05
0.0975319 9.9982E-05 9.9982E-05 0.156508 0.235286 0.0379296 0.0633765 0.409169
9.9982E-05 9.9982E-05 0.0740579 0.182175 0.112232 0.0331393 0.080426 0.51777
9.9991E-05 0.166489 0.0598473 0.194608 0.18684 0.0212431 0.0544028 0.31647
0.149521 9.9982E-05 9.9982E-05 0.277315 0.182096 0.0233639 0.0283325 0.339171
0.0361271 0.0866592 0.0367571 0.0866375 0.463896 9.9991E-05 0.118963 0.17086
0.00725733 0.0584593 0.0502757 0.296827 0.328248 0.0581781 0.00677771 0.193977
9.9991E-05 0.0465718 0.00864195 0.272337 0.0818012 0.129593 0.0328965 0.428059
9.9973E-05 9.9973E-05 9.9973E-05 0.0866324 0.0463931 0.121763 0.0353733 0.709538
9.9955E-05 9.9955E-05 0.0671277 0.262092 9.9955E-05 9.9955E-05 9.9955E-05 0.67028
9.9982E-05 0.0812167 9.9982E-05 0.180814 0.400497 0.165072 0.11486 0.0573389
9.9964E-05 0.470603 0.0748794 0.22354 0.230577 9.9964E-05 9.9964E-05 9.9964E-05
9.9982E-05 0.209309 9.9982E-05 0.125743 0.319214 0.139496 0.022877 0.183161
0.060083 0.0317049 9.9982E-05 0.168709 0.426079 0.144627 9.9982E-05 0.168597
9.9982E-05 0.117409 0.129169 0.330788 0.202174 9.9982E-05 0.00653714 0.213723
9.9982E-05 0.0660042 0.0713227 0.0914539 0.354664 9.9982E-05 0.0367302 0.379625
9.9964E-05 0.897876 0.00248696 9.9964E-05 0.0850504 0.0141864 9.9964E-05 9.9964E-05
0.016548 0.0107441 0.0312488 0.199955 0.466885 9.9991E-05 0.0153908 0.259128
9.9964E-05 0.21575 9.9964E-05 0.385946 0.363672 0.0342324 9.9964E-05 9.9964E-05
0.0734438 9.9982E-05 0.102402 0.225841 0.31742 9.9982E-05 0.0707485 0.209945
9.9982E-05 0.140977 0.0308668 0.0302928 0.480337 0.0491724 9.9982E-05 0.268153
0.0330322 0.483875 9.9982E-05 0.00159647 0.331416 0.117759 0.032121 9.9982E-05
0.0945572 0.415764 9.9973E-05 0.00227138 0.14944 9.9973E-05 9.9973E-05 0.337667
9.9964E-05 0.540238 0.128721 9.9964E-05 0.0158256 9.9964E-05 9.9964E-05 0.314815
9.9964E-05 9.9964E-05 9.9964E-05 0.158427 0.40096 9.9964E-05 0.0177446 0.422468
0.0669096 0.736825 9.9955E-05 9.9955E-05 0.195765 9.9955E-05 9.9955E-05 9.9955E-05
0.065903 0.373909 9.9973E-05 9.9973E-05 0.164619 0.023425 9.9973E-05 0.371844
9.9982E-05 9.9982E-05 0.128925 0.173479 0.184031 0.00187418 0.110936 0.400555
0.0521941 0.947206 9.99461E-05 9.99461E-05 9.99461E-05 9.99461E-05 9.99461E-05 9.99461E-05
9.9973E-05 0.49207 9.9973E-05 0.0216601 0.386997 9.9973E-05 0.0760929 0.02288
9.9982E-05 0.0503029 0.0382664 0.198733 0.366273 0.0309496 9.9982E-05 0.315275
9.9991E-05 0.408702 0.0202819 0.030463 0.188498 0.00425562 0.0354438 0.312256
9.9973E-05 0.138734 9.9973E-05 0.253179 0.0697945 9.9973E-05 0.0431326 0.49486
0.0924144 9.9973E-05 0.00822546 0.103098 0.20408 9.9973E-05 9.9973E-05 0.591882
9.9982E-05 0.281042 9.9982E-05 0.0405833 0.2286 0.134853 0.0659849 0.248736
9.9964E-05 9.9964E-05 9.9964E-05 0.0675646 0.154359 0.0704808 9.9964E-05 0.707196
9.9964E-05 9.9964E-05 9.9964E-05 0.103139 0.320885 9.9964E-05 0.0142906 0.561285
0.0724823 9.9991E-05 0.0187541 0.146433 0.244181 0.0910498 0.0540724 0.372928
0.00214533 0.150464 0.0131317 0.263972 0.466196 0.0937515 0.0102395 9.9991E-05
9.9973E-05 0.289831 0.0354831 0.0468293 9.9973E-05 9.9973E-05 0.0178808 0.609676
0.0759487 9.9991E-05 0.0515834 0.164381 0.0850096 0.07001 0.0406779 0.51229
0.038069 0.114872 0.0022254 0.129776 0.143401 0.0887755 9.9991E-05 0.482782
0.0809068 9.9991E-05 0.0158922 0.142629 0.294399 0.16033 0.0634309 0.242313
0.0342491 9.9982E-05 9.9982E-05 0.0885093 0.44417 0.0640542 0.0361958 0.332622
0.0836052 0.300983 9.9982E-05 0.0643305 0.279171 9.9982E-05 0.0671534 0.204557
9.9964E-05 9.9964E-05 9.9964E-05 0.195677 0.183579 0.152593 9.9964E-05 0.467751
0.108089 9.9964E-05 9.9964E-05 0.117116 0.410081 9.9964E-05 9.9964E-05 0.364314
0.141992 0.00517628 0.0403076 0.140665 0.225353 0.151183 0.024453 0.270871
0.0222527 9.9991E-05 0.0756364 0.054041 0.0464005 0.285602 0.0772288 0.438739
0.0281052 0.251222 9.9991E-05 0.167876 0.205689 0.159631 0.0508434 0.136534
9.9973E-05 0.0397783 0.13244 0.176847 9.9973E-05 0.0637698 9.9973E-05 0.586865
9.9991E-05 0.0787829 0.0120793 0.0820825 0.452033 0.00957513 0.0384031 0.326944
9.9982E-05 9.9982E-05 0.0111157 0.129603 0.162649 0.0341986 0.112922 0.549312
0.0773526 9.9964E-05 9.9964E-05 0.0949934 9.9964E-05 0.14263 9.9964E-05 0.684624
0.0597564 9.9982E-05 9.9982E-05 0.0430366 0.257804 0.0759968 0.0238199 0.539386
9.9973E-05 0.39797 0.105529 9.9973E-05 0.0857744 0.0372134 9.9973E-05 0.373213
0.00580775 0.331602 9.9964E-05 9.9964E-05 0.492175 9.9964E-05 9.9964E-05 0.170015
9.9964E-05 9.9964E-05 9.9964E-05 0.233424 9.9964E-05 0.0314586 0.028165 0.706552
0.160649 9.9964E-05 9.9964E-05 0.295556 9.9964E-05 9.9964E-05 0.00395258 0.539443
9.9982E-05 9.9982E-05 0.103994 0.0987775 0.0410263 0.112151 0.057589 0.586262
9.9973E-05 9.9973E-05 0.0777285 0.132354 0.430632 0.0648937 9.9973E-05 0.294092
9.9973E-05 0.255183 9.9973E-05 0.348006 0.302293 9.9973E-05 0.0208563 0.0733611
9.9982E-05 0.132492 9.9982E-05 0.135662 0.443488 0.126754 0.00438089 0.157023
0.0258539 9.9982E-05 0.148235 0.1883 0.186978 0.0536393 9.9982E-05 0.396793
0.0109152 0.499806 9.9982E-05 0.190453 0.0946828 0.0888648 0.115079 9.9982E-05
9.9982E-05 0.132338 0.0531039 0.03002 0.222211 9.9982E-05 0.0863363 0.475791
0.015984 0.105512 0.041347 0.181719 0.387277 0.106408 9.9991E-05 0.161653
9.9973E-05 0.683079 0.0250802 0.0494052 0.21376 9.9973E-05 0.0283755 9.9973E-05
0.0323196 9.9982E-05 9.9982E-05 0.135211 0.54602 0.0168808 0.0862244 0.183144
9.9973E-05 9.9973E-05 9.9973E-05 0.204146 0.318433 0.123722 0.0680993 0.2853
9.9982E-05 0.0477122 9.9982E-05 0.188053 0.0998027 0.0608962 0.0467026 0.556633
9.9982E-05 9.9982E-05 0.0521278 0.0887806 0.0539874 0.0555264 0.0310248 0.718353
0.0346325 9.9982E-05 0.129621 0.153017 0.386575 9.9982E-05 0.00220061 0.293754
9.9973E-05 9.9973E-05 0.0267254 0.165592 0.280152 0.0859413 9.9973E-05 0.441289
0.0481412 9.9973E-05 9.9973E-05 0.0310839 0.103 9.9973E-05 0.063837 0.753638
0.00348639 9.9973E-05 9.9973E-05 0.28573 0.0911574 9.9973E-05 0.00574865 0.613577
9.9973E-05 0.128882 9.9973E-05 0.255941 0.311889 9.9973E-05 0.11029 0.192699
9.9973E-05 9.9973E-05 0.000645993 0.215569 0.124965 0.131573 9.9973E-05 0.526947
9.9964E-05 9.9964E-05 9.9964E-05 0.298476 0.0541134 0.127569 9.9964E-05 0.519441
0.0159226 9.99551E-05 9.99551E-05 0.142103 0.841474 9.99551E-05 9.99551E-05 9.99551E-05
9.9991E-05 0.00787817 0.0461098 0.139781 0.230072 0.15924 0.0159249 0.400893
9.9964E-05 9.9964E-05 0.0812081 0.252236 0.244574 9.9964E-05 9.9964E-05 0.421582
9.9982E-05 0.365238 0.00548263 0.104322 0.0142495 9.9982E-05 0.0883074 0.4222
9.9982E-05 0.27911 9.9982E-05 0.197093 0.115438 0.00475721 0.0175884 0.385814
0.0200482 0.0445352 9.9982E-05 0.105786 0.164624 0.0300232 9.9982E-05 0.634783
9.9964E-05 0.567177 9.9964E-05 9.9964E-05 9.9964E-05 0.00164261 0.0578468 0.372934
9.9973E-05 9.9973E-05 0.0487402 0.20948 0.430707 0.00587675 9.9973E-05 0.304895
0.0034464 0.295387 9.9973E-05 0.096962 0.164237 9.9973E-05 9.9973E-05 0.439668
0.0940102 0.0503833 0.0197396 9.9982E-05 0.0273327 0.0747888 9.9982E-05 0.733545
9.9973E-05 0.113203 0.114936 0.178986 0.529851 0.0627242 9.9973E-05 9.9973E-05
0.0155434 0.236204 0.0935978 0.109679 0.264207 9.9982E-05 9.9982E-05 0.280569
0.086645 0.454346 9.9982E-05 0.312346 0.0623211 9.9982E-05 0.0443164 0.0398255
0.0279716 9.9973E-05 9.9973E-05 9.9973E-05 0.383995 0.0152375 0.0540668 0.518429
9.9973E-05 9.9973E-05 0.0467653 0.140733 0.263976 9.9973E-05 0.0513278 0.496898
9.9973E-05 0.32073 0.0475468 0.109823 0.204794 9.9973E-05 9.9973E-05 0.316805
0.0119628 0.00077201 9.9982E-05 0.125195 0.362155 0.147371 9.9982E-05 0.352344
0.0517478 0.0228005 9.9991E-05 0.0173055 0.126381 0.0786913 0.00305103 0.699923
9.9964E-05 0.800227 0.0203553 9.9964E-05 9.9964E-05 9.9964E-05 0.0895099 0.0895081
9.9982E-05 9.9982E-05 0.0235313 0.176863 0.1847 0.0572498 0.0209268 0.536529
9.9964E-05 9.9964E-05 0.110064 9.9964E-05 0.384889 9.9964E-05 0.0011182 0.503529
0.0387531 0.00176786 9.9982E-05 0.18192 0.0594417 9.9982E-05 0.0792054 0.638712
0.00259734 0.0284819 9.9991E-05 0.324547 0.129313 0.0229381 0.0511247 0.440897
9.9982E-05 0.0480508 9.9982E-05 0.185679 0.0818547 0.0699944 0.0202876 0.593934
9.9973E-05 9.9973E-05 9.9973E-05 0.146539 0.184247 0.0891335 0.0434803 0.536301
0.0871061 0.0400233 9.9973E-05 0.15493 9.9973E-05 9.9973E-05 0.0674458 0.650195
9.9991E-05 0.0943745 0.0373311 0.149942 0.19086 0.0521071 0.00136639 0.473919
0.00226373 0.513298 9.9991E-05 0.00629985 0.233992 0.154511 0.00470594 0.0848293
9.9964E-05 9.9964E-05 0.00825615 0.177669 0.281653 9.9964E-05 9.9964E-05 0.532023
9.9964E-05 9.9964E-05 9.9964E-05 0.169071 9.9964E-05 0.103122 0.0161683 0.711238
0.0203693 0.133052 0.0546582 0.179688 0.298339 0.0625205 0.0402546 0.211119
9.9973E-05 0.365482 0.0604027 0.257465 0.0917297 9.9973E-05 9.9973E-05 0.22462
0.0224104 9.9973E-05 9.9973E-05 0.252945 0.0522696 0.192337 9.9973E-05 0.479739
9.9973E-05 0.215547 9.9973E-05 0.127702 0.244809 9.9973E-05 0.00932396 0.402318
9.9982E-05 0.0526455 9.9982E-05 0.0912268 0.0694554 0.0523325 0.0768134 0.657327
0.0169408 0.256881 9.9982E-05 0.112285 0.269695 9.9982E-05 0.001731 0.342267
0.0313212 0.0890536 0.0586869 0.264318 0.244831 0.0312732 0.021993 0.258523
9.9982E-05 0.431049 0.00423585 0.170097 0.162512 0.200277 0.0316297 9.9982E-05
9.9973E-05 0.255981 9.9973E-05 0.015408 9.9973E-05 0.0770841 0.0114372 0.63979
0.0616667 9.9991E-05 0.0824299 0.303322 0.218834 0.00809365 0.0307469 0.294807
0.011197 0.231029 9.9991E-05 0.144071 0.235897 0.0297783 0.0132713 0.334656
9.9973E-05 9.9973E-05 9.9973E-05 0.196716 0.30572 0.106545 0.0156759 0.375043
0.0124585 0.0174616 9.9982E-05 0.34008 0.0994541 9.9982E-05 0.0402887 0.490057
0.0141377 9.9982E-05 0.0341653 0.378204 0.315863 9.9982E-05 0.0105045 0.246925
9.9982E-05 0.183774 0.0991371 0.284318 0.185262 9.9982E-05 0.0199877 0.227321
0.0153453 9.9964E-05 9.9964E-05 0.140107 0.593625 9.9964E-05 9.9964E-05 0.250522
0.0588699 9.9982E-05 9.9982E-05 0.0723473 0.264402 0.137484 0.0969895 0.369707
0.05454 9.9964E-05 9.9964E-05 0.255414 0.00182606 9.9964E-05 9.9964E-05 0.68782
0.0963045 0.551225 9.9964E-05 9.9964E-05 9.9964E-05 0.0342867 9.9964E-05 0.317784
0.0372615 0.860951 0.0149311 9.9973E-05 9.9973E-05 9.9973E-05 0.0307238 0.0558327
0.0364156 0.126901 9.99845E-05 0.155419 0.0921088 0.0948691 9.99845E-05 0.494086
0.0417292 0.0760009 9.9991E-05 0.0675587 0.233805 0.174517 0.0213819 0.384907
0.0622969 0.0618783 9.9991E-05 0.0812417 0.463076 0.0917325 0.0790166 0.160658
0.0320532 0.154128 9.9982E-05 0.0507954 0.514603 9.9982E-05 0.0338432 0.214377
0.104199 0.186604 0.00420368 0.0281808 0.226763 9.9991E-05 0.0102805 0.439669
9.9982E-05 0.0914696 9.9982E-05 0.0483659 0.080037 0.221895 0.0384399 0.519592
0.081616 9.9991E-05 0.0595256 0.25224 0.0790324 0.0218057 0.036219 0.469462
0.0820328 9.9982E-05 9.9982E-05 0.263836 0.114867 0.0235555 0.00540517 0.510103
0.0102646 9.9982E-05 0.0651895 0.155264 0.0811927 9.9982E-05 0.125938 0.561952
0.222549 9.9973E-05 9.9973E-05 0.00533421 0.0669118 9.9973E-05 0.0347463 0.670159
9.9964E-05 0.0122428 9.9964E-05 0.254411 9.9964E-05 9.9964E-05 0.000858975 0.732087
9.9973E-05 9.9973E-05 0.0283266 0.157903 0.156362 9.9973E-05 0.0772719 0.579837
9.9964E-05 9.9964E-05 0.102343 0.384376 0.350323 9.9964E-05 9.9964E-05 0.162558
0.0982514 9.9973E-05 9.9973E-05 0.0926255 0.180004 0.0746541 9.9973E-05 0.554165
9.9982E-05 0.0894389 9.9982E-05 0.280425 0.00553975 0.126594 0.0122224 0.48558
0.113518 9.9982E-05 9.9982E-05 0.123148 0.283795 0.165296 0.028154 0.285889
0.067599 0.0242456 9.9991E-05 0.0394134 0.283751 0.094546 0.0448753 0.44547
0.0308516 0.136601 9.9982E-05 0.163187 9.9982E-05 0.0974851 0.0300554 0.54162
0.0304906 0.533073 0.0979997 0.134047 9.9991E-05 0.00910458 0.00594583 0.189239
9.9973E-05 0.383779 9.9973E-05 9.9973E-05 0.190054 0.125088 0.07442 0.226359
0.0289502 0.800507 0.0221737 9.9973E-05 9.9973E-05 9.9973E-05 0.0539286 0.0941408
0.0338719 9.9982E-05 9.9982E-05 0.0803593 0.271509 0.129897 0.0159136 0.468249
9.9973E-05 0.734699 9.9973E-05 0.0889063 9.9973E-05 0.0553423 0.0548674 0.0658849
0.0930109 0.674307 0.00983887 0.103031 0.119512 9.9973E-05 9.9973E-05 9.9973E-05
9.9973E-05 9.9973E-05 9.9973E-05 0.211786 0.228106 0.138488 0.0397932 0.381527
0.023894 0.0247068 0.080249 0.173469 0.0326478 0.102404 0.0142022 0.548427
9.9982E-05 9.9982E-05 0.00117659 0.234352 0.0593024 0.203118 0.0204547 0.481396
9.9973E-05 0.703889 0.0161462 9.9973E-05 0.20381 9.9973E-05 0.0105473 0.065308
9.9964E-05 9.9964E-05 0.079648 0.137089 0.152086 9.9964E-05 9.9964E-05 0.630777
9.9991E-05 0.384098 0.0291305 0.165606 0.259476 0.0775975 0.0616509 0.0223418
0.0723673 9.9964E-05 9.9964E-05 0.312871 9.9964E-05 0.111523 9.9964E-05 0.502839
0.0760155 0.747427 9.9973E-05 9.9973E-05 0.0860712 0.0139691 0.076217 9.9973E-05
0.0342157 0.0796209 0.017616 0.0674972 0.383559 0.0300912 0.0116769 0.375723
0.0655445 0.0318861 0.0384862 0.12445 9.9982E-05 9.9982E-05 0.0127123 0.726721
0.011414 9.9964E-05 9.9964E-05 0.0352971 9.9964E-05 0.0372351 9.9964E-05 0.915654
9.9973E-05 9.9973E-05 0.0156671 0.209943 0.199376 0.0903324 9.9973E-05 0.484382
0.0192103 0.683577 9.9964E-05 9.9964E-05 9.9964E-05 0.0987864 9.9964E-05 0.198027
9.9982E-05 0.158745 0.0385467 0.146108 0.28113 9.9982E-05 0.0525616 0.322709
0.142182 0.33233 0.0216407 0.114428 0.0727445 9.9991E-05 0.0796746 0.2369
9.9973E-05 9.9973E-05 9.9973E-05 0.299257 0.0313239 0.204726 0.0263947 0.437998
0.0709691 0.681082 0.00904646 9.9982E-05 0.0998681 9.9982E-05 0.035767 0.103067
0.03366 0.03478 0.099583 0.0142241 0.27684 0.0824533 0.0579555 0.400504
9.9991E-05 0.31326 0.0164835 0.0301896 0.42787 0.0149813 0.101713 0.0954024
0.06753 0.0392991 9.9991E-05 0.247035 0.0674643 0.0541645 0.0137196 0.510688
9.9982E-05 0.104518 0.0933504 0.134911 0.527195 9.9982E-05 0.0654659 0.0743601
9.9982E-05 0.531763 0.0190804 9.9982E-05 0.0110507 0.0991755 0.052871 0.285859
9.9964E-05 9.9964E-05 9.9964E-05 0.285706 0.00064803 0.232023 9.9964E-05 0.481224
9.9973E-05 9.9973E-05 0.0232592 0.163473 0.21707 0.142038 9.9973E-05 0.45386
0.0198154 9.9982E-05 0.0575569 0.136985 0.294851 9.9982E-05 0.0348508 0.455741
9.9982E-05 9.9982E-05 0.00803926 0.0159748 0.207709 0.196455 0.0458837 0.525739
9.9991E-05 0.359516 0.0018518 0.126746 0.370501 0.0127834 0.00902557 0.119476
0.0941 9.9991E-05 0.0256582 0.0913569 0.351704 0.0331148 0.0891296 0.314837
0.00184447 9.9991E-05 0.0269023 0.032441 0.0183336 0.167638 0.0557394 0.697002
9.9964E-05 0.0629426 9.9964E-05 0.216076 9.9964E-05 0.131528 9.9964E-05 0.589054
9.9973E-05 0.40851 0.0304168 0.226909 0.184185 9.9973E-05 9.9973E-05 0.149679
9.9991E-05 0.288278 0.0683335 0.157474 0.218709 0.0535394 0.00567809 0.207888
9.9982E-05 0.028459 0.0565679 0.0631815 9.9982E-05 0.0618785 0.0844963 0.705217
9.9964E-05 9.9964E-05 9.9964E-05 0.221908 0.59647 0.168882 0.0123392 9.9964E-05
9.9991E-05 0.184695 0.0104363 0.0101946 0.387355 0.157655 0.0526011 0.196963
9.9973E-05 9.9973E-05 9.9973E-05 0.189888 0.360219 0.0998142 0.0161925 0.333587
9.9982E-05 0.324801 0.110592 0.236433 0.248987 9.9982E-05 0.0413274 0.0376589
0.150549 9.9964E-05 9.9964E-05 0.234054 0.439104 9.9964E-05 9.9964E-05 0.175894
0.069807 0.380999 9.9973E-05 0.138139 0.216479 9.9973E-05 9.9973E-05 0.194276
9.9964E-05 9.9964E-05 0.150448 9.9964E-05 0.149175 9.9964E-05 0.0596485 0.640329
0.065613 9.9982E-05 9.9982E-05 0.179591 0.111541 0.0072707 0.0130582 0.622725
0.0456958 9.9973E-05 9.9973E-05 0.19712 0.132348 9.9973E-05 0.0289255 0.595612
9.9973E-05 9.9973E-05 0.0514388 0.239785 9.9973E-05 0.0898151 0.00158521 0.617076
0.0628744 9.9973E-05 0.0653387 0.2926 9.9973E-05 9.9973E-05 0.0466262 0.532261
0.0212464 9.9982E-05 9.9982E-05 0.191184 0.123565 0.12171 0.0431587 0.498936
0.0213782 0.18783 9.9982E-05 9.9982E-05 0.42909 0.0273741 0.112482 0.221645
0.0392107 9.9973E-05 0.0510969 0.113569 0.699469 9.9973E-05 9.9973E-05 0.096355
0.000164287 9.9973E-05 9.9973E-05 0.203357 0.103234 0.0306434 9.9973E-05 0.662302
9.9982E-05 0.0686281 0.0631819 0.0844601 0.0766375 9.9982E-05 0.0578024 0.64909
9.9982E-05 0.0301987 9.9982E-05 0.0952266 0.313649 0.165447 0.0555193 0.33976
0.0376209 0.196379 9.9982E-05 9.9982E-05 0.560789 0.0306663 0.121752 0.0525929
9.9982E-05 9.9982E-05 0.0804865 0.266195 0.119016 0.150466 0.0305518 0.353084
0.0355662 9.9991E-05 0.0713829 0.131485 0.1018 0.0439843 0.0428505 0.572831
9.9982E-05 0.774098 9.9982E-05 0.0753268 0.00261118 0.0684777 0.0660874 0.0131991
0.0250389 0.621732 9.9982E-05 0.0250961 0.0543733 9.9982E-05 0.0394975 0.234062
0.0504044 9.9982E-05 9.9982E-05 0.336331 0.14753 0.0508459 0.040748 0.373941
0.310253 9.9982E-05 0.0589715 0.112208 9.9982E-05 0.124808 0.0178849 0.375675
0.0565077 0.0591895 0.341379 0.0662249 0.121387 0.298157 9.9991E-05 0.0570549
0.179409 0.00799619 0.190954 0.0294963 0.102062 0.210227 0.00486681 0.274989
0.0446641 9.9973E-05 0.0592582 0.171885 9.9973E-05 0.077152 9.9973E-05 0.646741
0.208836 9.9982E-05 0.25436 0.0648051 9.9982E-05 0.283363 0.0598259 0.12861
0.28379 9.9982E-05 0.235038 0.0580079 9.9982E-05 0.0296218 0.0176394 0.375703
0.357376 0.0421077 0.140816 0.00820733 0.220679 0.0520067 9.9991E-05 0.178707
0.326639 0.0353013 0.185889 0.105842 9.9991E-05 0.204969 0.0344888 0.106771
0.335468 0.0256259 0.193547 0.0490276 0.0710603 0.0583173 0.0376624 0.229292
0.226588 0.0118145 0.186939 0.169833 9.9991E-05 0.0860769 0.0171047 0.301544
0.104761 9.9991E-05 0.184727 0.224343 0.215496 0.0361511 0.00879075 0.225631
0.155379 0.014416 0.252959 0.0443027 0.0516478 0.23167 9.9991E-05 0.249525
0.184061 9.9991E-05 0.046163 0.0989497 0.0516368 0.1294 0.0716528 0.418037
0.236872 9.9982E-05 0.0164882 0.14111 9.9982E-05 0.327979 0.0573072 0.220044
0.195355 9.9982E-05 0.144263 0.0246044 9.9982E-05 0.285853 0.0280857 0.321639
0.208538 9.9982E-05 0.221383 9.9982E-05 0.249485 0.199222 0.0666695 0.0545024
0.0500697 9.9991E-05 0.265772 0.0975672 0.0685413 0.106868 0.0402893 0.370792
0.0976666 9.9991E-05 0.142597 0.143752 0.210964 0.18338 0.052443 0.169098
0.0329574 0.728283 0.0912433 0.0777715 0.0515356 9.9982E-05 0.0180089 9.9982E-05
0.311252 0.0174474 0.130513 0.133264 9.9982E-05 9.9982E-05 0.00190677 0.405417
0.299381 0.00749905 0.221431 0.222785 0.0219845 0.00814837 0.0506687 0.168102
0.0501518 0.110233 0.0445035 0.149522 0.0378034 0.0649716 0.0173176 0.525497
0.313368 0.0285961 0.244831 0.0804003 9.9982E-05 0.242698 9.9982E-05 0.0899062
0.351631 9.9964E-05 0.229471 0.311752 9.9964E-05 0.106746 9.9964E-05 9.9964E-05
0.0822152 9.9973E-05 0.129361 0.180185 0.450777 9.9973E-05 9.9973E-05 0.157162
0.24267 0.0425847 0.294467 9.9982E-05 9.9982E-05 0.108295 0.0658408 0.245943
0.0704034 9.9982E-05 0.160247 9.9982E-05 0.137984 0.212702 0.0612792 0.357184
0.208034 9.9982E-05 0.116084 0.0233489 0.18303 0.221707 9.9982E-05 0.247597
0.322908 0.0448077 0.248758 9.9982E-05 0.114867 0.122111 9.9982E-05 0.146347
0.29244 0.00539082 0.198485 0.208419 0.0574417 0.150213 0.0875098 9.9991E-05
0.265926 9.9991E-05 0.189239 0.0471245 0.0148495 0.372225 0.0220358 0.0884996
9.994E-05 9.994E-05 0.9993 9.994E-05 9.994E-05 9.994E-05 9.994E-05 9.994E-05
0.215368 9.9991E-05 0.190999 0.0644932 0.0312156 0.182105 0.11931 0.196409
0.343936 9.9991E-05 0.0436344 0.0717534 0.100421 0.208904 0.0873914 0.14386
0.410054 0.0761348 0.193661 0.0941689 0.142609 0.0539921 0.0292804 9.9991E-05
0.372086 0.00345964 0.123244 9.9991E-05 0.210814 0.0995751 0.0361394 0.154581
0.33274 0.0833538 0.178151 0.0924184 0.0191523 0.169811 9.9991E-05 0.124274
0.0672751 9.9982E-05 9.9982E-05 0.178836 0.0279482 0.168067 0.0808126 0.476861
0.239346 9.9982E-05 0.225052 0.121119 9.9982E-05 0.154918 0.130689 0.128676
0.137356 9.9982E-05 0.196392 0.0748208 9.9982E-05 0.211993 0.0425183 0.33672
0.175599 9.9982E-05 0.263333 0.0506315 0.114672 0.0722859 9.9982E-05 0.323279
0.1452 9.9982E-05 0.0905403 9.9982E-05 0.221031 0.306417 0.0106165 0.225995
9.994E-05 9.994E-05 0.9993 9.994E-05 9.994E-05 9.994E-05 9.994E-05 9.994E-05
0.0639205 0.0426108 0.0469571 0.0883863 0.121665 0.141247 0.00593263 0.489281
0.23544 0.0099086 0.177719 9.9991E-05 0.00676229 0.238631 0.0521988 0.27924
9.9982E-05 0.204107 9.9982E-05 0.0380979 0.41466 0.0405456 0.0339151 0.268475
9.9973E-05 9.9973E-05 9.9973E-05 0.117199 0.21875 0.271447 0.0600104 0.332294
0.110721 0.0254425 0.0331644 0.195207 0.141953 9.9991E-05 0.0117817 0.48163
0.261671 0.024413 0.304592 0.159103 9.9982E-05 9.9982E-05 0.0266449 0.223375
0.305543 9.9991E-05 0.167397 0.00163525 0.0988557 0.039248 0.0577362 0.329484
0.476792 0.0167458 0.227026 0.060971 9.9982E-05 9.9982E-05 0.0497193 0.168546
0.205428 9.9982E-05 0.19451 0.0826965 0.180459 0.0990932 9.9982E-05 0.237613
0.346753 0.0316313 0.0297649 0.146126 0.138118 0.207922 9.9991E-05 0.0995847
0.386794 0.0156737 0.0502997 9.9991E-05 0.00655915 0.111837 0.0767178 0.352019
0.245785 9.9973E-05 0.103839 0.0576651 9.9973E-05 0.1508 9.9973E-05 0.441611
0.201519 9.9973E-05 0.315466 9.9973E-05 0.0929714 0.233691 9.9973E-05 0.156053
0.111263 9.9973E-05 0.382492 9.9973E-05 0.154271 9.9973E-05 0.0329512 0.318722
9.9955E-05 0.0023853 9.9955E-05 9.9955E-05 9.9955E-05 0.992745 9.9955E-05 0.00437039
0.254443 9.9973E-05 0.398368 9.9973E-05 0.00404744 0.0747997 9.9973E-05 0.268043
0.314793 9.9982E-05 0.138292 0.0135464 9.9982E-05 0.198975 0.021794 0.3124
0.270085 0.0325219 0.306752 0.0662291 9.9991E-05 0.126727 0.0263061 0.171279
0.286171 9.9991E-05 0.155248 0.0687384 0.0960074 0.263281 0.0148225 0.115632
0.091843 9.9973E-05 9.9973E-05 0.275438 0.0403673 0.0744559 9.9973E-05 0.517596
0.244575 9.9991E-05 0.153486 0.0453026 0.0833331 0.336631 0.00944568 0.127127
0.11402 0.143717 0.0146434 0.122649 0.291211 9.9991E-05 0.0200873 0.293573
0.427343 0.0134466 0.0774437 0.057525 9.9991E-05 0.0526712 0.0657273 0.305743
0.349975 0.0707054 0.128371 0.0846435 0.052794 0.140666 0.0279936 0.144851
9.9982E-05 0.109911 9.9982E-05 0.0303615 0.275693 0.21287 0.0671244 0.30384
0.239845 0.0742703 0.193635 9.9991E-05 0.0261076 0.223552 0.0580916 0.184399
0.118914 9.9991E-05 0.251959 0.00544882 0.260002 0.19194 0.0270691 0.144566
9.994E-05 9.994E-05 9.994E-05 9.994E-05 9.994E-05 0.9993 9.994E-05 9.994E-05
0.412837 9.9982E-05 0.0383905 9.9982E-05 0.123706 0.249183 0.0311353 0.144549
0.190524 9.9991E-05 0.156518 0.27353 0.0746916 0.0564704 0.0733956 0.17477
0.304189 9.9991E-05 0.142572 0.0367174 0.0437705 0.170877 0.0378963 0.263879
0.208485 9.9982E-05 0.266352 9.9982E-05 0.12432 0.0941508 0.0323113 0.274181
0.269484 9.9973E-05 0.0578477 0.205287 9.9973E-05 0.220532 9.9973E-05 0.246549
0.0127437 9.9982E-05 0.16469 0.080132 0.137309 0.150253 9.9982E-05 0.454673
0.208105 9.9982E-05 0.184416 0.116825 0.13685 0.227842 9.9982E-05 0.125762
0.245979 9.9982E-05 0.125523 0.0595042 0.160839 0.0588321 9.9982E-05 0.349123
9.9964E-05 0.788472 9.9964E-05 9.9964E-05 0.0383252 0.144716 0.0280876 9.9964E-05
0.336343 9.9973E-05 0.0316699 9.9973E-05 9.9973E-05 0.19813 0.071768 0.361789
0.0934323 0.155393 9.9982E-05 0.0883723 0.0633433 9.9982E-05 0.0179662 0.581293
0.345757 0.0358654 0.311529 0.0796987 0.0765039 0.0821193 0.0120874 0.0564391
0.246868 9.9991E-05 0.0745026 0.238759 0.0906767 0.110889 0.0480919 0.190113
0.189323 9.9973E-05 9.9973E-05 9.9973E-05 0.0485563 0.30286 0.0262346 0.432726
9.9982E-05 9.9982E-05 0.0875712 0.119199 0.00400832 0.166305 0.0559707 0.566746
0.123676 9.9982E-05 0.28586 9.9982E-05 0.0956491 0.141594 0.00908148 0.343939
0.19957 9.9982E-05 0.132913 0.0240632 9.9982E-05 0.300778 0.0470669 0.295409
0.420842 9.9991E-05 0.145765 0.0518727 0.0639787 0.0678808 0.0257373 0.223824
9.9973E-05 9.9973E-05 0.345365 0.0145184 9.9973E-05 0.363907 0.0251677 0.250742
0.0794685 0.024228 0.0586847 0.276336 0.0772247 0.0405577 9.9991E-05 0.443401
0.291575 9.9991E-05 0.232311 0.0838194 0.0926036 0.103216 0.0088566 0.187518
0.28367 9.9973E-05 0.16804 9.9973E-05 0.245718 9.9973E-05 0.027969 0.274303
0.190431 9.9991E-05 0.28669 0.0113931 0.0553039 0.0849265 0.00724774 0.363908
0.0440127 0.0352029 9.9973E-05 0.152352 0.12125 9.9973E-05 9.9973E-05 0.646882
0.0759953 9.9991E-05 0.261371 0.00513144 0.215869 0.275856 0.067973 0.0977038
0.348085 9.9991E-05 0.204553 0.0704877 0.20393 0.0592818 0.0678912 0.045672
0.0686664 9.9991E-05 0.255433 0.0723633 0.0128186 0.271748 0.0123897 0.306481
0.23808 9.9973E-05 9.9973E-05 9.9973E-05 0.0407059 0.317901 0.0875842 0.315428
9.9964E-05 9.9964E-05 9.9964E-05 0.219035 0.418257 9.9964E-05 0.0210438 0.341265
9.9964E-05 0.840999 9.9964E-05 9.9964E-05 0.0639564 0.0643574 0.0302878 9.9964E-05
0.239682 9.9991E-05 0.152472 0.0254907 0.288033 0.203856 0.0398153 0.0505513
0.130183 9.9982E-05 0.0890567 0.103075 9.9982E-05 0.171571 0.0567496 0.449164
0.216371 9.9982E-05 0.0918576 0.0723568 0.0190089 0.257576 9.9982E-05 0.34263
0.157778 0.0160963 0.281575 0.282308 9.9991E-05 0.0993037 0.0547605 0.108079
0.347781 0.0331022 0.195148 9.9982E-05 9.9982E-05 0.198771 0.0421071 0.18289
0.226 9.9973E-05 0.23971 9.9973E-05 9.9973E-05 0.162198 0.00864755 0.363144
0.434179 9.9982E-05 0.117797 9.9982E-05 0.110186 0.190221 0.0224285 0.124988
0.21978 0.0137704 0.291498 0.115401 9.9991E-05 0.172957 0.0353602 0.151133
0.327981 0.0394513 0.212152 9.9982E-05 0.0778844 0.0903661 9.9982E-05 0.251965
0.0696177 9.9982E-05 0.206253 0.146728 9.9982E-05 0.13697 0.104508 0.335723
0.0807415 9.9973E-05 9.9973E-05 0.235051 0.0876041 0.180623 9.9973E-05 0.41568
0.35797 9.9982E-05 0.241989 9.9982E-05 0.0525724 0.162449 0.0125183 0.172301
0.232243 9.9982E-05 0.151251 0.118114 9.9982E-05 0.178579 0.000235219 0.319378
9.9964E-05 9.9964E-05 9.9964E-05 0.159551 9.9964E-05 0.157006 0.0762455 0.606798
0.286028 0.0106726 0.212336 0.205715 0.132928 0.10722 9.9991E-05 0.045
9.9973E-05 9.9973E-05 9.9973E-05 0.16906 0.342821 0.0313424 0.033679 0.422797
0.0123742 0.0546433 0.219511 0.0994707 9.9982E-05 0.284947 9.9982E-05 0.328853
0.334134 9.9982E-05 0.024559 9.9982E-05 0.158462 0.265046 0.0239099 0.193689
0.125841 9.9982E-05 9.9982E-05 0.0598528 0.223347 0.120634 0.0155261 0.454599
0.385938 9.9973E-05 0.1757 0.0851213 0.211573 9.9973E-05 9.9973E-05 0.141368
0.321817 0.00908692 0.0257098 0.269429 0.128589 9.9982E-05 9.9982E-05 0.245168
9.994E-05 9.994E-05 9.994E-05 9.994E-05 9.994E-05 9.994E-05 0.9993 9.994E-05
9.994E-05 9.994E-05 9.994E-05 9.994E-05 9.994E-05 9.994E-05 0.9993 9.994E-05
0.304442 9.9982E-05 0.113921 0.0215978 9.9982E-05 0.329037 0.0242318 0.206569
0.230991 0.0163867 0.160099 9.9982E-05 9.9982E-05 0.2651 0.0209717 0.306251
0.411811 9.9991E-05 0.151905 0.0559102 0.175302 0.0900303 0.0422329 0.0727087
0.33934 9.9982E-05 0.10012 0.125222 0.146511 0.107191 9.9982E-05 0.181417
0.203506 0.0179412 0.150357 0.009499 9.9991E-05 0.248269 0.0264372 0.34389
0.155711 9.9973E-05 0.339599 0.130251 9.9973E-05 0.279441 9.9973E-05 0.0946981
0.239571 9.9973E-05 0.188586 0.268936 9.9973E-05 0.0903862 9.9973E-05 0.21222
9.9964E-05 9.9964E-05 0.0173111 0.232281 0.0772956 9.9964E-05 9.9964E-05 0.672712
0.237028 9.9991E-05 0.128959 0.0246673 0.201368 0.199874 0.0648208 0.143182
0.340634 0.0629643 0.15774 0.0578813 9.9982E-05 0.15576 9.9982E-05 0.224821
0.206633 0.0577815 0.341586 9.9991E-05 0.0161023 0.335279 0.00152742 0.0409909
0.102644 0.0334278 0.338422 0.176433 9.9982E-05 0.224441 9.9982E-05 0.124433
0.10418 9.9982E-05 0.115376 9.9982E-05 0.260289 0.308476 0.0602397 0.151239
0.21735 0.0431067 0.158021 0.111879 0.0074921 0.0441931 0.0422804 0.375677
0.0761284 9.9982E-05 0.137746 0.0908375 9.9982E-05 0.0877763 0.0557033 0.551609
0.126922 0.0157299 0.124764 0.0379138 0.305471 0.263753 9.9991E-05 0.125346
0.115241 9.9982E-05 0.127518 9.9982E-05 0.190852 0.280023 0.0283508 0.257814
0.295804 9.9973E-05 0.178523 9.9973E-05 0.434016 0.082185 0.00917331 9.9973E-05
