0.00308443 0.0796097 0.242951 0.0408363 0.517006 0.0470571 9.9991E-05 0.069355
0.138645 0.187952 0.381753 0.121269 0.165749 9.9982E-05 9.9982E-05 0.00443252
0.0368254 0.297855 0.335091 0.0672317 0.262355 0.000441867 9.9982E-05 9.9982E-05
0.136764 0.038574 0.0200217 0.0794145 0.585539 0.00961529 0.129972 9.9991E-05
0.13265 0.114532 0.121649 0.0303187 0.567186 9.9982E-05 9.9982E-05 0.0334655
9.9955E-05 0.323025 9.9955E-05 9.9955E-05 9.9955E-05 9.9955E-05 0.65509 0.0213853
9.9973E-05 0.042499 0.370353 9.9973E-05 0.492238 0.052658 9.9973E-05 0.0419519
9.9964E-05 0.17338 9.9964E-05 0.0314683 9.9964E-05 9.9964E-05 0.780592 0.0141598
9.999E-05 0.140269 0.303562 0.0583331 0.413693 0.011405 0.00743904 0.0651984
0.0179375 0.209785 0.172937 0.197154 0.401887 9.9973E-05 9.9973E-05 9.9973E-05
9.9982E-05 0.123736 0.118407 0.105702 0.537134 0.110284 9.9982E-05 0.0045367
0.00857695 0.0946806 0.17574 0.0875146 0.35211 9.9991E-05 0.202121 0.0791562
9.9973E-05 0.076562 0.631488 0.0567582 0.203276 9.9973E-05 9.9973E-05 0.0316154
9.9973E-05 0.226882 9.9973E-05 0.122585 0.581835 9.9973E-05 0.0299065 0.0384919
9.9964E-05 0.271719 0.117803 0.00120356 9.9964E-05 9.9964E-05 0.608874 9.9964E-05
0.0726727 0.360623 0.132226 0.104699 0.310333 9.9982E-05 9.9982E-05 0.019247
9.9982E-05 0.320529 0.0320705 0.0623017 0.385984 9.9982E-05 0.108384 0.0905307
0.124145 9.9973E-05 0.30613 9.9973E-05 0.513818 0.0137326 9.9973E-05 0.0418748
0.0298251 0.17843 0.293994 0.104756 0.318663 9.9982E-05 9.9982E-05 0.0741313
0.073952 0.0737178 9.9973E-05 0.250956 0.57917 9.9973E-05 9.9973E-05 0.0219046
0.0507433 0.0561883 0.368632 9.9973E-05 0.439157 9.9973E-05 9.9973E-05 0.0849792
0.0827099 0.122234 0.178103 0.0984635 0.422928 9.9982E-05 0.0953622 9.9982E-05
9.9973E-05 0.229858 0.0896672 0.211734 0.431724 9.9973E-05 9.9973E-05 0.0367168
9.9982E-05 0.0423135 0.0729674 0.213352 0.0438879 0.0339301 0.593349 9.9982E-05
0.147854 9.9973E-05 0.219029 0.0491824 0.498365 9.9973E-05 9.9973E-05 0.0852697
0.075374 0.167798 0.155835 9.9964E-05 9.9964E-05 9.9964E-05 0.600594 9.9964E-05
0.0802226 0.382833 9.9973E-05 9.9973E-05 0.113448 9.9973E-05 0.380257 0.0429397
9.9955E-05 9.9955E-05 9.9955E-05 9.9955E-05 0.666712 9.9955E-05 0.321819 0.0109694
0.0375424 0.278606 9.9973E-05 0.0735412 0.0608662 9.9973E-05 0.549145 9.9973E-05
0.0308892 0.0683375 9.9973E-05 0.0576157 0.681603 9.9973E-05 0.161255 9.9973E-05
9.9982E-05 0.167466 0.231686 0.0287021 0.104038 9.9982E-05 0.41814 0.0497679
0.144386 0.136795 0.214733 0.0200987 0.440993 9.9982E-05 9.9982E-05 0.0427945
9.9973E-05 0.45183 9.9973E-05 0.165309 0.23883 9.9973E-05 0.109276 0.0344545
9.9946E-05 9.9946E-05 9.9946E-05 9.9946E-05 0.151798 9.9946E-05 0.847602 9.9946E-05
0.0443443 0.0470671 9.9973E-05 0.0377508 9.9973E-05 0.105162 0.765376 9.9973E-05
0.0494173 0.125428 0.40231 9.9973E-05 0.318064 9.9973E-05 0.10448 9.9973E-05
0.0381292 9.9982E-05 0.109496 0.153109 0.541519 9.9982E-05 0.129113 0.0284334
0.0307592 0.0973114 0.333593 0.0996747 0.38354 0.0434596 9.9991E-05 0.0115623
0.109441 9.9973E-05 9.9973E-05 0.0512033 0.147642 0.00422476 0.687189 9.9973E-05
0.0585782 0.254903 0.225992 0.0128796 9.9982E-05 9.9982E-05 0.364099 0.0833484
9.9982E-05 0.304618 0.373936 0.0655888 9.9982E-05 0.0591436 0.183454 0.0130593
9.9964E-05 0.489458 0.0610314 9.9964E-05 0.445101 9.9964E-05 9.9964E-05 0.00400968
0.0126714 0.148726 0.286324 0.0473841 0.365461 9.9991E-05 0.101892 0.037441
0.0124329 9.9991E-05 0.254836 0.0400074 0.139268 0.0321561 0.516204 0.00499612
9.9973E-05 0.211506 0.327005 0.114329 0.26386 0.0830008 9.9973E-05 9.9973E-05
0.0650605 0.0123453 0.496367 0.217498 0.157727 0.0305429 9.9991E-05 0.02036
0.0827595 0.288236 0.010359 0.128965 0.379089 9.9991E-05 0.0303456 0.0801458
0.0786958 0.457981 0.0686468 0.0512724 0.340138 9.9982E-05 9.9982E-05 0.00306596
0.0938319 0.178086 0.242255 0.154147 0.252526 9.9982E-05 9.9982E-05 0.0789532
0.0920141 0.433657 0.016805 9.9973E-05 9.9973E-05 9.9973E-05 0.392526 0.0646987
0.044973 0.142113 0.0301656 0.102187 0.626794 0.0535675 9.9982E-05 9.9982E-05
9.999E-05 0.120292 0.0281684 0.146313 0.228832 0.0340978 0.380516 0.0616798
0.0938691 0.178873 0.465709 0.0951819 0.166067 9.9973E-05 9.9973E-05 9.9973E-05
0.0346704 0.0770413 0.0504875 9.9964E-05 9.9964E-05 9.9964E-05 0.837401 9.9964E-05
9.9982E-05 0.366989 0.0554572 0.0470506 0.182905 9.9982E-05 0.323931 0.023468
9.9973E-05 0.0744649 0.291042 0.0152953 0.534645 9.9973E-05 9.9973E-05 0.0842528
9.9973E-05 0.00358546 0.135574 0.116545 0.66401 0.0799864 9.9973E-05 9.9973E-05
9.9973E-05 0.130984 9.9973E-05 0.0944122 0.503042 9.9973E-05 0.116678 0.154583
9.9973E-05 0.299497 0.0346392 0.187216 0.229958 9.9973E-05 0.24839 9.9973E-05
9.9964E-05 0.0454437 0.117915 9.9964E-05 0.493131 9.9964E-05 0.343111 9.9964E-05
0.0056004 0.188725 9.9973E-05 9.9973E-05 9.9973E-05 0.027912 0.731375 0.046088
0.00960433 0.245196 9.9955E-05 9.9955E-05 9.9955E-05 9.9955E-05 0.7447 9.9955E-05
0.0268398 9.9973E-05 0.26415 9.9973E-05 0.600027 9.9973E-05 0.030587 0.0780965
9.99461E-05 9.99461E-05 9.99461E-05 0.145556 9.99461E-05 9.99461E-05 0.853845 9.99461E-05
0.00359071 0.32098 0.124207 0.0512084 0.426196 0.0139512 9.9991E-05 0.0597656
0.0354701 9.9982E-05 0.0641189 0.0114783 0.0901171 0.0243057 0.77431 9.9982E-05
9.9973E-05 0.0018989 0.0216238 0.189886 0.634614 9.9973E-05 9.9973E-05 0.151678
0.0122991 0.253882 0.333163 0.0959984 0.138202 9.9991E-05 0.103623 0.0627315
9.9982E-05 0.0426271 0.293321 0.197217 0.394493 0.0353437 9.9982E-05 0.0367979
9.9946E-05 0.387563 9.9946E-05 9.9946E-05 9.9946E-05 9.9946E-05 0.611838 9.9946E-05
9.9973E-05 9.9973E-05 0.222664 0.310479 0.336782 0.0336028 9.9973E-05 0.0961729
0.0830785 0.0556752 0.316873 0.0825327 0.319592 9.9991E-05 0.0410935 0.101055
0.0181535 0.18282 9.9991E-05 0.0760928 0.331341 0.103796 0.233058 0.0546386
9.9982E-05 0.162216 0.468978 0.114324 0.185695 0.0155136 9.9982E-05 0.0530748
9.9991E-05 0.155825 0.223552 0.0857446 0.418981 0.0115406 0.0143578 0.0898984
9.9973E-05 9.9973E-05 0.102046 0.113923 0.418114 9.9973E-05 0.347182 0.0184355
0.0743771 0.123315 0.111221 0.0263196 0.620696 0.0438709 9.9982E-05 9.9982E-05
0.157309 0.284482 9.9982E-05 0.104346 0.273051 0.0351995 0.145414 9.9982E-05
9.9982E-05 0.271743 0.242361 0.141354 0.201846 9.9982E-05 0.0978284 0.0446675
0.0962292 0.114214 0.316131 9.9982E-05 0.387492 9.9982E-05 0.00228025 0.0834534
0.0605128 0.271678 0.329778 0.203793 0.0734901 9.9982E-05 9.9982E-05 0.0605485
9.9973E-05 0.295166 0.0599167 0.120628 0.45748 9.9973E-05 9.9973E-05 0.0665097
0.0191851 0.0906623 0.119902 0.255291 0.424655 9.9982E-05 9.9982E-05 0.0901044
0.0150076 0.0461735 0.160645 0.225445 0.552428 9.9973E-05 9.9973E-05 9.9973E-05
0.0492502 0.166475 0.209418 0.0745672 0.478775 0.0213156 9.9982E-05 9.9982E-05
9.9982E-05 0.151922 0.235392 0.210204 0.23792 9.9982E-05 0.0831654 0.0811965
0.0208759 0.230237 0.275008 0.0284207 0.158807 9.9982E-05 0.286452 9.9982E-05
9.9964E-05 0.501283 9.9964E-05 0.117639 0.251499 9.9964E-05 0.129179 9.9964E-05
9.9973E-05 0.125122 9.9973E-05 0.0227052 0.0396393 9.9973E-05 0.76204 0.0501933
0.134378 0.275823 0.060949 0.0610773 0.262965 0.0272737 0.176627 0.000907951
0.00513899 0.296887 0.239134 0.343094 0.108376 0.00700689 9.9991E-05 0.000263514
0.0620876 0.46528 9.9964E-05 9.9964E-05 0.0278369 9.9964E-05 0.444396 9.9964E-05
9.9982E-05 0.0540821 0.307627 0.111456 0.415892 9.9982E-05 0.0901159 0.0206266
9.9964E-05 0.0440305 0.152359 9.9964E-05 0.541836 9.9964E-05 0.261375 9.9964E-05
9.9973E-05 0.318431 0.017023 0.0614597 0.176296 9.9973E-05 0.426491 9.9973E-05
0.00699216 0.162636 0.000980106 0.0694256 9.9982E-05 9.9982E-05 0.753321 0.0064453
0.0142407 0.210769 0.135581 0.121038 0.40354 9.9991E-05 0.0730527 0.0416785
9.9973E-05 0.457914 0.150731 0.178247 0.163008 9.9973E-05 9.9973E-05 0.0497998
0.118602 0.102791 0.17843 0.237467 0.342937 0.0087293 0.0109438 9.9991E-05
9.9973E-05 0.0481324 0.0765508 9.9973E-05 0.649269 0.0407877 0.18496 9.9973E-05
9.9973E-05 0.346544 0.0753384 0.129103 9.9973E-05 9.9973E-05 0.406987 0.0417281
0.0689977 0.0546817 0.251303 0.108496 0.493765 9.9982E-05 0.0225569 9.9982E-05
0.114183 9.9982E-05 0.27236 0.104701 0.389584 0.037901 9.9982E-05 0.081071
0.0253529 0.0570888 0.0527404 0.13003 0.630848 9.9982E-05 9.9982E-05 0.10374
0.0971186 0.0509446 0.179328 0.184522 0.431473 0.0564145 9.9982E-05 9.9982E-05
9.9964E-05 0.0803213 0.0516589 0.139024 9.9964E-05 9.9964E-05 0.728596 9.9964E-05
0.10496 0.237501 9.9973E-05 0.160271 9.9973E-05 0.0901533 0.406815 9.9973E-05
9.9982E-05 0.0156152 0.227712 0.181883 0.536627 0.0196106 0.0183527 9.9982E-05
9.9982E-05 0.0895075 0.350044 0.132535 0.3604 9.9982E-05 0.0456687 0.0216453
0.0140051 0.0955486 0.104234 0.0591289 0.635698 9.9982E-05 9.9982E-05 0.0911855
9.9982E-05 0.374794 0.190572 0.0118634 0.0113279 0.0381455 0.373098 9.9982E-05
9.9955E-05 0.0367243 9.9955E-05 9.9955E-05 9.9955E-05 0.0580255 0.90475 9.9955E-05
9.9973E-05 0.312752 9.9973E-05 0.118976 0.213954 9.9973E-05 0.307555 0.0464632
9.9982E-05 9.9982E-05 0.455734 0.0228174 0.466453 0.0097013 0.00981097 0.035283
0.0663908 0.0719361 0.138006 0.164483 0.458736 9.9991E-05 0.084732 0.0156157
0.00890618 9.9982E-05 0.18851 0.153223 0.578407 0.0593251 0.01143 9.9982E-05
9.9982E-05 0.135157 0.186762 0.0965601 0.549323 0.0147964 9.9982E-05 0.017202
9.9964E-05 0.0968468 9.9964E-05 0.00731572 9.9964E-05 0.0292045 0.866233 9.9964E-05
9.9982E-05 9.9982E-05 0.0756203 0.0856407 0.658776 0.0238199 0.0656814 0.0902613
0.183078 0.0130332 0.122335 0.155348 0.515839 0.00626175 9.9991E-05 0.00400433
9.9973E-05 9.9973E-05 0.490008 0.0584779 0.351762 9.9973E-05 0.0922893 0.00716337
9.9973E-05 0.253825 0.0985627 0.0399853 9.9973E-05 9.9973E-05 0.555564 0.0517628
0.0163674 0.155253 0.0438228 0.0597496 0.699892 9.9982E-05 9.9982E-05 0.024715
0.000198567 0.0983826 0.23917 0.11243 0.40491 0.121025 0.0237843 9.9991E-05
0.0416042 0.00172159 0.305134 0.0813897 0.472868 0.0142989 9.9991E-05 0.0828831
0.0320765 0.127427 0.139462 0.140178 0.397144 9.9991E-05 0.0581049 0.105507
0.0100315 0.13558 9.9982E-05 0.0657281 0.165033 9.9982E-05 0.519349 0.104079
9.9964E-05 0.102317 9.9964E-05 0.0148972 9.9964E-05 0.0801357 0.802251 9.9964E-05
0.0480819 0.238505 0.463344 0.176902 0.0728673 9.9973E-05 9.9973E-05 9.9973E-05
0.15225 0.0563709 0.342206 0.0200499 0.340208 0.0307014 9.9991E-05 0.0581134
0.111299 0.0869744 0.372237 0.0267382 0.369063 9.9982E-05 9.9982E-05 0.0334892
0.0666717 0.257899 0.538393 9.9982E-05 0.0583568 0.0391903 9.9982E-05 0.0392895
0.0272171 0.346367 9.9982E-05 0.125358 0.170853 9.9982E-05 0.301613 0.0283922
0.0621956 0.256308 0.156859 0.0547183 0.356175 0.108661 0.00498345 9.9991E-05
0.0763304 0.00548465 0.197313 0.00937608 0.527485 9.9982E-05 0.18381 9.9982E-05
9.994E-05 9.994E-05 9.994E-05 0.9993 9.994E-05 9.994E-05 9.994E-05 9.994E-05
9.9973E-05 0.112211 9.9973E-05 0.178603 0.106949 0.0642585 0.537678 9.9973E-05
9.9982E-05 0.223041 0.143377 9.9982E-05 0.364943 0.0292267 0.236824 0.00238846
9.994E-05 9.994E-05 9.994E-05 0.9993 9.994E-05 9.994E-05 9.994E-05 9.994E-05
9.9973E-05 0.174989 0.198627 0.13026 9.9973E-05 9.9973E-05 0.487308 0.00851568
9.9964E-05 0.128441 0.258818 9.9964E-05 0.464059 9.9964E-05 0.148283 9.9964E-05
0.121619 0.369821 9.9982E-05 0.0527462 0.115247 9.9982E-05 0.23819 0.102177
0.0467553 0.278694 0.304465 9.9982E-05 0.0700262 9.9982E-05 0.204477 0.0953827
0.122439 0.502025 0.166768 0.0821994 9.9982E-05 9.9982E-05 0.0824602 0.0439086
9.9973E-05 0.23602 0.180096 9.9973E-05 9.9973E-05 0.0166533 0.562029 0.00490198
0.0397465 0.166661 0.108049 0.149179 0.205877 9.9991E-05 0.232521 0.0978662
0.0909208 0.423889 0.214348 0.0850603 0.0721512 9.9991E-05 0.112664 0.000865752
0.0460194 0.233076 0.140573 0.0871662 0.434342 9.9982E-05 9.9982E-05 0.0586235
0.0538045 9.9973E-05 0.609265 0.0964919 0.18607 9.9973E-05 9.9973E-05 0.0540689
9.9973E-05 9.9973E-05 0.399057 0.0863209 0.297433 0.150211 9.9973E-05 0.0666784
0.143105 0.362067 0.173577 9.9964E-05 0.320851 9.9964E-05 9.9964E-05 9.9964E-05
9.9982E-05 0.0338778 9.9982E-05 0.0428605 0.489139 0.0480901 0.296037 0.0897952
9.9973E-05 0.138843 0.0122626 9.9973E-05 0.147816 9.9973E-05 0.657717 0.0430619
0.101093 0.16061 0.0620978 0.0466353 0.204937 0.0766591 0.347867 9.9991E-05
0.241577 0.156043 0.276083 0.196131 0.0685765 9.9982E-05 9.9982E-05 0.0613898
9.9982E-05 0.153899 0.400306 0.217814 0.129922 0.035933 9.9982E-05 0.0619265
0.121231 0.0942068 9.9955E-05 9.9955E-05 9.9955E-05 9.9955E-05 0.784062 9.9955E-05
0.0934351 0.109942 0.354045 0.130786 0.295161 0.0164308 9.9982E-05 9.9982E-05
0.0431119 0.0894617 0.28554 0.106112 0.373392 9.9991E-05 0.0156656 0.0866166
0.0692826 0.14381 0.218877 0.0896102 0.282862 9.9991E-05 0.138084 0.0573739
0.203139 0.159771 0.0108623 0.0894832 0.498908 9.9982E-05 9.9982E-05 0.037636
9.9973E-05 0.308895 0.432626 0.0630583 9.9973E-05 9.9973E-05 0.0588256 0.136295
0.135238 0.280932 0.103085 0.270268 0.113485 9.9991E-05 0.0367194 0.0601724
0.154923 0.0293706 0.452512 0.141587 0.10817 9.9991E-05 0.0370762 0.0762613
0.0226699 9.9964E-05 0.48364 0.073358 0.419932 9.9964E-05 9.9964E-05 9.9964E-05
9.9973E-05 9.9973E-05 0.139704 0.202899 0.555297 0.00456235 9.9973E-05 0.0972373
0.00374696 0.274439 0.302274 0.105459 0.0975999 0.0462286 0.145035 0.0252175
0.0675588 0.186869 9.9973E-05 0.104691 0.159031 9.9973E-05 0.48155 9.9973E-05
9.9973E-05 0.27498 0.284789 0.150957 0.0753504 9.9973E-05 0.213624 9.9973E-05
0.116089 0.368278 0.0970063 0.157706 0.177515 0.0374562 0.0231772 0.0227721
9.9982E-05 0.144934 0.30256 0.240814 0.168775 9.9982E-05 0.0959787 0.0467386
9.9973E-05 0.374293 9.9973E-05 0.0652611 0.4161 9.9973E-05 0.0483396 0.0957057
9.99461E-05 0.0866269 9.99461E-05 9.99461E-05 9.99461E-05 9.99461E-05 0.912773 9.99461E-05
9.9964E-05 0.638824 9.9964E-05 0.0572883 0.251725 0.0517629 9.9964E-05 9.9964E-05
0.00350975 0.22425 9.9973E-05 0.239337 0.263372 9.9973E-05 0.269231 9.9973E-05
9.9982E-05 0.108492 0.506103 0.239982 0.00801836 0.0497607 9.9982E-05 0.0874441
9.9955E-05 0.539675 9.9955E-05 9.9955E-05 0.374027 9.9955E-05 0.0857987 9.9955E-05
0.0838098 0.180232 0.0600188 0.0703744 0.111089 9.9982E-05 0.494275 9.9982E-05
0.0858455 0.153742 0.220881 0.0244151 0.165761 9.9982E-05 0.349155 9.9982E-05
0.0041821 0.031741 9.9982E-05 0.100326 0.355885 9.9982E-05 0.48462 0.0230462
9.9964E-05 0.289697 0.156509 0.0226893 0.530704 9.9964E-05 9.9964E-05 9.9964E-05
0.0936965 0.260452 9.9955E-05 9.9955E-05 9.9955E-05 9.9955E-05 0.645352 9.9955E-05
0.133799 0.13773 9.9982E-05 0.00469226 0.285046 0.0236546 0.414878 9.9982E-05
0.0288305 0.170999 0.252088 0.0255721 0.367679 9.9982E-05 9.9982E-05 0.154631
0.0317274 9.99551E-05 0.0493402 9.99551E-05 9.99551E-05 9.99551E-05 0.918433 9.99551E-05
9.9946E-05 0.621843 9.9946E-05 9.9946E-05 9.9946E-05 9.9946E-05 0.377557 9.9946E-05
9.9973E-05 0.313732 0.249926 0.109783 0.286513 9.9973E-05 9.9973E-05 0.0397468
9.9973E-05 0.330138 9.9973E-05 0.0737411 0.281658 9.9973E-05 0.287586 0.0265772
9.9982E-05 0.0893851 0.106295 0.101201 0.535405 9.9982E-05 0.131068 0.0364463
0.0932982 0.258115 0.000498038 0.0254854 0.526863 0.0877498 9.9991E-05 0.00789044
0.231088 0.21304 0.0639526 9.9973E-05 0.207229 9.9973E-05 0.284391 9.9973E-05
0.0133217 0.0231061 0.344264 0.0234531 0.55934 9.9982E-05 0.0363146 9.9982E-05
9.9964E-05 0.17208 0.25627 0.100794 0.470456 9.9964E-05 9.9964E-05 9.9964E-05
0.0545793 0.131691 0.104075 0.0998593 0.449991 0.0744889 0.00224778 0.0830678
0.0257629 0.342771 0.0716052 0.092647 0.156171 0.0748378 0.176765 0.0594407
0.10848 9.9964E-05 0.168892 9.9964E-05 0.452336 9.9964E-05 0.269892 9.9964E-05
0.11387 0.108342 0.2035 0.0649207 0.44356 0.0481281 9.9991E-05 0.0175789
0.0625842 0.0444952 9.9982E-05 0.0929069 0.594189 0.0765746 0.12905 9.9982E-05
0.0550412 0.203245 0.256825 0.182663 0.159004 0.0543066 9.9991E-05 0.0888148
0.137269 0.360279 0.295304 9.9964E-05 0.206748 9.9964E-05 9.9964E-05 9.9964E-05
0.0942884 0.205703 0.239387 0.0840503 0.157064 9.9982E-05 0.219306 9.9982E-05
9.9973E-05 0.00131239 0.451119 0.115551 0.420495 0.0112229 9.9973E-05 9.9973E-05
9.9982E-05 0.216947 0.559579 0.057067 0.145105 0.00786597 9.9982E-05 0.013236
0.150913 0.131034 0.282345 0.0479772 0.220846 0.144542 0.0222431 9.9991E-05
0.0137578 9.9982E-05 0.337619 0.0683314 0.306241 0.169091 9.9982E-05 0.10476
0.187242 0.138685 0.118818 0.27937 0.0794876 9.9982E-05 0.196198 9.9982E-05
0.00212743 9.9982E-05 0.2141 9.9982E-05 0.716769 0.00211727 0.000664334 0.0640226
0.05416 0.456091 0.101965 0.0697648 0.203858 9.9982E-05 0.113961 9.9982E-05
0.0517732 0.152567 0.318409 0.0854008 0.335373 9.9982E-05 9.9982E-05 0.0562768
0.0787883 9.9973E-05 0.309358 0.0480162 0.512221 0.0513168 9.9973E-05 9.9973E-05
0.00835583 0.177786 0.45843 0.0435118 0.293198 9.9982E-05 9.9982E-05 0.018518
0.0576515 0.144952 0.143944 0.0913535 0.161993 0.000377437 0.307119 0.0926101
0.0220698 0.276951 0.12285 9.9982E-05 0.220158 0.0212171 0.336555 9.9982E-05
0.0105624 9.9964E-05 0.121322 0.0950498 0.772666 9.9964E-05 9.9964E-05 9.9964E-05
0.0591446 9.9982E-05 0.375206 0.125483 0.34808 0.0891292 0.00275754 9.9982E-05
0.0160498 0.154942 0.0515413 0.0845401 0.612233 9.9982E-05 9.9982E-05 0.0804939
9.9991E-05 0.290471 0.323641 0.0813133 0.205448 0.0431324 0.0169156 0.0389783
9.9964E-05 0.36447 9.9964E-05 0.365418 0.0777935 9.9964E-05 0.191919 9.9964E-05
0.00900937 0.4375 0.254403 0.135107 0.0791909 0.00752031 0.0771695 9.9991E-05
0.0143762 0.123586 0.526415 0.0895345 0.110388 0.13237 9.9991E-05 0.00322964
0.100675 0.136468 0.00462945 0.149938 9.9982E-05 9.9982E-05 0.482666 0.125424
9.9973E-05 0.17987 0.27795 9.9973E-05 0.365976 9.9973E-05 0.155993 0.0199118
9.9982E-05 0.492877 9.9982E-05 0.103026 0.22652 0.116534 0.0554291 0.00541444
0.0391523 0.087477 0.145497 9.9964E-05 9.9964E-05 9.9964E-05 0.727474 9.9964E-05
9.9982E-05 0.54677 0.201445 0.0562772 0.106745 0.0519509 9.9982E-05 0.0366119
0.0804716 0.0928617 0.381562 0.144284 0.237142 9.9991E-05 0.0225231 0.0410563
0.00393949 0.0753208 0.00749521 0.185727 0.648136 9.9991E-05 0.0742061 0.00507515
0.125624 9.9973E-05 0.108537 0.0838096 0.627094 9.9973E-05 9.9973E-05 0.0546345
9.9982E-05 0.255093 0.233631 0.131681 0.190299 0.109907 9.9982E-05 0.0791887
0.00661907 0.266879 0.147915 0.156921 0.370825 0.0506416 9.9982E-05 9.9982E-05
0.0941695 0.0800872 0.237086 0.0168683 0.505739 9.9982E-05 9.9982E-05 0.0658503
0.0600761 0.0587493 0.250213 0.108209 0.488011 9.9982E-05 9.9982E-05 0.0345423
0.021234 0.244007 0.436461 0.0519808 0.0519043 9.9991E-05 0.131215 0.0630981
0.00490278 9.9973E-05 0.373389 0.166138 0.424725 9.9973E-05 9.9973E-05 0.0305446
0.181581 9.9964E-05 0.2952 0.103698 0.419121 9.9964E-05 9.9964E-05 9.9964E-05
9.99551E-05 0.822823 0.124932 0.0517458 9.99551E-05 9.99551E-05 9.99551E-05 9.99551E-05
0.0392075 0.174905 0.351884 0.0779172 0.355787 9.9973E-05 9.9973E-05 9.9973E-05
9.9973E-05 0.118719 0.221263 0.158844 0.473711 9.9973E-05 9.9973E-05 0.0271618
9.99823E-05 0.0536492 0.109633 0.0744754 0.312055 9.99823E-05 0.351152 0.098836
0.0184738 0.155283 9.9982E-05 0.116516 0.374714 9.9982E-05 0.273181 0.0616331
0.000654206 0.278495 0.0435246 0.0340616 0.618716 0.00185786 9.9991E-05 0.0225914
0.072817 0.0417177 0.0943792 0.0921519 0.0945878 9.9991E-05 0.505246 0.0989999
0.113525 0.269291 0.0721729 0.0746783 0.453268 0.0168644 9.9982E-05 9.9982E-05
0.00521823 0.168972 0.108656 0.0728159 0.323906 9.9982E-05 0.320232 9.9982E-05
0.0481036 0.0752562 0.219853 0.0305049 0.521292 0.0711198 0.0199795 0.0138911
9.9964E-05 0.610983 9.9964E-05 0.351823 9.9964E-05 9.9964E-05 0.0357993 0.000994857
9.9982E-05 0.252432 9.9982E-05 0.0460947 0.306229 0.0938384 0.1878 0.113407
9.9973E-05 0.0958154 9.9973E-05 0.198076 0.130263 0.103008 0.472538 9.9973E-05
0.0282941 0.242653 0.50795 9.9964E-05 0.220703 9.9964E-05 9.9964E-05 9.9964E-05
0.0350157 0.129438 0.401417 0.0801192 0.315863 9.9982E-05 9.9982E-05 0.0379463
9.9973E-05 0.149074 9.9973E-05 0.0815566 0.443625 9.9973E-05 0.324091 0.00135361
0.179832 0.0241997 0.502735 9.9982E-05 0.222324 9.9982E-05 0.020507 0.050202
0.0591651 0.108397 0.00297007 0.0726805 0.670996 0.0499384 9.9991E-05 0.0357533
9.9973E-05 0.00806606 0.0577657 0.0277309 9.9973E-05 9.9973E-05 0.802668 0.10347
0.107157 0.101124 0.269335 0.132505 0.386715 9.9982E-05 0.00296417 9.9982E-05
9.9955E-05 0.343368 0.0609138 9.9955E-05 0.595219 9.9955E-05 9.9955E-05 9.9955E-05
0.00983322 0.172453 0.0707009 9.9982E-05 0.665244 0.0182243 9.9982E-05 0.0633442
0.185351 0.171107 0.076557 0.127086 0.392558 9.9982E-05 0.0471417 9.9982E-05
9.9982E-05 0.0654294 0.355513 0.0907531 0.430955 9.9982E-05 0.0208143 0.036336
9.9973E-05 0.14227 0.221261 0.0639935 0.569411 9.9973E-05 9.9973E-05 0.00276398
0.0518182 0.14343 9.9982E-05 0.0862675 0.609862 9.9982E-05 0.0307546 0.0776684
9.9982E-05 0.230179 0.0796004 0.0209878 0.517707 9.9982E-05 0.0693283 0.0819977
0.028694 0.0996334 0.148021 0.114093 0.0812683 9.9991E-05 0.511904 0.0162867
9.9973E-05 0.232201 0.216345 9.9973E-05 0.457174 0.0465559 0.0474245 9.9973E-05
9.9964E-05 9.9964E-05 0.208203 0.106435 0.603832 9.9964E-05 9.9964E-05 0.0811301
0.0286102 0.220111 0.312128 0.141788 0.102332 9.9991E-05 0.144045 0.0508868
9.9964E-05 0.0774354 9.9964E-05 0.238009 0.306118 9.9964E-05 0.378038 9.9964E-05
0.0973332 9.9964E-05 0.322422 0.160187 0.419657 9.9964E-05 9.9964E-05 9.9964E-05
0.0387707 0.322219 9.9964E-05 9.9964E-05 0.495164 9.9964E-05 0.143446 9.9964E-05
0.0632639 0.153174 0.178246 9.9973E-05 0.546813 9.9973E-05 9.9973E-05 0.0582035
0.0217327 0.326256 9.9982E-05 0.0852616 0.291075 9.9982E-05 0.227589 0.0478856
9.9982E-05 0.206767 0.0658415 0.185987 0.323886 0.122497 0.0948207 9.9982E-05
0.0339952 0.322044 0.0204653 0.194023 0.0749288 9.9982E-05 0.354344 9.9982E-05
0.0791589 9.9982E-05 0.179307 0.0276885 0.470153 9.9982E-05 0.223047 0.0204462
0.0122569 0.14764 0.380206 0.117168 0.224791 0.0347303 9.9991E-05 0.0831069
0.0529555 0.0610235 0.172031 9.9982E-05 0.46023 0.0158342 0.237725 9.9982E-05
0.0163467 0.229338 0.298918 0.154267 0.288121 9.9982E-05 9.9982E-05 0.0128082
0.0611931 0.0599393 0.0535953 0.208703 0.561989 9.9991E-05 0.0298292 0.0246513
0.0530144 0.359117 0.153888 0.203515 0.230166 9.9973E-05 9.9973E-05 9.9973E-05
9.9982E-05 0.186355 0.0987542 0.208363 0.266259 9.9982E-05 0.218811 0.0212584
9.9964E-05 0.407042 0.213813 0.109485 0.26926 9.9964E-05 9.9964E-05 9.9964E-05
0.126238 0.065154 0.490869 0.0308607 0.270474 9.9982E-05 9.9982E-05 0.016205
9.9982E-05 9.9982E-05 0.259687 0.0680695 0.621793 0.041954 0.0026886 0.00560798
0.0458844 0.158085 0.0846064 9.9982E-05 0.0679591 0.121086 0.522178 9.9982E-05
0.0609976 0.0119637 0.0396147 9.9973E-05 9.9973E-05 0.0300016 0.857123 9.9973E-05
0.138601 0.106052 0.0861276 9.9982E-05 0.541051 0.0446757 0.0832918 9.9982E-05
9.9982E-05 0.16552 0.421969 0.129583 0.165287 0.0931678 0.0242728 9.9982E-05
0.0701155 0.521421 0.145757 0.109689 0.0418382 0.0245667 0.0346522 0.0519615
0.00265466 0.478078 0.226044 0.0603853 0.183756 9.9982E-05 0.0488817 9.9982E-05
0.132197 0.307555 0.0424865 0.00547286 0.277934 9.9991E-05 0.18446 0.0497954
0.257009 0.0252211 0.157551 0.0264698 0.371005 9.9991E-05 0.121869 0.0407751
0.0776976 0.225327 0.326841 0.137248 0.175759 9.9982E-05 9.9982E-05 0.0569279
9.9973E-05 0.0417388 0.330132 0.0542993 0.39123 0.1823 9.9973E-05 9.9973E-05
0.0987721 0.0793919 0.0850253 0.0300882 0.615687 9.9991E-05 0.0279245 0.063011
0.116646 0.0254497 0.247254 9.9973E-05 0.593556 0.0167948 9.9973E-05 9.9973E-05
0.0534752 0.0716411 0.0945729 0.00212048 0.77789 9.9973E-05 9.9973E-05 9.9973E-05
0.0309593 0.212365 0.0142483 0.0697703 0.63227 9.9982E-05 9.9982E-05 0.0401876
0.0568329 0.335141 0.015435 0.255544 0.269078 0.0677695 9.9982E-05 9.9982E-05
0.0527486 0.00771599 0.296987 0.0130583 0.498375 0.100558 0.030458 9.9991E-05
0.175505 0.0520907 0.0170998 0.209354 0.479361 9.9982E-05 0.0663896 9.9982E-05
0.0856316 0.095173 0.317269 0.0910144 0.268676 0.0672076 9.9991E-05 0.0749289
0.194537 0.435305 0.0688623 9.9964E-05 0.300897 9.9964E-05 9.9964E-05 9.9964E-05
0.108776 9.9973E-05 9.9973E-05 0.128951 0.559269 9.9973E-05 0.151834 0.0508699
0.0744496 0.0606434 9.9991E-05 0.0401531 0.161804 0.0561845 0.544375 0.0622909
0.0563504 0.084695 0.333191 0.0558637 0.0785316 9.9982E-05 0.391169 9.9982E-05
9.9973E-05 9.9973E-05 0.0137269 9.9973E-05 0.131357 0.035223 0.797614 0.0217794
0.111708 0.14642 0.227214 0.129272 0.357748 9.9982E-05 9.9982E-05 0.0274382
0.0998035 0.0239124 9.9973E-05 9.9973E-05 0.0674665 9.9973E-05 0.707855 0.100663
9.9955E-05 0.28148 9.9955E-05 9.9955E-05 9.9955E-05 0.117013 0.601007 9.9955E-05
0.101686 0.18568 0.213225 0.205556 0.266857 9.9982E-05 9.9982E-05 0.0267962
0.0713428 0.207501 9.9982E-05 0.0738554 0.51802 0.0654722 9.9982E-05 0.0636093
0.0312331 0.0544431 0.236974 0.156998 0.442416 0.0490007 9.9991E-05 0.0288362
9.9982E-05 0.0730619 0.0460784 0.139285 0.0422633 9.9982E-05 0.690877 0.00823449
0.0359437 0.189916 0.127029 9.9973E-05 0.623977 9.9973E-05 9.9973E-05 0.0228348
9.9973E-05 0.393278 9.9973E-05 0.164109 0.0562874 9.9973E-05 0.31488 0.0711461
0.202812 9.9973E-05 0.0440722 0.228339 0.462475 9.9973E-05 0.0620023 9.9973E-05
9.9964E-05 0.0860337 0.0973213 9.9964E-05 9.9964E-05 9.9964E-05 0.721157 0.0950884
0.0599662 0.347012 0.246533 0.0631714 0.183337 9.9991E-05 0.0585071 0.0413734
0.0275887 0.148915 0.134887 0.00191959 0.618801 9.9991E-05 0.0227075 0.0450811
9.9955E-05 9.9955E-05 0.466154 9.9955E-05 0.531425 0.00192052 9.9955E-05 9.9955E-05
9.9973E-05 0.0565834 0.3524 0.104411 0.419473 0.0668335 9.9973E-05 9.9973E-05
0.0532023 9.9973E-05 0.00445309 0.0280219 0.131235 9.9973E-05 0.782788 9.9973E-05
0.0523029 0.271021 0.027671 0.084872 0.350445 9.9991E-05 0.173064 0.0405236
0.0610544 0.224117 0.0180485 0.0364566 0.250511 0.0228354 0.331837 0.0551403
0.141237 0.15769 9.9973E-05 0.169609 0.476338 9.9973E-05 9.9973E-05 0.0548258
0.0997937 0.138382 9.9991E-05 0.0121701 0.0118618 0.0311319 0.690295 0.0162656
9.9982E-05 0.149771 0.311529 9.9982E-05 0.233424 0.24971 0.0541078 0.00125877
0.00960469 0.504075 0.189987 9.9973E-05 0.0363407 9.9973E-05 0.259693 9.9973E-05
9.9982E-05 0.05203 0.319949 0.113997 0.361333 0.135949 0.0165416 9.9982E-05
0.0175544 0.420412 0.289624 9.9991E-05 0.0693933 0.0692952 0.129883 0.00373752
0.00446551 0.1151 0.0950497 0.0763209 0.158697 9.9991E-05 0.508499 0.0417674
0.0634588 9.9982E-05 0.136164 0.257435 0.400728 0.110093 9.9982E-05 0.0319217
0.186448 0.0187117 0.284758 0.0572605 0.434422 0.00490251 0.00433497 0.00916268
9.9973E-05 0.151195 0.637592 0.0436653 0.0788374 9.9973E-05 9.9973E-05 0.0884108
9.9982E-05 0.032743 0.323908 0.0246524 0.485017 0.0703185 9.9982E-05 0.0631615
0.0293448 0.508134 9.9982E-05 0.0435515 0.104132 9.9982E-05 0.312011 0.00262661
9.9973E-05 0.393137 0.111708 9.9973E-05 0.367689 0.0118703 9.9973E-05 0.115296
0.151526 9.9973E-05 0.170837 0.0144766 0.59439 9.9973E-05 9.9973E-05 0.0684711
0.0406774 0.00916595 0.0604279 0.131998 0.660655 0.0584406 0.0385354 9.9991E-05
0.119992 0.122663 9.99783E-05 0.134309 0.186587 9.99783E-05 0.436149 9.99783E-05
0.0713028 0.233828 0.249345 0.066393 0.173957 9.9991E-05 0.202134 0.0029402
0.0651259 0.0531121 0.246038 9.9973E-05 0.554261 9.9973E-05 9.9973E-05 0.0811631
0.0405882 0.259559 0.419377 0.257483 9.9973E-05 9.9973E-05 0.0226933 9.9973E-05
0.163711 0.223592 0.116764 0.0677119 0.204128 9.9991E-05 0.147948 0.0760448
0.0557762 0.215714 0.461766 0.0590148 0.190097 9.9982E-05 9.9982E-05 0.0174325
0.0494493 0.341536 9.9991E-05 0.0901299 0.111852 0.0298665 0.296169 0.0808972
0.0408899 0.506899 0.123362 0.152886 0.104016 0.0717474 9.9982E-05 9.9982E-05
0.0818532 0.302036 0.00132113 9.9982E-05 0.211473 9.9982E-05 0.390223 0.0128946
9.9955E-05 9.9955E-05 0.331219 9.9955E-05 0.519635 9.9955E-05 9.9955E-05 0.148646
0.13168 0.00390001 0.151181 0.00874038 0.667539 9.9982E-05 9.9982E-05 0.0367594
0.0507108 0.174097 9.9973E-05 0.0215923 0.650283 0.103017 9.9973E-05 9.9973E-05
0.0529005 0.0505015 0.0665699 0.107045 0.680344 9.9982E-05 9.9982E-05 0.042439
0.0284281 0.218901 0.0340931 0.210233 0.351743 0.0399364 9.9991E-05 0.116566
0.146553 0.0436792 0.16643 0.108559 0.477716 0.0538626 9.9991E-05 0.00310067
0.0247979 0.3859 0.10489 9.9982E-05 0.245024 9.9982E-05 0.212156 0.0270317
9.9973E-05 0.325952 0.484259 0.0613485 0.0887962 0.039345 9.9973E-05 9.9973E-05
0.138397 9.9964E-05 0.279019 0.087088 0.495096 9.9964E-05 9.9964E-05 9.9964E-05
0.0727112 0.0431994 0.00248106 0.0200848 0.688533 9.9991E-05 0.0510153 0.121875
0.0579414 0.282433 0.238244 0.0983661 0.248617 9.9982E-05 0.0741984 9.9982E-05
0.065671 0.595716 9.9982E-05 0.0807625 0.0800619 9.9982E-05 0.143823 0.0337654
0.0225203 0.0782048 0.171612 0.277331 0.344393 0.0762381 9.9991E-05 0.0296005
0.0832478 0.00745382 0.212216 0.0837724 0.530381 9.9982E-05 9.9982E-05 0.0827292
0.00987 0.0498981 0.101205 0.0351775 0.0712328 0.0182958 0.714221 9.9991E-05
0.025422 9.9964E-05 0.151699 9.9964E-05 0.215904 9.9964E-05 0.606575 9.9964E-05
0.200184 0.0351302 0.132384 0.229057 0.402945 9.9973E-05 9.9973E-05 9.9973E-05
0.00992211 0.00281265 0.0162836 0.10533 0.438522 0.42693 9.9982E-05 9.9982E-05
9.9991E-05 0.054698 0.122986 0.152034 0.0362418 0.462554 0.040798 0.130589
0.027616 9.9982E-05 0.48361 9.9982E-05 0.0340825 0.339407 0.0131211 0.101964
0.141243 9.9973E-05 0.18607 0.0801085 0.484949 0.10733 9.9973E-05 9.9973E-05
0.041767 9.9982E-05 0.107487 0.0422905 0.211157 0.46394 9.9982E-05 0.133158
0.0867707 9.9982E-05 0.132412 9.9982E-05 0.249136 0.352031 0.0298539 0.149597
0.030006 0.175027 9.9982E-05 0.0329397 0.198545 0.436493 9.9982E-05 0.12679
0.150082 9.9982E-05 0.236964 0.130756 0.00995774 0.342957 9.9982E-05 0.129084
0.111398 0.0346956 0.274251 9.9982E-05 0.0521196 0.403634 9.9982E-05 0.123701
0.045061 0.058381 0.144124 0.111093 0.216996 0.246385 0.00616736 0.171793
0.0539849 0.225257 9.9982E-05 0.0897527 0.291202 0.170964 9.9982E-05 0.168639
0.0248628 0.118091 0.0115672 0.0783982 0.215314 0.435435 9.9991E-05 0.116232
0.0337302 0.0192708 0.362987 0.0447159 0.313102 0.138653 9.9991E-05 0.0874418
0.236008 9.9982E-05 0.389903 0.130855 9.9982E-05 0.174911 0.0144858 0.0536371
0.104702 9.9982E-05 0.278379 0.0558071 0.138314 0.387811 9.9982E-05 0.034787
9.9973E-05 0.156175 0.153469 9.9973E-05 9.9973E-05 0.483418 0.0363693 0.170268
0.0821565 0.0302414 0.0371289 0.0160577 0.415529 0.193813 9.9991E-05 0.224974
0.112887 0.160117 0.208439 0.0528061 0.107017 0.25917 9.9991E-05 0.0994639
0.0110197 0.0521983 9.9973E-05 0.0523577 9.9973E-05 9.9973E-05 0.72414 0.159985
0.11754 0.0139926 0.184357 0.0302856 0.241647 0.262641 0.0203954 0.129142
0.0787667 0.0227785 0.285546 0.083027 0.149551 0.2498 0.0161554 0.114375
0.0279676 0.164022 0.0886499 0.0874003 0.462224 0.0437703 0.0746048 0.0513615
0.129429 9.9991E-05 0.072098 0.0172823 0.0872071 0.576858 0.000583013 0.116443
0.123633 0.0841123 9.9973E-05 0.22506 9.9973E-05 0.484745 9.9973E-05 0.08215
0.0238803 0.294654 0.11541 0.0770195 0.252071 0.187629 9.9991E-05 0.0492348
0.0415697 9.9982E-05 0.160717 9.9982E-05 0.146898 0.41188 0.041441 0.197294
0.039384 0.182368 0.232876 0.0773673 0.0961472 0.313244 9.9991E-05 0.0585144
0.181637 0.172998 0.124594 0.01311 0.122979 0.216183 9.9991E-05 0.1684
0.152564 0.0570375 0.0890751 9.9991E-05 0.148071 0.360351 0.0319344 0.160868
0.0855842 0.0194496 0.248647 0.0476445 9.9991E-05 0.337961 0.0666629 0.193951
0.31011 0.0412873 9.9982E-05 0.0516267 0.055294 0.458301 9.9982E-05 0.0831803
9.994E-05 9.994E-05 9.994E-05 9.994E-05 9.994E-05 9.994E-05 9.994E-05 0.9993
0.195878 0.0206968 0.144387 0.073908 0.0879516 0.249917 0.0218071 0.205454
0.235851 0.0360124 0.12636 9.9982E-05 0.19563 0.264311 9.9982E-05 0.141636
9.9982E-05 0.161066 0.117157 0.0757158 9.9982E-05 0.513412 0.0539616 0.0784875
0.0356912 9.9964E-05 0.522052 9.9964E-05 9.9964E-05 0.34617 9.9964E-05 0.0956862
0.116466 9.9982E-05 9.9982E-05 0.176535 0.0858528 0.450475 0.12015 0.0503208
0.234944 9.9955E-05 0.494171 9.9955E-05 0.270385 9.9955E-05 9.9955E-05 9.9955E-05
0.0396405 9.9982E-05 0.121344 0.103426 0.0767885 0.451614 9.9982E-05 0.206987
0.26894 0.0114186 9.9982E-05 0.0940279 0.249805 0.212378 9.9982E-05 0.163232
9.9982E-05 9.9982E-05 0.158567 0.0967437 0.225659 0.398586 0.0284799 0.0917642
0.0841774 0.250418 0.0664538 0.0274928 0.172492 0.331882 9.9991E-05 0.0669843
9.994E-05 9.994E-05 9.994E-05 9.994E-05 9.994E-05 9.994E-05 9.994E-05 0.9993
0.125183 0.120569 0.141314 0.0309207 0.501527 0.0795935 0.000626509 0.000266847
0.128075 9.9964E-05 9.9964E-05 9.9964E-05 0.328796 0.384327 9.9964E-05 0.158402
0.0571424 0.44937 0.00799433 0.0337208 0.163425 0.0529389 0.235309 9.9991E-05
0.132447 9.9973E-05 0.430043 0.124604 0.20826 9.9973E-05 9.9973E-05 0.104346
0.050592 0.175379 9.9973E-05 0.077515 0.501105 0.195109 9.9973E-05 9.9973E-05
9.9982E-05 9.9982E-05 0.120537 0.030133 0.217131 0.499844 0.0623525 0.0698019
0.154617 9.9973E-05 0.385919 9.9973E-05 0.0684149 0.297979 9.9973E-05 0.0927693
0.161945 9.9991E-05 0.141487 0.0389479 0.101536 0.407095 0.0187522 0.130137
0.0275025 0.0754752 0.213558 0.0310236 0.157476 0.311271 9.9991E-05 0.183594
0.0470517 0.0554639 0.25285 0.0335062 0.168851 0.396619 0.0455582 9.9991E-05
0.106717 9.9982E-05 0.254417 9.9982E-05 0.135462 0.342698 0.0667243 0.0937816
0.117584 9.9973E-05 0.0746553 0.0642666 0.353667 0.389527 9.9973E-05 9.9973E-05
0.0229253 0.0146022 0.285631 9.9973E-05 9.9973E-05 0.458777 9.9973E-05 0.217764
9.9973E-05 0.124376 0.0890591 9.9973E-05 0.226742 0.321764 9.9973E-05 0.23776
0.98434 0.01506 9.99459E-05 9.99459E-05 9.99459E-05 9.99459E-05 9.99459E-05 9.99459E-05
0.023868 9.9973E-05 0.129662 9.9973E-05 0.211 0.433902 9.9973E-05 0.201268
0.048634 9.99807E-05 0.0789115 9.99807E-05 0.246266 0.452382 9.99807E-05 0.173506
0.193478 9.9982E-05 0.160341 0.0909364 9.9982E-05 0.265329 0.0524839 0.237232
9.9964E-05 9.9964E-05 0.323922 0.104237 0.0338412 0.5376 9.9964E-05 9.9964E-05
9.9973E-05 0.118609 0.209231 0.10213 0.419401 0.150329 9.9973E-05 9.9973E-05
0.166302 9.9982E-05 0.123937 0.0357418 0.147116 0.396116 9.9982E-05 0.130587
0.0500479 0.362613 9.9991E-05 0.062285 0.310503 0.0463817 0.115355 0.0527156
0.155376 9.9991E-05 0.211103 0.0594695 0.144549 0.234395 0.008159 0.186848
0.114258 0.0289613 0.098348 0.0965136 0.0923557 0.424514 0.104151 0.0408983
0.18568 0.328777 9.9973E-05 9.9973E-05 0.310315 9.9973E-05 0.0817367 0.0931912
0.117315 9.9982E-05 0.413373 9.9982E-05 0.0124167 0.311756 0.0387811 0.106158
0.0580677 0.183439 0.0735494 9.9982E-05 0.1803 0.317776 9.9982E-05 0.186668
0.9993 9.994E-05 9.994E-05 9.994E-05 9.994E-05 9.994E-05 9.994E-05 9.994E-05
0.222806 0.095687 0.115007 0.0364277 0.126796 0.36867 9.9991E-05 0.0345068
0.0927408 0.0539627 0.0476545 0.119953 0.281353 0.284976 0.00254389 0.116816
0.0641466 0.000130976 9.9982E-05 0.113687 0.202012 0.458808 9.9982E-05 0.161016
0.0612592 0.13921 0.109555 9.9982E-05 0.172966 0.353096 9.9982E-05 0.163713
0.113264 9.9991E-05 0.147574 0.0475253 0.236558 0.386834 0.0234216 0.0447234
9.9973E-05 0.122953 0.243624 0.143855 0.239032 0.250237 9.9973E-05 9.9973E-05
0.217751 0.0956119 0.000539586 0.131477 0.148569 0.33947 9.9991E-05 0.0664813
0.106971 0.209111 0.148558 0.0376579 0.186974 0.225794 9.9991E-05 0.0848348
0.0259982 0.264674 9.9964E-05 9.9964E-05 9.9964E-05 0.0120776 0.696851 9.9964E-05
0.149342 0.0989458 0.192172 9.9982E-05 0.172367 0.264403 9.9982E-05 0.122571
0.0530301 0.038327 0.104712 9.9982E-05 0.577313 0.0981138 0.128304 9.9982E-05
0.0573268 0.231124 0.21285 0.0174947 9.9982E-05 0.392168 9.9982E-05 0.0888363
0.221676 0.133731 0.102714 0.124843 0.137861 0.278926 9.9991E-05 0.000149425
0.0677544 0.00909469 0.22236 0.0897133 0.355388 0.255489 9.9982E-05 9.9982E-05
0.0824176 9.9982E-05 0.296017 0.028588 0.481717 0.0463566 9.9982E-05 0.0647043
0.0960018 0.09313 0.163845 0.0234781 0.171479 0.305778 9.9991E-05 0.146187
0.0282327 9.9982E-05 0.100325 0.032196 0.337857 0.31794 9.9982E-05 0.183249
0.0650754 0.0557538 0.317802 9.9982E-05 0.0740958 0.353829 9.9982E-05 0.133245
0.131453 9.9991E-05 0.0430043 0.0753846 0.195817 0.328439 0.0163602 0.209442
0.0249088 9.9982E-05 0.307992 0.286762 0.231804 0.136643 0.0116905 9.9982E-05
0.170996 9.9973E-05 0.43045 0.0138932 9.9973E-05 0.34084 9.9973E-05 0.0435212
0.0450492 0.184184 0.239259 9.9982E-05 0.0993912 0.38767 9.9982E-05 0.044246
9.9973E-05 9.9973E-05 0.426146 0.0392529 0.0796906 0.387687 9.9973E-05 0.0669234
9.9982E-05 0.283894 0.11641 0.0683208 0.483025 9.9982E-05 0.00228957 0.0458603
0.129262 0.161517 0.0635139 0.00783135 0.14281 0.398823 9.9991E-05 0.0961427
0.108288 0.312491 9.9982E-05 0.0433742 0.0912699 0.310629 9.9982E-05 0.133748
0.120508 0.0625018 0.426131 0.0252746 9.9982E-05 0.281139 9.9982E-05 0.0842459
0.088404 0.051375 0.46708 0.0245624 9.9982E-05 0.261994 9.9982E-05 0.106384
0.0453249 0.336247 0.3039 0.124911 0.189317 9.9973E-05 9.9973E-05 9.9973E-05
9.9964E-05 0.0480989 0.128075 9.9964E-05 9.9964E-05 9.9964E-05 0.806861 0.0165657
0.184638 0.108254 0.100553 9.9982E-05 0.173528 0.27002 9.9982E-05 0.162806
0.0434738 9.9982E-05 0.205769 0.162075 0.316846 0.155373 9.9982E-05 0.116262
0.164041 9.9973E-05 0.112779 0.0558189 0.331519 0.335542 9.9973E-05 9.9973E-05
0.137585 0.0665976 9.9991E-05 0.0674665 0.198426 0.41761 0.0107627 0.101453
0.117666 9.9991E-05 0.0360886 0.0324485 0.181824 0.451027 0.0223237 0.158522
0.0343952 0.107892 0.159475 9.9982E-05 0.128954 0.379928 9.9982E-05 0.189156
0.26321 0.0617724 0.172557 9.9973E-05 9.9973E-05 0.370881 9.9973E-05 0.131279
0.168295 0.0074497 9.9991E-05 0.0103916 0.190165 0.440119 0.0241097 0.15937
0.0750924 0.12923 0.0620762 9.99885E-05 0.119983 0.583643 0.0297758 9.99885E-05
0.14126 0.0954066 0.0595362 0.0518401 0.352751 0.139938 9.9991E-05 0.159168
0.162114 0.0778893 9.9973E-05 0.210179 0.454356 0.0951623 9.9973E-05 9.9973E-05
0.283731 9.9973E-05 0.245182 9.9973E-05 0.00996461 0.34574 9.9973E-05 0.115081
0.16391 9.9982E-05 0.0686988 0.0866822 0.236165 0.311216 9.9982E-05 0.133127
0.132845 9.9973E-05 0.341277 0.0887591 0.432679 9.9973E-05 9.9973E-05 0.00413909
0.0899713 0.0199182 0.136137 0.106407 0.0254826 0.446662 0.0625851 0.112836
0.0119456 0.178735 0.350792 0.216775 0.234836 9.9982E-05 9.9982E-05 0.00671613
0.0397209 9.9991E-05 0.13392 0.26172 0.13202 0.357004 0.00888645 0.0666286
0.131063 9.9973E-05 0.376898 9.9973E-05 0.094872 0.346896 9.9973E-05 0.0499704
0.300878 0.330427 9.9964E-05 9.9964E-05 0.339526 0.0287691 9.9964E-05 9.9964E-05
0.0574113 0.112504 0.283607 0.0281661 0.070021 0.448091 9.9982E-05 9.9982E-05
0.0271989 0.241094 0.0563241 0.25252 0.152271 0.253473 9.9991E-05 0.017018
0.0213279 9.99639E-05 0.212955 0.0708572 9.99639E-05 9.99639E-05 9.99639E-05 0.69446
9.9946E-05 9.9946E-05 9.9946E-05 9.9946E-05 9.9946E-05 9.9946E-05 0.430128 0.569273
0.145014 9.9982E-05 0.165129 0.0976525 0.182869 0.334616 9.9982E-05 0.0745181
0.0486368 9.9982E-05 0.390148 9.9982E-05 0.084518 0.266484 0.00296327 0.20705
0.0480871 0.114543 0.324388 9.9973E-05 9.9973E-05 0.323213 9.9973E-05 0.189468
0.11045 0.0668863 0.0869314 0.0411516 0.248717 0.319043 9.9991E-05 0.126721
0.0517403 9.9991E-05 0.297053 0.0329828 0.0642951 0.456718 0.00931388 0.0877969
0.296567 0.118173 0.0480173 0.0907019 0.0480395 0.308958 9.9991E-05 0.0894438
0.298931 9.9973E-05 0.209446 0.0769284 0.135103 0.279291 9.9973E-05 9.9973E-05
9.9964E-05 0.179387 9.9964E-05 0.0708075 0.651726 9.9964E-05 9.9964E-05 0.0976799
0.245654 0.2843 0.139505 0.0389851 9.9982E-05 0.163938 9.9982E-05 0.127418
0.0746019 9.9982E-05 0.0879983 0.108651 0.287664 0.418478 9.9982E-05 0.0224064
9.9982E-05 0.0638287 0.0262956 0.170897 0.0863277 0.511091 9.9982E-05 0.14136
0.0608259 0.0997529 9.9982E-05 0.221452 0.139847 0.371599 9.9982E-05 0.106323
0.0338629 0.0428551 0.606925 0.0349198 9.9973E-05 0.281137 9.9973E-05 9.9973E-05
9.9982E-05 9.9982E-05 0.236932 0.0715819 0.298316 0.277467 0.0264642 0.0890394
0.124619 9.9982E-05 0.0979511 0.0383272 0.39868 0.255386 9.9982E-05 0.0848365
0.10411 0.229387 0.0691265 0.253047 0.0174184 0.223737 0.00191363 0.101261
0.0414365 0.0809541 0.350414 9.9982E-05 0.0988923 0.294654 9.9982E-05 0.133448
0.0722933 0.348706 9.9973E-05 0.0312065 9.9973E-05 0.436245 9.9973E-05 0.111249
