9.9982E-05 0.0210246 0.00884037 0.107369 0.0725526 9.9982E-05 0.234533 0.555481
0.159004 9.9973E-05 9.9973E-05 0.100878 0.130244 9.9973E-05 0.385966 0.223608
0.287439 9.9973E-05 0.004358 0.142276 0.102422 9.9973E-05 0.463205 9.9973E-05
0.0650876 9.9991E-05 0.155092 0.0313436 0.0239185 0.0371926 0.589239 0.0980259
0.11996 0.0137459 0.00958975 0.212112 9.9982E-05 9.9982E-05 0.58657 0.0578236
0.232308 9.9964E-05 0.727104 0.0058909 9.9964E-05 0.0342978 9.9964E-05 9.9964E-05
0.13706 0.00374232 9.9982E-05 0.0601454 9.9982E-05 0.0665032 0.4701 0.262249
9.9955E-05 0.0796451 0.876622 9.9955E-05 9.9955E-05 9.9955E-05 9.9955E-05 0.0432331
0.26622 0.024975 9.9973E-05 0.0835604 9.9973E-05 9.9973E-05 0.307046 0.317899
0.065339 9.9991E-05 0.0235114 0.0954819 0.0518546 0.00874244 0.491944 0.263027
0.122542 0.0175186 9.9982E-05 9.9982E-05 0.0705992 0.0420601 0.613743 0.133337
0.13921 0.0817274 0.172067 0.0309873 0.0316516 9.9991E-05 0.393904 0.150354
0.19624 9.9964E-05 9.9964E-05 0.00833178 9.9964E-05 9.9964E-05 0.301144 0.493885
0.174757 0.0138526 0.0535998 9.9982E-05 0.113196 9.9982E-05 0.60414 0.0402543
0.111217 0.056186 0.545819 0.0793895 0.155729 9.9982E-05 0.0514604 9.9982E-05
0.386557 9.9973E-05 9.9973E-05 9.9973E-05 0.0946341 0.039353 0.418231 0.0609247
0.189367 0.0285039 0.119076 9.9982E-05 0.0434673 9.9982E-05 0.199769 0.419617
0.0013693 0.0222427 9.9982E-05 0.075406 9.9982E-05 0.110454 0.651853 0.138475
0.155913 0.0572538 9.9982E-05 0.171627 0.00807561 9.9982E-05 0.408738 0.198193
9.9964E-05 9.9964E-05 9.9964E-05 0.141954 0.0729419 9.9964E-05 0.568732 0.215972
0.172291 0.0425207 9.9973E-05 0.0270315 9.9973E-05 9.9973E-05 0.591859 0.165998
0.128395 0.112297 0.0294914 0.118886 0.145065 9.9982E-05 0.465665 9.9982E-05
0.0661539 0.102559 9.9982E-05 0.0190774 0.216147 9.9982E-05 0.555437 0.0404263
0.0706121 9.9973E-05 0.563886 0.110561 0.243338 9.9973E-05 0.0113023 9.9973E-05
0.0861681 0.0272672 9.9982E-05 0.170937 0.0283995 9.9982E-05 0.36829 0.318738
0.217564 0.0179415 0.597814 9.9982E-05 0.00615438 9.9982E-05 0.153093 0.00723311
0.152541 9.9991E-05 0.445979 0.167903 0.0611073 0.00466359 0.130568 0.0371367
0.00649037 0.111414 0.319387 9.9973E-05 9.9973E-05 9.9973E-05 0.459008 0.103401
0.132974 9.9973E-05 0.645207 0.155325 0.0540614 9.9973E-05 0.0121333 9.9973E-05
0.0697934 9.9982E-05 0.107038 9.9982E-05 0.00352221 0.0171109 0.735884 0.0664519
0.247361 0.048075 0.364715 0.00609168 0.0859786 9.9991E-05 0.094005 0.153673
0.154609 0.039683 9.9973E-05 0.168432 9.9973E-05 9.9973E-05 0.569375 0.0676008
0.361056 0.0298587 0.10388 9.9982E-05 0.152587 9.9982E-05 0.240697 0.111722
9.9955E-05 9.9955E-05 0.782222 9.9955E-05 9.9955E-05 0.0442798 0.172998 9.9955E-05
0.0542139 9.9955E-05 0.822017 9.9955E-05 9.9955E-05 0.123269 9.9955E-05 9.9955E-05
0.197371 9.9982E-05 0.113125 0.0372168 9.9982E-05 0.0587317 0.566021 0.0273344
0.0249353 9.9982E-05 0.129489 0.0947007 0.0587133 9.9982E-05 0.583062 0.108899
0.195839 9.9973E-05 9.9973E-05 9.9973E-05 0.0544079 0.0725623 0.346386 0.330506
9.9964E-05 9.9964E-05 0.704292 0.217456 0.0305395 9.9964E-05 0.0473131 9.9964E-05
0.101425 0.112553 0.356592 0.0488755 0.103752 9.9991E-05 0.0708674 0.205835
0.30033 9.9982E-05 0.165373 9.9982E-05 0.0865728 0.0738752 0.018282 0.355367
0.303683 9.9973E-05 9.9973E-05 0.0142753 0.113642 9.9973E-05 0.37914 0.18896
0.0335581 0.0682476 0.153191 0.0951143 0.0691171 9.9991E-05 0.523125 0.0575466
0.161459 0.0236479 0.560548 9.9982E-05 9.9982E-05 0.0577247 0.135072 0.0613485
0.137146 9.9982E-05 9.9982E-05 0.127788 0.0159544 0.0483027 0.301137 0.369472
0.144109 0.0110574 9.9991E-05 0.0350749 0.138009 0.0373413 0.102705 0.531603
9.9982E-05 0.0712507 0.0693222 0.118245 0.110394 9.9982E-05 0.319076 0.311513
0.24836 0.00731615 0.0499189 0.203572 0.0356373 0.0163774 0.323395 0.115423
0.169852 9.9982E-05 9.9982E-05 0.0579281 0.0786281 0.0311104 0.319004 0.343278
0.26502 0.0575908 0.37705 0.219095 9.9973E-05 9.9973E-05 9.9973E-05 0.0809443
0.118561 0.0629514 9.9982E-05 0.0364947 0.0692193 0.0822665 0.630307 9.9982E-05
0.0603255 9.9982E-05 0.368669 0.0222213 0.0802141 9.9982E-05 0.0432301 0.42514
0.301604 9.9982E-05 9.9982E-05 0.0420077 0.0233232 0.00521976 0.167708 0.459938
0.121825 9.9955E-05 0.849676 9.9955E-05 9.9955E-05 0.0279996 9.9955E-05 9.9955E-05
0.385782 0.030819 0.308835 9.9982E-05 0.0213764 9.9982E-05 0.197955 0.0550323
0.0869094 0.0210125 9.9973E-05 0.109854 9.9973E-05 9.9973E-05 0.459343 0.322581
9.9955E-05 9.9955E-05 9.9955E-05 9.9955E-05 0.1433 9.9955E-05 0.399557 0.456644
0.0559858 0.0871505 0.174042 9.9982E-05 0.0461412 9.9982E-05 0.493568 0.142913
0.206295 9.9982E-05 0.256823 0.0255228 0.155733 9.9982E-05 0.130428 0.224998
0.0201519 0.0374841 0.34364 0.0054593 9.9982E-05 9.9982E-05 0.372359 0.220705
0.055929 0.0156071 0.798759 0.122146 0.00725929 9.9973E-05 9.9973E-05 9.9973E-05
0.0502489 9.9964E-05 0.846772 0.0578032 0.0447761 9.9964E-05 9.9964E-05 9.9964E-05
0.115188 9.9982E-05 0.0106703 0.0713069 9.9982E-05 0.0663265 0.471159 0.265149
9.9946E-05 9.9946E-05 0.876422 9.9946E-05 0.122978 9.9946E-05 9.9946E-05 9.9946E-05
0.2257 0.0672519 0.0283414 0.0496399 0.0427375 9.9991E-05 0.274461 0.311768
0.0679869 9.9973E-05 0.767872 9.9973E-05 0.0222736 0.0939567 9.9973E-05 0.0476112
0.148023 0.0928741 9.9973E-05 9.9973E-05 0.0562629 9.9973E-05 0.504019 0.198521
0.187324 0.0871716 0.124338 0.0468933 0.155239 9.9991E-05 0.30674 0.0921934
0.0604786 0.106806 9.9973E-05 9.9973E-05 0.166087 9.9973E-05 0.250866 0.415463
0.382186 9.9955E-05 0.588168 9.9955E-05 9.9955E-05 0.0291467 9.9955E-05 9.9955E-05
9.9973E-05 0.146563 9.9973E-05 0.0467811 0.215764 9.9973E-05 0.337707 0.252885
0.015063 0.113481 0.0797161 0.132557 0.0800864 9.9991E-05 0.378797 0.200199
0.0435965 0.0293826 0.260042 0.0989491 0.131561 0.0431141 0.323993 0.0693611
0.309329 0.0176503 9.9982E-05 0.0821528 0.0461576 9.9982E-05 0.179059 0.365451
0.0777904 0.134096 0.0615218 0.0318251 0.0910465 9.9991E-05 0.367894 0.235726
0.0955461 9.9973E-05 0.359731 0.0982696 0.0603255 9.9973E-05 0.385828 9.9973E-05
0.0707367 9.9982E-05 0.0038125 0.0509136 0.14775 0.0224654 0.704122 9.9982E-05
0.136659 9.9991E-05 0.127559 0.00764761 0.104414 0.0418951 0.123892 0.457833
0.138779 0.0720741 0.107602 0.172462 0.121006 9.9991E-05 0.188729 0.199247
0.0879681 0.0594453 0.017049 0.0959459 0.0806757 9.9991E-05 0.389845 0.268971
0.0881593 0.147119 9.9982E-05 0.216683 0.128985 9.9982E-05 0.133149 0.285704
0.243144 0.0212148 9.9982E-05 0.00152394 0.072741 0.0140905 0.647086 9.9982E-05
0.00459627 0.0714738 0.0480464 0.0728104 0.167398 9.9991E-05 0.369222 0.266353
9.9964E-05 9.9964E-05 9.9964E-05 0.135107 0.048882 9.9964E-05 0.449771 0.36584
0.0666675 9.9973E-05 9.9973E-05 0.0977127 0.0497755 9.9973E-05 0.51452 0.271025
0.194243 0.0778569 0.069623 0.0600309 0.18705 9.9991E-05 0.174465 0.236632
0.242935 9.9973E-05 0.260414 9.9973E-05 0.00969485 9.9973E-05 0.348156 0.138501
0.246258 9.9973E-05 0.153181 0.122809 0.118272 9.9973E-05 0.35918 9.9973E-05
0.344647 0.00725355 0.6476 9.99551E-05 9.99551E-05 9.99551E-05 9.99551E-05 9.99551E-05
0.28764 0.0160997 0.183445 0.049684 0.0679147 9.9991E-05 0.293083 0.102033
0.285316 9.9973E-05 9.9973E-05 9.9973E-05 0.301908 0.0527827 0.0711452 0.288548
0.144406 0.0209291 0.446045 0.0762167 0.0263003 9.9991E-05 0.138748 0.147254
0.0888465 0.137499 0.0352367 0.00798431 0.0508383 9.9991E-05 0.469806 0.209689
0.0148989 9.9973E-05 0.248297 0.0848825 9.9973E-05 9.9973E-05 0.497179 0.154443
0.205334 0.073954 0.35645 9.9973E-05 0.166985 9.9973E-05 0.196977 9.9973E-05
0.0436511 0.0980562 0.755561 0.0445953 0.0578368 9.9973E-05 9.9973E-05 9.9973E-05
0.191097 0.0460155 0.0785376 9.9982E-05 0.116572 9.9982E-05 0.259464 0.308113
0.240204 9.9991E-05 0.0542739 0.167684 0.101869 0.0160936 0.236757 0.183019
9.9973E-05 9.9973E-05 0.0432825 0.224127 0.208494 9.9973E-05 0.355296 0.168501
0.0431198 0.0665203 0.216954 9.9973E-05 9.9973E-05 9.9973E-05 0.508953 0.164153
0.360609 0.0330802 0.385439 0.00939122 0.11829 9.9982E-05 9.9982E-05 0.0929903
0.0759447 0.00312016 0.061189 0.0397663 0.0732463 9.9991E-05 0.539768 0.206865
9.9973E-05 9.9973E-05 9.9973E-05 0.143186 0.108441 0.0262492 0.429461 0.292364
9.9973E-05 0.101581 9.9973E-05 0.0773613 0.069501 9.9973E-05 0.490395 0.260862
0.256521 0.0579291 9.9982E-05 0.0164095 0.125523 0.0830059 0.460412 9.9982E-05
0.164536 9.9964E-05 0.675333 9.9964E-05 0.132473 9.9964E-05 0.0272576 9.9964E-05
0.121003 9.9982E-05 0.449283 0.156407 0.142702 0.0428286 0.0875763 9.9982E-05
9.9964E-05 9.9964E-05 9.9964E-05 0.138053 0.0996608 9.9964E-05 0.403531 0.358355
0.253125 9.9982E-05 0.0296057 9.9982E-05 0.0826926 0.00842456 0.398899 0.227053
0.0467978 0.0471427 9.9973E-05 9.9973E-05 0.0571889 9.9973E-05 0.767004 0.0815671
0.33494 9.9982E-05 0.363261 0.0757145 0.052464 9.9982E-05 0.132375 0.041045
0.00657898 9.9964E-05 0.87439 9.9964E-05 0.070945 9.9964E-05 9.9964E-05 0.0476861
0.149647 9.9973E-05 0.391374 0.111385 0.0895735 9.9973E-05 0.25772 9.9973E-05
9.9982E-05 0.0657491 9.9982E-05 0.00691074 0.0900537 0.0873932 0.602144 0.14755
0.0771241 9.9982E-05 0.0925071 0.123098 0.131134 9.9982E-05 0.408351 0.167586
9.9964E-05 9.9964E-05 9.9964E-05 0.0374685 0.059396 9.9964E-05 0.328066 0.57467
0.00780111 0.0668616 9.9982E-05 0.0168028 0.114921 9.9982E-05 0.473621 0.319792
0.137075 9.9955E-05 0.826607 9.9955E-05 9.9955E-05 0.035819 9.9955E-05 9.9955E-05
0.0505576 0.127956 0.00599433 0.068196 0.0128549 9.9991E-05 0.636819 0.097522
9.9964E-05 9.9964E-05 9.9964E-05 9.9964E-05 0.120129 0.0843685 0.524507 0.270596
0.201408 0.0555858 0.0640137 0.036313 9.9982E-05 9.9982E-05 0.63782 0.00465963
0.173465 0.0680888 0.576452 9.9964E-05 9.9964E-05 9.9964E-05 0.181594 9.9964E-05
0.125831 0.0173154 9.9982E-05 9.9982E-05 0.0590377 0.0362048 0.6817 0.0797119
0.0753758 0.00748618 0.0486099 9.9991E-05 0.092792 0.0889587 0.41169 0.274987
0.0513132 9.9973E-05 9.9973E-05 0.0318607 9.9973E-05 0.0582805 0.56887 0.289376
0.122655 0.160638 0.0432302 9.9982E-05 0.131456 9.9982E-05 0.334995 0.206826
0.125071 0.118241 0.562977 9.9973E-05 0.00614746 9.9973E-05 0.187264 9.9973E-05
9.9964E-05 0.0278247 0.863395 0.0579496 0.0504312 9.9964E-05 9.9964E-05 9.9964E-05
0.175908 9.9982E-05 9.9982E-05 0.147065 0.116088 0.0571114 0.333946 0.169682
0.130083 0.0237717 0.0022825 0.21285 0.0705129 0.0148446 0.34027 0.205385
0.152368 0.0455186 9.9982E-05 0.0783758 0.0304591 9.9982E-05 0.447811 0.245268
0.387311 0.0822745 9.9973E-05 0.0439154 9.9973E-05 9.9973E-05 0.197729 0.288471
0.1841 0.00494172 0.313759 9.9982E-05 0.0763287 9.9982E-05 0.295205 0.125466
0.0557879 0.0253661 0.0335872 0.129316 0.10377 0.0717716 0.423302 0.1571
0.0875338 0.0629542 0.230543 0.0322316 9.9982E-05 9.9982E-05 0.445078 0.14146
9.994E-05 9.994E-05 9.994E-05 9.994E-05 0.9993 9.994E-05 9.994E-05 9.994E-05
0.0720748 0.039078 0.487452 0.0617595 0.14113 0.00294415 0.195461 9.9991E-05
0.0490496 0.0446116 0.291045 9.9982E-05 0.0687033 0.0615197 0.484871 9.9982E-05
9.994E-05 9.994E-05 9.994E-05 9.994E-05 0.9993 9.994E-05 9.994E-05 9.994E-05
0.0927274 0.0555367 0.52809 0.0373127 0.190721 9.9982E-05 9.9982E-05 0.0954118
0.155713 9.9973E-05 0.134062 9.9973E-05 9.9973E-05 0.00127284 0.594835 0.113816
0.0977356 0.196787 0.313696 0.111146 0.0202038 9.9991E-05 0.204185 0.056147
0.474834 9.9973E-05 0.150969 0.0450555 9.9973E-05 9.9973E-05 0.136577 0.192265
0.343515 0.0267511 0.119869 0.115164 0.0423793 9.9991E-05 0.0460649 0.306158
0.162058 0.00184741 0.691143 9.9964E-05 9.9964E-05 9.9964E-05 9.9964E-05 0.144551
0.0650994 0.04683 0.272546 9.9991E-05 0.0328786 0.0270965 0.222461 0.332988
0.117912 0.0363134 0.200114 0.0264338 0.0677879 9.9991E-05 0.411049 0.14029
0.198935 0.128575 9.9982E-05 0.0271803 0.0917617 9.9982E-05 0.197955 0.355392
0.0128919 0.0577842 9.9973E-05 9.9973E-05 0.0454775 9.9973E-05 0.261636 0.621911
0.0592459 0.0639799 9.9982E-05 0.239924 0.0856386 9.9982E-05 0.284334 0.266677
0.233314 0.0291784 0.0013568 0.196589 0.000251949 9.9982E-05 0.53911 9.9982E-05
9.9973E-05 0.10002 0.315628 0.00773352 9.9973E-05 9.9973E-05 0.465974 0.110345
0.0310946 9.9973E-05 0.734378 9.9973E-05 9.9973E-05 0.0141034 0.0558479 0.164276
0.276677 9.9991E-05 0.313537 0.183072 0.0185954 0.000435755 0.145364 0.0622195
0.286812 0.0573913 9.9982E-05 0.102949 0.14768 9.9982E-05 0.152701 0.252268
0.293587 0.0368942 9.9991E-05 0.0986195 0.0844403 0.0273199 0.297493 0.161546
0.067708 9.9964E-05 0.791981 0.0804076 0.0595037 9.9964E-05 9.9964E-05 9.9964E-05
0.234016 0.0454497 9.9991E-05 0.0504905 0.0980393 0.0363182 0.377061 0.158525
0.16096 0.00890087 9.9982E-05 0.182902 0.119516 9.9982E-05 0.239752 0.287768
0.221882 9.9991E-05 0.179619 0.0858051 0.0321026 0.0657337 0.387834 0.0269241
0.0871814 0.0211831 0.00635538 0.152877 0.166397 0.00320899 0.527103 0.0356936
0.424059 0.000630264 0.0928738 0.0295296 0.0181254 9.9991E-05 0.0592975 0.375385
0.307905 0.0936741 9.9964E-05 9.9964E-05 0.216789 9.9964E-05 0.381233 9.9964E-05
0.231417 0.00817552 0.0042166 0.156722 0.0820715 9.9991E-05 0.333247 0.18405
0.0706256 9.9982E-05 9.9982E-05 0.00603183 0.0353959 0.00226951 0.478673 0.406804
9.9973E-05 0.102769 9.9973E-05 9.9973E-05 0.167098 0.0113788 0.57543 0.143024
0.391284 9.9982E-05 0.0480517 9.9982E-05 0.0493937 0.1055 0.0984964 0.307074
0.209921 9.9973E-05 0.423495 9.9973E-05 0.0703858 0.0288428 0.267056 9.9973E-05
0.187412 0.00821028 0.175421 0.0463005 0.166601 9.9991E-05 0.161673 0.254282
0.149718 9.9982E-05 0.0689608 0.297263 0.173129 9.9982E-05 0.127738 0.182991
0.128269 0.103802 0.100736 0.0884383 0.195091 0.00803503 0.339505 0.0361239
0.228081 0.0601498 0.0632334 0.0857064 0.035235 9.9991E-05 0.52342 0.00407481
9.9955E-05 9.9955E-05 0.895454 0.0955362 0.00850959 9.9955E-05 9.9955E-05 9.9955E-05
0.45173 0.039046 9.9973E-05 9.9973E-05 0.162034 0.0191175 0.327772 9.9973E-05
0.082792 9.9973E-05 0.328337 0.142443 0.239824 9.9973E-05 0.206304 9.9973E-05
0.234319 0.100825 9.9973E-05 9.9973E-05 0.140869 9.9973E-05 0.065013 0.458674
0.0458072 9.9973E-05 0.253806 0.201323 9.9973E-05 9.9973E-05 0.324363 0.1744
0.21484 0.00423216 0.547677 9.9991E-05 0.0435496 0.0395485 0.131698 0.0183544
0.0786691 0.018712 0.447096 9.9973E-05 9.9973E-05 9.9973E-05 0.13634 0.318883
9.9964E-05 0.142902 0.55256 9.9964E-05 0.0179647 9.9964E-05 0.286173 9.9964E-05
0.227386 0.00186941 9.9964E-05 0.132523 9.9964E-05 9.9964E-05 0.637821 9.9964E-05
0.243743 0.0232246 0.670823 9.9973E-05 0.0594333 0.00247571 9.9973E-05 9.9973E-05
9.9982E-05 0.000386254 0.424419 0.116923 9.9982E-05 0.00427413 0.387348 0.0664503
0.161103 0.0491657 9.9982E-05 0.0786324 9.9982E-05 0.0311953 0.345191 0.334513
0.104662 9.99461E-05 0.894739 9.99461E-05 9.99461E-05 9.99461E-05 9.99461E-05 9.99461E-05
0.575464 9.9964E-05 0.311577 0.0173148 9.9964E-05 9.9964E-05 0.0952441 9.9964E-05
0.416804 0.0372775 9.9973E-05 9.9973E-05 0.0421138 9.9973E-05 0.0927603 0.410745
0.254566 0.0120903 0.357923 0.03135 9.9982E-05 9.9982E-05 0.164399 0.179472
0.109287 9.9973E-05 0.165995 9.9973E-05 0.105811 9.9973E-05 0.566663 0.0519442
0.167472 0.0378378 9.9982E-05 0.111551 0.00562021 9.9982E-05 0.65473 0.0225885
0.164294 0.0497366 0.280107 0.0720896 9.9973E-05 9.9973E-05 0.433473 9.9973E-05
0.0580342 0.0638595 0.00684263 0.0476419 0.036471 9.9991E-05 0.492245 0.294806
0.187537 9.9973E-05 9.9973E-05 0.0416445 0.0162089 9.9973E-05 0.575693 0.178617
0.104459 0.0977267 9.9982E-05 9.9982E-05 0.0992438 0.116957 0.469934 0.11148
0.17075 9.9991E-05 0.242624 0.157252 0.124202 0.0403324 0.12872 0.13602
9.9973E-05 0.00700286 0.257201 9.9973E-05 9.9973E-05 0.0436213 0.493845 0.19803
0.0602516 0.0360531 9.9991E-05 0.129029 0.0662428 0.0912036 0.409136 0.207984
0.111433 9.9991E-05 0.114814 0.150428 0.0750751 0.0404421 0.479293 0.0284141
0.20914 0.0480507 9.9982E-05 0.103154 0.124819 9.9982E-05 0.0257033 0.488933
0.247966 9.9964E-05 9.9964E-05 0.144951 9.9964E-05 9.9964E-05 0.253709 0.352974
0.0726613 9.9991E-05 0.286828 0.052539 0.112273 0.0557079 0.265142 0.154748
0.082417 0.00556813 9.9991E-05 0.0520214 0.129045 0.0181296 0.515124 0.197595
0.134375 0.0067644 0.0249395 0.0887805 0.0517005 9.9991E-05 0.175453 0.517887
0.176726 0.0148412 9.9991E-05 0.188834 0.0442729 0.152517 0.312492 0.110216
0.101361 0.0542051 9.9982E-05 0.190838 0.0131729 0.0238329 9.9982E-05 0.61639
0.157044 9.9982E-05 0.231525 9.9982E-05 0.124171 0.0603008 0.117432 0.309327
9.9964E-05 0.0737568 9.9964E-05 0.247677 9.9964E-05 9.9964E-05 0.356102 0.322064
0.261463 9.9973E-05 0.156082 9.9973E-05 0.112752 9.9973E-05 0.277421 0.191982
0.201813 0.0565108 9.9982E-05 0.0960435 0.101803 9.9982E-05 0.398667 0.144963
9.9982E-05 0.0270942 9.9982E-05 0.0215587 0.086588 0.043844 0.605296 0.215419
0.117092 9.9964E-05 9.9964E-05 9.9964E-05 9.9964E-05 0.0760278 0.271943 0.534537
0.0424125 0.0421028 0.376364 9.9982E-05 0.0393316 9.9982E-05 0.223226 0.276362
9.9982E-05 9.9982E-05 0.405803 0.0703427 0.0341075 0.00257677 0.23463 0.25234
0.0225098 9.9964E-05 9.9964E-05 9.9964E-05 0.0809882 0.00317939 0.892923 9.9964E-05
9.9973E-05 9.9973E-05 0.00150429 9.9973E-05 0.0799985 0.171543 0.533696 0.212959
0.0988973 0.141281 9.9982E-05 0.0614219 0.0452384 9.9982E-05 0.490514 0.162448
0.248358 0.0267991 9.9982E-05 0.144486 0.134669 9.9982E-05 0.33276 0.112727
0.203981 0.059976 0.240224 0.0402191 0.27801 9.9982E-05 0.17739 9.9982E-05
0.141543 0.04464 0.175091 0.133571 0.162666 9.9991E-05 0.335313 0.00707545
0.143312 0.0482289 9.9982E-05 9.9982E-05 0.044706 0.112095 0.192111 0.459347
0.259486 0.000493321 0.469699 0.0170046 0.123952 9.9991E-05 0.0250645 0.104201
0.258911 0.0216 0.0747134 9.9973E-05 9.9973E-05 9.9973E-05 0.397362 0.247113
0.181017 0.0213348 0.109979 0.120219 0.105065 0.0611097 0.214361 0.186914
0.262287 0.0231465 0.652656 0.0262075 0.0354033 9.9973E-05 9.9973E-05 9.9973E-05
0.335796 0.0226855 9.9982E-05 9.9982E-05 0.0542268 0.00636927 0.106557 0.474166
0.22141 0.0180976 9.9982E-05 0.191164 0.0952266 9.9982E-05 0.314348 0.159555
0.121458 9.9982E-05 0.0169736 0.0466147 0.0998258 9.9982E-05 0.64136 0.073567
0.052903 0.0871004 9.9982E-05 0.0264048 0.0373353 9.9982E-05 0.543879 0.252177
0.054224 0.0964535 9.9991E-05 0.19573 0.11982 0.0200105 0.25484 0.258822
0.167432 0.0146868 9.9982E-05 0.053358 0.0972602 9.9982E-05 0.524993 0.14207
0.139241 0.0214269 9.9973E-05 0.0768604 9.9973E-05 9.9973E-05 0.754777 0.00739487
9.9964E-05 0.0926255 9.9964E-05 9.9964E-05 0.100325 9.9964E-05 0.731693 0.0749558
0.408201 9.9973E-05 0.115238 9.9973E-05 0.0778097 9.9973E-05 0.179002 0.219448
0.0685516 0.0427046 0.00984591 0.0202165 0.0679847 0.00916121 0.438889 0.342646
9.9964E-05 9.9964E-05 9.9964E-05 0.107303 0.143939 9.9964E-05 0.468241 0.280117
0.466873 9.9991E-05 0.0483618 0.00276454 0.198787 0.0373594 0.121834 0.123921
0.0734649 0.0100652 0.0140501 0.149358 0.0543423 9.9991E-05 0.40041 0.298209
0.00459612 0.0406787 9.9973E-05 9.9973E-05 0.135333 9.9973E-05 0.284063 0.535029
0.0643356 0.0647494 0.326619 0.0179819 0.00489863 9.9991E-05 0.344808 0.176508
0.0327342 0.0808968 0.287863 0.0685221 0.117863 9.9982E-05 0.411921 9.9982E-05
0.114896 0.00761266 0.0205549 0.164087 9.9982E-05 9.9982E-05 0.647706 0.0449436
0.0895702 0.141631 0.541869 9.9982E-05 0.0552447 9.9982E-05 0.156724 0.0147608
0.220818 0.0373707 9.9991E-05 0.0869262 0.110729 0.00566709 0.52726 0.0111291
0.109585 9.9964E-05 0.348938 9.9964E-05 9.9964E-05 9.9964E-05 0.504884 0.0361939
0.00556066 0.0765855 0.0411521 0.15956 0.00453831 0.0201646 0.54472 0.147719
0.385007 0.0738994 0.120105 0.100392 0.242333 9.9982E-05 9.9982E-05 0.0780635
0.0342544 0.138612 0.32282 0.0677829 0.0501579 0.00645832 0.276117 0.103797
9.9973E-05 9.9973E-05 0.459161 0.0933422 0.194016 0.0575998 0.195581 9.9973E-05
0.370212 9.9973E-05 9.9973E-05 0.0933493 9.9973E-05 0.0161881 0.406858 0.113092
0.0869581 0.125734 9.9982E-05 0.0534384 0.0791942 9.9982E-05 0.243624 0.410852
0.0976736 0.0667287 0.284553 9.9982E-05 0.124263 9.9982E-05 0.276701 0.14988
0.0326223 0.0135563 0.0418823 0.250636 0.0236633 9.9991E-05 0.346575 0.290965
0.138592 9.9982E-05 0.00816076 0.131577 9.9982E-05 0.00607475 0.52577 0.189625
0.132365 0.105394 0.761741 9.9955E-05 9.9955E-05 9.9955E-05 9.9955E-05 9.9955E-05
0.131192 9.9973E-05 9.9973E-05 0.13241 0.0476366 9.9973E-05 0.433179 0.255283
0.190142 9.9964E-05 9.9964E-05 0.114889 9.9964E-05 9.9964E-05 0.518296 0.176274
0.16268 0.0449833 9.9973E-05 0.0466086 0.0416536 9.9973E-05 0.703775 9.9973E-05
0.25558 0.0256762 0.0186948 0.0387644 0.0621813 9.9982E-05 0.598903 9.9982E-05
0.118483 0.0474185 0.0404097 9.9982E-05 0.0629228 9.9982E-05 0.485959 0.244607
0.116393 9.9973E-05 9.9973E-05 0.0616778 0.0766646 9.9973E-05 0.364093 0.380872
0.128435 9.9982E-05 0.0033725 0.00401735 0.0631879 0.0921838 0.708603 9.9982E-05
0.124721 0.150004 0.0681519 9.9973E-05 9.9973E-05 9.9973E-05 0.514141 0.142683
0.156806 0.0279647 0.468709 0.097206 0.0836255 9.9991E-05 0.102158 0.0634297
0.156494 9.9973E-05 9.9973E-05 0.0374662 0.0914168 9.9973E-05 0.621107 0.093216
9.9973E-05 0.0903427 9.9973E-05 0.0103316 0.0496159 9.9973E-05 0.581 0.26841
0.189251 0.095062 0.120772 9.9991E-05 0.136481 0.0273482 0.237013 0.193972
9.9982E-05 0.0295346 0.381607 9.9982E-05 0.150002 0.0104617 0.347495 0.0807006
9.9982E-05 0.0188091 9.9982E-05 0.0585381 0.161256 0.0407075 0.379347 0.341143
0.0425328 9.9964E-05 0.223248 0.121148 9.9964E-05 9.9964E-05 0.612671 9.9964E-05
0.0953109 0.00353537 9.9973E-05 0.15482 9.9973E-05 9.9973E-05 0.430192 0.315841
0.132348 9.9973E-05 0.325802 0.0912352 0.00482851 9.9973E-05 0.445487 9.9973E-05
0.256793 9.9991E-05 0.0896894 0.0494414 0.102634 0.102415 0.26156 0.137368
0.251546 9.9982E-05 0.397352 0.0761775 0.15286 9.9982E-05 0.0823798 0.039484
9.9982E-05 0.0325077 0.287296 0.0917368 0.0167979 9.9982E-05 0.43708 0.134381
0.116076 0.0394796 0.0188378 9.9991E-05 0.125495 0.0872345 0.126633 0.486144
0.0642389 0.0178974 0.216181 0.0196604 0.073562 0.00467609 0.519017 0.0847671
0.171968 0.0504167 9.9982E-05 0.2298 0.101083 9.9982E-05 0.332668 0.113865
0.0512858 0.0608774 0.0672336 9.9982E-05 0.216477 9.9982E-05 0.580178 0.0237487
0.274782 9.9982E-05 9.9982E-05 0.0438673 0.12527 0.0785106 0.369228 0.108141
0.0994299 0.0782786 0.300283 0.0985443 0.111932 9.9982E-05 0.311333 9.9982E-05
0.178637 9.9982E-05 0.00999637 0.0490129 0.0683198 9.9982E-05 0.310982 0.382852
0.202959 9.9973E-05 9.9973E-05 0.0117676 9.9973E-05 0.105977 0.414792 0.264204
0.0123225 9.9973E-05 9.9973E-05 0.156913 0.0935984 9.9973E-05 0.513084 0.223782
0.0679432 9.9973E-05 0.546055 9.9973E-05 9.9973E-05 0.134959 0.0590038 0.191739
0.0811184 9.9955E-05 0.876202 9.9955E-05 9.9955E-05 0.0421802 9.9955E-05 9.9955E-05
0.106974 9.9991E-05 0.126126 0.0168274 0.0217222 0.103029 0.472197 0.153024
0.211332 0.0119923 0.0931725 0.0808175 0.0661032 0.0563073 0.177343 0.302931
0.407575 0.0454044 0.0237913 0.0479476 0.0722189 0.0128564 0.202181 0.188025
0.377807 9.9982E-05 0.120332 9.9982E-05 0.0070567 0.00644053 0.21752 0.270644
0.183196 0.0812925 0.16767 0.0617968 0.0651189 0.0311441 0.378872 0.0309105
0.026556 0.0935273 0.129099 0.155087 0.0699451 9.9991E-05 0.32048 0.205206
0.153443 0.0686775 9.9982E-05 0.130965 0.0836649 9.9982E-05 0.260601 0.302449
0.288219 9.9973E-05 9.9973E-05 9.9973E-05 0.010791 0.110202 0.338188 0.2523
0.258172 0.0486435 9.9991E-05 0.0341689 0.0231663 0.007611 0.512007 0.116132
9.9964E-05 9.9964E-05 9.9964E-05 0.0339951 9.9964E-05 0.0340095 0.389679 0.541917
9.9964E-05 9.9964E-05 9.9964E-05 0.0642458 0.0102098 9.9964E-05 0.727057 0.198087
0.102553 0.0252438 9.9973E-05 9.9973E-05 0.0711209 9.9973E-05 0.611301 0.189481
0.12421 0.108731 9.9973E-05 9.9973E-05 0.308113 9.9973E-05 0.19655 0.262097
0.138026 9.9982E-05 9.9982E-05 0.0334949 0.032592 0.133464 0.425667 0.236556
9.9973E-05 9.9973E-05 0.0294902 0.0602887 0.218903 9.9973E-05 0.492801 0.198217
0.143936 0.0140547 9.9991E-05 0.203382 0.139124 0.0563974 0.322297 0.120708
0.367541 9.9964E-05 9.9964E-05 0.129914 9.9964E-05 0.0278663 0.474278 9.9964E-05
9.9982E-05 0.043182 0.118418 0.076316 0.139133 9.9982E-05 0.49092 0.131831
9.9982E-05 0.144498 0.564367 9.9982E-05 0.0487238 0.0776537 0.151801 0.0127568
0.326863 9.9973E-05 0.338469 9.9973E-05 0.00346591 9.9973E-05 0.0511527 0.279749
0.0284699 0.0385762 0.74218 9.9973E-05 9.9973E-05 0.024937 0.165537 9.9973E-05
0.18912 9.9973E-05 9.9973E-05 0.0681342 9.9973E-05 0.01787 0.433609 0.290967
0.0561081 0.0567281 0.710538 9.9973E-05 9.9973E-05 0.0142687 0.162057 9.9973E-05
0.12538 9.9973E-05 0.623504 0.0171573 0.103396 9.9973E-05 0.130262 9.9973E-05
0.272049 0.0534879 9.9982E-05 0.152923 0.0611224 9.9982E-05 0.426753 0.0334647
0.0371201 0.0430122 9.9991E-05 0.240391 0.057441 0.0285779 0.566575 0.0267831
9.9964E-05 9.9964E-05 9.9964E-05 0.185735 0.0800348 9.9964E-05 0.328943 0.404887
0.0287229 0.0259821 0.726825 9.9973E-05 9.9973E-05 9.9973E-05 0.0141646 0.204006
0.0434062 0.0168439 9.9982E-05 0.0087585 0.0200159 9.9982E-05 0.44967 0.461106
0.326716 0.0374265 0.349951 0.0649475 0.0925868 9.9991E-05 0.010076 0.118196
9.9982E-05 9.9982E-05 0.0439229 0.0703519 0.142587 0.0592253 0.548133 0.135581
0.183672 9.9973E-05 0.689694 0.0519792 0.00201357 9.9973E-05 0.0723418 9.9973E-05
0.0790623 9.9982E-05 0.0999995 0.15534 0.0693612 9.9982E-05 0.114671 0.481366
0.000568214 0.0754015 0.062677 9.9982E-05 0.00966485 9.9982E-05 0.66167 0.189818
9.9964E-05 0.0402061 9.9964E-05 0.0458783 9.9964E-05 9.9964E-05 0.488165 0.42535
0.165886 9.9973E-05 9.9973E-05 0.321415 0.102822 9.9973E-05 0.231103 0.178474
9.9973E-05 0.00677536 0.69788 0.0854401 0.0564761 9.9973E-05 0.153129 9.9973E-05
0.182866 0.0166006 0.166213 0.0986895 0.0912252 9.9991E-05 0.420156 0.0241497
0.233192 0.00293189 0.288993 9.9991E-05 0.00418163 0.102805 0.195917 0.171879
9.9973E-05 0.122533 9.9973E-05 0.144969 0.176954 9.9973E-05 0.447256 0.107988
0.0204219 0.0490724 0.712753 0.0262716 0.0154805 0.0284078 0.147493 9.9991E-05
0.252499 9.9973E-05 0.079461 9.9973E-05 9.9973E-05 0.15914 0.11394 0.39466
0.39621 0.0340323 0.319506 0.0589866 9.9982E-05 0.0219979 0.169068 9.9982E-05
0.140007 9.9991E-05 0.0117575 0.0404845 0.0860439 0.00197562 0.321738 0.397893
0.600772 0.0581506 0.0494767 9.9991E-05 0.0046351 0.0106756 0.079614 0.196576
0.125446 0.0444487 0.518674 0.0128088 0.0542687 0.00381871 0.219743 0.0207929
9.9973E-05 0.0785665 9.9973E-05 0.212931 0.182564 9.9973E-05 0.274054 0.251585
9.9982E-05 0.0654212 0.00150014 0.145667 0.120577 9.9982E-05 0.434431 0.232203
0.155199 0.100992 9.9964E-05 9.9964E-05 9.9964E-05 9.9964E-05 0.184192 0.559217
0.0673503 0.143602 9.9964E-05 9.9964E-05 9.9964E-05 9.9964E-05 0.478722 0.309926
0.184847 0.000510461 0.362046 0.184342 0.0965182 9.9982E-05 0.171537 9.9982E-05
0.289867 9.9982E-05 9.9982E-05 0.144754 0.0442144 0.0227437 0.428215 0.0700056
0.0298691 9.9973E-05 9.9973E-05 0.166081 0.0117011 9.9973E-05 0.687495 0.104553
9.9973E-05 9.9973E-05 0.0266548 0.177512 0.0178397 9.9973E-05 0.61049 0.167203
0.00116029 0.140536 0.430061 0.097485 0.137105 9.9982E-05 0.193453 9.9982E-05
0.269088 9.9982E-05 0.202002 0.127808 0.0991374 9.9982E-05 0.102246 0.199519
0.129885 0.0869038 9.9982E-05 0.0347581 0.00639664 9.9982E-05 0.434591 0.307265
0.226162 9.9982E-05 0.0919086 0.101931 0.186055 0.0356448 9.9982E-05 0.358098
0.275233 0.070008 0.127793 0.142067 0.0467919 9.9991E-05 0.301458 0.0365501
0.202093 0.0546176 9.9982E-05 0.110589 0.0461558 9.9982E-05 0.384399 0.201946
0.237198 0.0604126 0.301094 0.0940634 0.054995 0.00337067 0.248767 9.9991E-05
0.293996 9.9991E-05 0.0543191 0.0285601 0.18744 0.102605 0.238898 0.0940815
0.225398 0.0370857 0.352268 0.0296211 0.0349543 0.0137599 0.306813 9.9991E-05
0.100334 0.181684 9.9973E-05 0.0304381 9.9973E-05 9.9973E-05 0.402787 0.284457
0.0037008 9.9982E-05 9.9982E-05 0.154438 0.00457345 0.0174573 0.624115 0.195515
0.228442 9.9964E-05 9.9964E-05 9.9964E-05 9.9964E-05 0.0846639 0.638567 0.0479269
0.0153061 0.099244 9.9982E-05 0.102825 0.0510747 9.9982E-05 0.570007 0.161343
0.0334469 0.0864012 9.9982E-05 9.9982E-05 0.234451 0.0367866 0.275512 0.333202
9.9973E-05 9.9973E-05 9.9973E-05 0.0353313 0.0911202 0.0561485 0.516828 0.300272
0.33366 9.9973E-05 0.233706 0.0965917 0.013446 9.9973E-05 0.322296 9.9973E-05
0.394785 0.0294003 9.9991E-05 0.0468595 0.0503323 0.00763822 0.31963 0.151255
0.034964 9.9964E-05 9.9964E-05 9.9964E-05 0.0758717 9.9964E-05 0.729897 0.158867
0.0585208 0.123725 0.0261362 9.9982E-05 0.0685033 9.9982E-05 0.646749 0.0761655
0.260232 9.9973E-05 0.00761214 0.179788 0.134299 9.9973E-05 0.417769 9.9973E-05
0.298112 9.9982E-05 0.230335 0.184269 0.0168055 9.9982E-05 0.0399705 0.230308
0.0660323 0.023642 9.9991E-05 0.038494 0.0892213 0.0479157 0.137215 0.59738
9.9973E-05 0.121876 0.0157124 0.0773954 9.9973E-05 9.9973E-05 0.523713 0.261004
0.00618746 9.9973E-05 0.725032 0.115034 0.00320354 9.9973E-05 9.9973E-05 0.150242
9.9964E-05 9.9964E-05 0.594121 0.138824 9.9964E-05 9.9964E-05 0.163963 0.102692
9.9982E-05 0.01912 9.9982E-05 0.122235 0.15196 0.034032 0.662081 0.0103732
9.9982E-05 0.108503 0.00806209 9.9982E-05 0.00877193 0.337837 0.418821 0.117804
0.201583 0.243717 9.9982E-05 0.131018 0.076358 0.199173 9.9982E-05 0.147951
0.115221 0.150349 9.9991E-05 0.184563 0.00602093 0.189675 0.101801 0.25227
9.9973E-05 9.9973E-05 9.9973E-05 0.0572649 0.0277156 0.0767213 0.300543 0.537455
9.9982E-05 0.202956 9.9982E-05 0.0967776 0.0213778 0.353261 0.0258095 0.299618
9.9982E-05 0.183938 0.0198732 0.0150265 9.9982E-05 0.320201 0.0995376 0.361224
0.0268353 0.140503 0.0346936 0.273093 9.9982E-05 0.274136 0.250538 9.9982E-05
9.9973E-05 0.169383 0.0212014 9.9973E-05 9.9973E-05 0.338081 0.0244288 0.446606
0.167488 0.172051 9.9982E-05 0.00113037 9.9982E-05 0.400711 0.126142 0.132278
0.0815536 0.134579 0.00250826 9.9982E-05 9.9982E-05 0.27879 0.298578 0.203791
0.116053 0.250022 9.9982E-05 0.092192 0.0620063 0.1046 0.374926 9.9982E-05
0.0639584 0.18199 0.00368299 9.9991E-05 0.00934267 0.337211 0.17541 0.228305
0.0984199 0.109722 9.9982E-05 0.112772 9.9982E-05 0.0956907 0.375293 0.207903
0.000860301 0.0913498 0.00227543 0.0567644 0.0259762 0.313734 9.9991E-05 0.50894
9.9982E-05 0.138085 9.9982E-05 0.0692144 0.0767673 0.301142 0.186954 0.227638
0.300548 0.191725 9.9982E-05 0.20919 0.00913065 0.259809 0.0293975 9.9982E-05
9.9973E-05 0.145541 9.9973E-05 0.397359 0.0074751 0.0973363 0.351988 9.9973E-05
0.133677 0.163734 9.9991E-05 0.26256 0.015363 0.135818 0.0911984 0.19755
9.9964E-05 0.0689221 0.777213 9.9964E-05 0.0431004 0.110364 9.9964E-05 9.9964E-05
9.9991E-05 0.189375 0.0162618 0.0562002 0.0447429 0.214519 0.272686 0.206115
0.024841 0.248633 0.00776635 9.9991E-05 0.0601291 0.183276 0.188613 0.286642
0.124656 0.0993389 0.119931 0.000935392 0.0360901 9.9991E-05 0.381221 0.237728
9.9982E-05 0.156305 9.9982E-05 0.299591 0.00304074 0.341026 0.0542756 0.145561
9.9973E-05 0.157499 9.9973E-05 0.085654 0.270589 0.427892 9.9973E-05 0.058067
0.196824 0.00863531 9.9991E-05 0.158957 0.15571 0.111648 0.33378 0.034346
9.9973E-05 0.156673 0.0274578 9.9973E-05 9.9973E-05 0.407464 0.195484 0.212622
0.177709 0.179169 9.9991E-05 0.136389 0.00724659 0.208846 0.224145 0.0663957
0.128196 0.140816 9.9991E-05 0.167965 0.0873014 0.161566 0.059148 0.254908
0.0939723 0.205153 9.9991E-05 0.163054 0.0311599 0.317896 0.176715 0.0119506
0.125988 0.208706 0.0241202 0.0974724 0.095069 0.355773 0.0927715 9.9991E-05
9.9973E-05 9.9973E-05 9.9973E-05 0.459019 0.0377137 0.346227 0.0480446 0.108695
9.994E-05 0.9993 9.994E-05 9.994E-05 9.994E-05 9.994E-05 9.994E-05 9.994E-05
0.10971 0.230917 9.9991E-05 0.177204 0.038482 0.159526 0.129327 0.154734
0.0289375 0.0714756 9.9973E-05 0.181997 9.9973E-05 0.367373 0.349917 9.9973E-05
0.180776 0.139616 0.0586566 0.0491115 9.9982E-05 0.42978 0.14186 9.9982E-05
0.219088 0.0664203 9.9973E-05 0.054456 9.9973E-05 0.436041 9.9973E-05 0.223695
0.00307724 0.0607444 0.0736335 0.141857 0.0658221 0.443104 0.0469176 0.164844
0.0825694 9.9982E-05 9.9982E-05 0.220068 0.0476055 0.106482 0.507361 0.0357139
0.152986 0.146454 9.9982E-05 9.9982E-05 0.0530004 0.444397 0.0364747 0.166488
9.9991E-05 0.153954 0.0168227 0.137876 0.0227977 0.256914 0.335066 0.0764691
0.105669 0.111883 9.9982E-05 9.9982E-05 0.0276987 0.326562 0.0497899 0.378198
0.113615 9.9973E-05 9.9973E-05 0.291691 0.0813718 0.275394 0.237628 9.9973E-05
9.994E-05 0.9993 9.994E-05 9.994E-05 9.994E-05 9.994E-05 9.994E-05 9.994E-05
0.000513115 0.0432323 0.0273394 0.155312 0.0284508 0.0227879 0.421529 0.300836
9.9982E-05 0.234379 0.0167687 0.154811 9.9982E-05 0.227659 0.257952 0.10823
0.280077 9.9973E-05 0.221286 0.176795 0.026629 9.9973E-05 0.294913 9.9973E-05
0.119558 0.0420785 9.9982E-05 0.277124 0.051324 9.9982E-05 0.203423 0.306293
0.179494 9.9982E-05 9.9982E-05 0.0187685 0.0374464 0.229796 0.452375 0.0819202
0.136064 0.141443 9.9982E-05 9.9982E-05 0.0155503 0.445377 0.163109 0.0982568
0.0829651 0.0455475 9.9991E-05 0.0227207 0.0267809 0.245868 0.0100562 0.565962
9.9973E-05 0.161584 0.0125713 9.9973E-05 9.9973E-05 0.513297 0.308806 0.00344185
9.9982E-05 0.195824 9.9982E-05 0.0718827 0.0502178 0.271117 0.138745 0.272013
9.9991E-05 0.0221925 0.0572524 0.0544049 0.00465538 0.370837 0.303702 0.186856
0.0385763 0.0849799 9.9982E-05 9.9982E-05 0.0504399 0.445144 0.219745 0.160915
9.9982E-05 0.0563995 9.9982E-05 0.110532 0.0258397 0.37978 0.303442 0.123808
9.9964E-05 0.325448 9.9964E-05 0.291169 9.9964E-05 0.189161 9.9964E-05 0.193823
0.17848 0.387045 9.9973E-05 9.9973E-05 9.9973E-05 0.133834 0.277151 0.0231913
9.994E-05 9.994E-05 9.994E-05 0.9993 9.994E-05 9.994E-05 9.994E-05 9.994E-05
0.0568306 0.148884 9.9982E-05 0.185064 9.9982E-05 0.411668 0.128696 0.0686575
9.9964E-05 0.0898397 9.9964E-05 0.323717 9.9964E-05 0.321235 0.264808 9.9964E-05
9.9973E-05 0.11546 0.03972 0.0166353 9.9973E-05 0.386143 9.9973E-05 0.441741
9.9973E-05 0.0139572 9.9973E-05 0.0326987 0.0757092 0.467157 9.9973E-05 0.410177
0.00248958 0.0103998 0.000784912 0.0547026 0.143182 0.0727234 0.386171 0.329547
9.9973E-05 0.0779627 9.9973E-05 0.303064 0.0129565 0.379206 0.226511 9.9973E-05
0.226185 0.00210444 0.14699 0.133508 0.0810459 0.0268444 0.373412 0.00991043
0.0752934 0.14086 0.0129046 0.0538118 0.0304895 0.292178 0.25783 0.136632
0.012162 0.105403 0.0571478 0.202617 0.0367479 0.415889 0.169933 9.9991E-05
0.296481 0.0656041 0.0291918 0.235984 0.0121677 9.9982E-05 0.360371 9.9982E-05
0.121788 0.157588 9.9982E-05 0.162127 9.9982E-05 0.178077 0.0941438 0.286076
0.166729 0.0712553 9.9982E-05 0.240701 9.9982E-05 0.181411 0.055438 0.284266
9.994E-05 9.994E-05 9.994E-05 0.9993 9.994E-05 9.994E-05 9.994E-05 9.994E-05
0.0702523 0.0492213 9.9991E-05 0.17639 0.0230461 0.412177 0.209849 0.0589633
9.9991E-05 0.176396 0.0156864 0.0227177 0.111249 0.182565 0.260409 0.230877
0.17445 0.064655 9.9964E-05 9.9964E-05 9.9964E-05 0.427529 0.332966 9.9964E-05
0.00613589 0.232514 0.0649016 0.0726025 9.9991E-05 0.304678 0.00349581 0.315572
9.9991E-05 0.101272 0.0348761 0.104871 0.0326134 0.24461 0.142049 0.339609
0.223781 0.111966 9.9991E-05 0.0653528 0.0360168 0.035056 0.0837621 0.443965
9.9982E-05 0.0886345 9.9982E-05 0.302308 0.0531281 0.293844 0.234388 0.0274974
0.0647526 0.126956 0.00807415 0.0832137 9.9991E-05 0.247324 0.215389 0.254191
0.208886 9.9955E-05 0.657115 0.133499 9.9955E-05 9.9955E-05 9.9955E-05 9.9955E-05
0.0719583 0.0905358 9.9982E-05 0.160664 9.9982E-05 0.309858 0.235951 0.130833
0.0322563 9.9982E-05 0.128213 9.9982E-05 0.0118326 0.0607157 0.553248 0.213535
9.9982E-05 0.181743 0.01395 0.199901 0.042096 0.4379 9.9982E-05 0.124209
0.00777038 0.0354953 9.9991E-05 0.15825 0.108269 0.254657 0.164825 0.270633
0.0799418 9.9982E-05 9.9982E-05 0.283074 0.00788425 0.12339 0.189971 0.315539
0.0146799 0.0780377 9.9973E-05 0.308987 9.9973E-05 9.9973E-05 0.507042 0.0909535
0.0900702 0.199221 9.9991E-05 0.121043 0.0132604 0.184795 0.188853 0.202657
0.0220574 0.207586 9.9982E-05 0.134714 9.9982E-05 0.218359 0.316605 0.10048
9.9982E-05 0.155141 9.9982E-05 0.0629533 0.0263297 0.348979 0.0632814 0.343116
0.0243567 0.236528 9.9991E-05 0.325386 0.0852985 0.150298 0.163645 0.0143882
0.0587211 0.0770933 0.0497077 0.0180911 0.195811 0.0131964 0.300191 0.287188
9.9982E-05 0.123347 0.00208705 0.1891 9.9982E-05 0.303232 0.0219419 0.360092
0.108988 0.0907352 9.9991E-05 0.0260009 0.0450719 0.318953 0.224515 0.185636
0.0751225 0.100489 9.9982E-05 0.0422994 9.9982E-05 0.25715 0.242996 0.281743
0.147044 9.9982E-05 9.9982E-05 0.0170667 0.0231288 0.0243008 0.41631 0.37195
0.1396 0.15672 9.9991E-05 0.22513 0.0154324 0.252818 0.11312 0.0970791
0.250397 0.169427 9.9991E-05 0.0897125 0.011702 0.291937 0.0997031 0.087021
9.9982E-05 0.176889 9.9982E-05 0.183621 0.00364968 0.189269 0.0713982 0.374973
0.118713 0.0927664 9.9991E-05 0.120669 0.0165409 0.235469 0.229899 0.185842
0.34246 9.9964E-05 9.9964E-05 9.9964E-05 0.198301 9.9964E-05 0.396686 0.0621531
0.0540348 9.9973E-05 0.863486 0.00931041 9.9973E-05 9.9973E-05 0.0663593 0.0065094
0.103571 0.0261667 9.9982E-05 0.360011 9.9982E-05 0.265966 0.169328 0.074758
9.9973E-05 0.0957808 0.0394417 9.9973E-05 9.9973E-05 0.202587 0.196449 0.465442
9.9973E-05 0.0200449 9.9973E-05 0.324404 9.9973E-05 0.240476 0.206087 0.208688
0.143914 0.116505 9.9982E-05 0.0137707 0.0929054 0.393623 0.239083 9.9982E-05
9.9991E-05 0.140442 0.0634163 0.19527 0.0347408 0.368774 0.0935102 0.103747
0.0661131 0.193458 9.9982E-05 0.194563 9.9982E-05 0.139662 0.105916 0.300088
0.0934736 0.235858 9.9982E-05 0.161085 0.0442355 0.285691 9.9982E-05 0.179457
0.0211747 0.135458 0.0425635 0.287615 0.0275072 0.32719 0.102499 0.0559922
0.0444791 0.0740244 9.9991E-05 0.0659479 0.0806166 0.454054 0.180088 0.10069
0.0679401 0.201053 9.9991E-05 0.244256 0.0258018 0.0629597 0.332415 0.065474
9.9964E-05 9.9964E-05 9.9964E-05 0.332742 0.120114 9.9964E-05 0.394675 0.15207
0.10134 0.0610603 9.9973E-05 0.20769 9.9973E-05 0.453761 0.175849 9.9973E-05
9.9982E-05 0.189204 9.9982E-05 0.0830484 0.0758919 0.223344 0.230559 0.197753
9.9973E-05 0.034525 9.9973E-05 0.0670469 0.114068 9.9973E-05 0.416898 0.367162
9.9991E-05 0.156895 0.0389657 0.0456026 0.0855812 0.332074 0.0352027 0.305579
0.176339 0.0173146 9.9982E-05 0.0653059 0.140937 9.9982E-05 0.274402 0.325503
9.9973E-05 0.0809824 9.9973E-05 0.127462 0.140157 0.226858 9.9973E-05 0.424241
0.0494275 0.0998325 0.00315898 0.168486 9.9991E-05 0.334732 0.196088 0.148176
0.122161 0.00968679 9.9991E-05 0.1873 0.0609601 0.104109 0.447181 0.0685026
9.9991E-05 0.0444296 0.0381331 0.028732 0.0275771 0.358146 0.0843113 0.418571
9.9973E-05 9.9973E-05 0.02536 9.9973E-05 0.106627 0.304527 0.145025 0.418161
0.801479 0.0615452 9.99549E-05 9.99549E-05 9.99549E-05 0.136476 9.99549E-05 9.99549E-05
0.857307 9.9946E-05 0.142093 9.9946E-05 9.9946E-05 9.9946E-05 9.9946E-05 9.9946E-05
0.00640926 0.0754261 0.025844 0.143071 0.0571454 0.427986 0.229506 0.0346121
9.9982E-05 0.110688 0.0308602 0.0936125 9.9982E-05 0.336346 0.0570746 0.371218
0.07576 0.0767348 9.9991E-05 0.116648 0.0208847 0.448331 0.141456 0.120085
9.9991E-05 0.110863 0.0219339 0.095572 0.126175 0.330134 0.191007 0.124215
0.011688 0.215779 9.9991E-05 0.109041 0.0192373 0.306513 0.171539 0.166103
9.9982E-05 0.152531 9.9982E-05 0.219722 0.114264 0.343484 0.067021 0.102779
9.9982E-05 0.0985575 9.9982E-05 0.145176 0.100239 0.234537 0.223255 0.198034
0.0528276 0.0755742 9.9973E-05 9.9973E-05 0.117325 9.9973E-05 0.707879 0.0460939
0.295886 0.185092 9.9982E-05 0.16298 9.9982E-05 0.261515 0.0412987 0.0530292
9.9982E-05 0.0256193 9.9982E-05 0.1348 0.0920412 0.444907 0.274836 0.0275969
0.0506842 0.270011 9.9991E-05 0.162545 0.0779551 0.312256 0.0485955 0.0778531
9.9982E-05 0.121788 0.00727947 0.142593 0.115083 0.22866 9.9982E-05 0.384396
0.303347 0.00861047 9.9982E-05 0.0816333 9.9982E-05 0.185154 0.0161287 0.404927
0.117292 0.146382 9.9982E-05 9.9982E-05 0.0564898 0.240772 0.28572 0.153144
9.9973E-05 0.15863 9.9973E-05 0.0400257 9.9973E-05 0.133098 0.500716 0.167231
0.169378 0.104341 9.9982E-05 0.0964045 0.157178 0.164476 9.9982E-05 0.308022
0.209075 0.119082 9.9982E-05 0.143368 9.9982E-05 0.186493 0.0672796 0.274503
0.170008 0.134756 9.9982E-05 0.0716225 0.0717248 0.363155 0.188533 9.9982E-05
0.307463 0.0286616 9.9973E-05 9.9973E-05 0.144151 9.9973E-05 0.447784 0.0716418
9.9982E-05 0.179319 0.00148581 0.101012 9.9982E-05 0.10504 0.35536 0.257583
