0.00313952 0.0333124 0.498248 0.0141093 9.9982E-05 0.091507 0.359484 9.9982E-05
0.00929151 0.0884631 0.210347 9.9982E-05 0.189324 9.9982E-05 0.324116 0.178258
9.9973E-05 0.148836 9.9973E-05 0.0453945 0.339212 9.9973E-05 0.316902 0.149356
0.00170448 0.0358377 0.00468545 0.163945 0.0736906 0.0123122 0.625481 0.0823435
0.0368612 0.102489 0.129412 9.9982E-05 0.182854 9.9982E-05 0.532907 0.0152769
0.0212743 9.9964E-05 9.9964E-05 0.715368 0.211525 0.0514321 9.9964E-05 9.9964E-05
0.0617458 0.058389 0.157963 0.000668481 0.146558 0.0661748 0.508401 9.9991E-05
0.0192054 9.9964E-05 0.0586513 0.868265 9.9964E-05 9.9964E-05 0.053478 9.9964E-05
0.135595 0.00849385 0.0449527 9.9982E-05 0.343282 9.9982E-05 0.447853 0.0196245
9.9982E-05 0.100464 0.162528 0.0142619 0.225719 9.9982E-05 0.376997 0.11983
0.0355629 0.0685291 0.167648 0.00900675 0.141138 9.9991E-05 0.487671 0.0903454
0.146067 9.9982E-05 0.0468035 0.246275 0.138585 9.9982E-05 0.320646 0.101423
0.0873591 0.0639481 0.190354 9.9982E-05 0.157937 9.9982E-05 0.482489 0.0177126
0.0678152 9.9982E-05 0.15738 0.0558742 0.182657 9.9982E-05 0.491796 0.0442771
0.0065237 0.0757818 9.9973E-05 0.541691 0.321013 9.9973E-05 9.9973E-05 0.0546906
0.0724664 0.111968 0.245966 0.0288822 0.262942 9.9991E-05 0.272967 0.0047082
0.0748746 9.9973E-05 0.455507 0.142679 0.0798888 9.9973E-05 0.246751 9.9973E-05
0.0993535 0.164494 9.9982E-05 9.9982E-05 0.0428955 0.035349 0.65385 0.00385729
0.0455045 9.9973E-05 0.223666 9.9973E-05 0.358616 9.9973E-05 0.344528 0.0273857
9.9964E-05 0.0504517 0.271001 9.9964E-05 9.9964E-05 9.9964E-05 0.62072 0.0574269
0.0838127 0.0458249 9.9973E-05 9.9973E-05 0.169166 0.0136047 0.687292 9.9973E-05
0.0244042 0.0610083 0.183661 0.0313572 0.161574 0.00765613 0.46597 0.0643689
0.0130025 9.9982E-05 0.0940521 9.9982E-05 0.107413 0.0195263 0.566575 0.199231
9.9973E-05 9.9973E-05 0.215424 0.545994 0.0799634 9.9973E-05 0.00728241 0.151037
0.111054 0.10753 0.215241 9.9982E-05 0.150882 0.00538667 0.409706 9.9982E-05
0.0530163 0.0982176 0.0857985 0.60147 0.15561 9.9982E-05 0.00568833 9.9982E-05
0.0184964 0.0311106 0.156646 0.425223 0.200692 0.0462838 0.121448 9.9991E-05
0.0517388 9.9973E-05 0.0587429 0.274746 9.9973E-05 0.0457611 0.568711 9.9973E-05
9.9955E-05 9.9955E-05 0.183968 0.590044 0.225489 9.9955E-05 9.9955E-05 9.9955E-05
9.9982E-05 0.00956555 0.0687811 0.164382 0.0831584 9.9982E-05 0.619279 0.0546334
0.0777653 9.9982E-05 0.346688 0.412952 0.0721769 0.0118853 0.0783316 9.9982E-05
0.021508 0.177258 0.0724751 9.9982E-05 0.323465 0.029866 0.375227 9.9982E-05
0.00866032 9.9982E-05 0.0727144 0.161236 0.402448 9.9982E-05 0.293307 0.0614341
9.9955E-05 9.9955E-05 9.9955E-05 0.834146 0.0246535 9.9955E-05 0.140701 9.9955E-05
0.024463 0.0314993 9.9973E-05 0.86922 9.9973E-05 0.0593158 9.9973E-05 0.0152019
0.0480408 0.0788614 9.9982E-05 0.0955184 0.249275 0.00564505 0.522459 9.9982E-05
0.068625 9.9982E-05 0.109224 0.112719 0.106003 9.9982E-05 0.549396 0.0538333
0.107602 0.029608 0.172427 9.9982E-05 0.154787 9.9982E-05 0.460682 0.074694
9.9964E-05 0.155858 0.0914372 0.706987 9.9964E-05 9.9964E-05 0.0453178 9.9964E-05
0.0503774 9.9991E-05 0.242104 0.416921 0.120765 0.0694128 0.0397798 0.0605407
0.0883759 9.9982E-05 0.286675 0.13322 0.332868 9.9982E-05 0.0967061 0.0619549
0.0539358 9.9973E-05 0.104521 9.9973E-05 0.480615 0.00601188 0.354617 9.9973E-05
0.0429771 0.0600256 0.163245 0.113311 0.0701289 9.9982E-05 0.550113 9.9982E-05
0.0592378 0.0973093 0.11792 0.505437 0.153465 0.00160732 9.9991E-05 0.0649238
9.9982E-05 0.0515225 0.313813 9.9982E-05 0.201095 0.11192 0.284406 0.037043
0.0983642 0.109984 0.24014 9.9982E-05 0.100836 9.9982E-05 0.299411 0.151065
0.131164 0.13203 0.160762 0.0704503 0.158534 9.9982E-05 0.34686 9.9982E-05
9.999E-05 0.0194304 0.307987 0.0221517 0.326286 0.0485779 0.260395 0.0150718
0.00187497 0.0811581 0.334686 9.9982E-05 0.344078 9.9982E-05 0.19476 0.0432433
0.0707066 0.0118759 0.310474 0.417288 0.189356 9.9973E-05 9.9973E-05 9.9973E-05
0.0228974 0.0195129 0.0514218 9.9991E-05 0.0978064 0.06017 0.641658 0.106434
0.0486678 9.9991E-05 0.131414 0.43019 0.0654952 0.0667982 0.0936049 0.16373
0.0512532 0.0391172 0.157712 9.9982E-05 0.322835 9.9982E-05 0.295723 0.13316
9.99461E-05 0.110914 9.99461E-05 0.888486 9.99461E-05 9.99461E-05 9.99461E-05 9.99461E-05
0.079978 9.9982E-05 0.0858593 0.384598 0.298744 9.9982E-05 0.0815064 0.0691137
0.115488 0.0598166 0.122151 9.9982E-05 0.0370923 9.9982E-05 0.650972 0.0142801
9.9973E-05 0.0272543 0.248756 9.9973E-05 9.9973E-05 0.0214907 0.598916 0.103282
0.1085 0.0157201 0.235868 0.157323 0.0933276 9.9991E-05 0.323797 0.0653648
0.007559 9.9982E-05 0.413391 0.301707 0.246124 9.9982E-05 0.025525 0.00549369
0.00345326 9.9973E-05 0.192791 0.323127 0.0483655 9.9973E-05 0.431963 9.9973E-05
0.0681986 0.0514863 0.153389 0.726526 9.9964E-05 9.9964E-05 9.9964E-05 9.9964E-05
9.9964E-05 0.0218181 9.9964E-05 0.829018 0.140399 9.9964E-05 9.9964E-05 0.00836537
0.113995 0.0533098 0.261191 0.00209476 0.132274 0.00498248 0.432053 9.9991E-05
9.99461E-05 9.99461E-05 0.133761 0.865639 9.99461E-05 9.99461E-05 9.99461E-05 9.99461E-05
0.10692 0.0139697 0.122401 9.9982E-05 0.389256 0.0229023 0.344351 9.9982E-05
9.9964E-05 0.00101974 9.9964E-05 0.816556 9.9964E-05 9.9964E-05 0.0539281 0.128097
0.14921 9.9964E-05 0.201851 9.9964E-05 9.9964E-05 9.9964E-05 0.510575 0.137963
0.0745656 0.0387605 0.1161 0.130465 0.340148 0.00589044 0.214848 0.0792226
0.162011 9.9973E-05 0.318939 9.9973E-05 0.0213331 9.9973E-05 0.411912 0.0855052
9.9955E-05 9.9955E-05 9.9955E-05 0.717159 0.274633 0.00770801 9.9955E-05 9.9955E-05
0.172804 0.0275855 0.435953 9.9973E-05 9.9973E-05 9.9973E-05 0.24407 0.119287
0.174145 0.0447751 0.206587 0.0137859 0.0442934 9.9991E-05 0.4744 0.0419139
0.019988 0.0642236 0.194966 0.258267 0.050872 0.0302787 0.364289 0.0171155
0.0725215 0.0666321 0.27144 9.9982E-05 0.265597 9.9982E-05 0.273578 0.0500321
0.171594 0.0690221 0.187608 0.0706959 0.0979551 9.9991E-05 0.381979 0.0210456
0.0215001 0.066559 0.180565 0.349455 9.9982E-05 9.9982E-05 0.310912 0.0708098
9.9973E-05 0.137877 9.9973E-05 0.0302845 0.088566 9.9973E-05 0.634592 0.108381
9.9973E-05 0.1687 0.462452 0.133906 0.0677272 9.9973E-05 0.166914 9.9973E-05
0.0699981 0.0724861 0.261478 0.0743328 0.330288 9.9991E-05 0.153242 0.0380749
0.130702 0.0690627 0.10547 9.9982E-05 0.283995 9.9982E-05 0.406418 0.00415239
0.00333669 0.0567719 0.223533 9.9982E-05 0.25329 9.9982E-05 0.235469 0.227399
0.0874294 0.0413841 0.0710819 0.00750215 0.425933 9.9991E-05 0.298346 0.0682227
0.0268517 9.9991E-05 0.336483 0.0327582 0.0379998 0.0229116 0.413874 0.129022
9.9982E-05 0.0386118 0.227728 9.9982E-05 0.0258425 0.0126052 0.596337 0.0986754
9.9964E-05 0.0803111 9.9964E-05 9.9964E-05 0.431413 9.9964E-05 0.44387 0.0440063
0.11367 9.9982E-05 0.341907 0.0772927 0.252984 9.9982E-05 0.118521 0.0954252
9.9973E-05 0.0683662 9.9973E-05 0.278174 0.253759 9.9973E-05 0.31893 0.0804708
9.9973E-05 9.9973E-05 0.105114 0.208669 0.518163 9.9973E-05 0.152242 0.0155126
0.103696 9.99551E-05 9.99551E-05 0.796723 9.99551E-05 9.99551E-05 0.0990819 9.99551E-05
9.9991E-05 0.0453715 0.0805197 0.213047 0.339738 0.0653311 0.221732 0.0341611
0.0556223 0.092001 0.330546 9.9982E-05 0.313755 9.9982E-05 0.0544933 0.153382
0.0280009 0.0665457 0.160873 0.512004 0.232276 9.9973E-05 9.9973E-05 9.9973E-05
0.0616419 9.9973E-05 0.343405 9.9973E-05 0.208549 9.9973E-05 0.365166 0.0209377
9.9973E-05 9.9973E-05 0.18609 0.268257 0.0329704 9.9973E-05 0.491425 0.0209576
0.0076369 9.9982E-05 0.294263 0.460394 0.126573 9.9982E-05 0.0779084 0.0330251
0.0751184 0.0105598 9.9973E-05 0.88953 0.0184024 9.9973E-05 9.9973E-05 0.00608894
0.0354885 0.0565151 0.0907835 0.0768756 0.145016 9.9991E-05 0.390098 0.205123
0.0226028 0.090772 0.269237 9.9982E-05 0.427269 9.9982E-05 0.127656 0.0622639
9.9982E-05 0.111226 0.486088 0.0309504 0.0389404 9.9982E-05 0.225872 0.106723
0.0555765 9.9964E-05 0.0723452 0.243618 9.9964E-05 9.9964E-05 0.628061 9.9964E-05
0.0444178 0.0126598 0.33069 0.367635 0.244298 9.9973E-05 9.9973E-05 9.9973E-05
0.0274325 0.00722285 9.9982E-05 0.0401282 0.205377 9.9982E-05 0.541385 0.178254
0.0514357 0.169568 0.11128 0.0270922 0.120891 9.9991E-05 0.422408 0.0972249
0.0884535 0.0246809 0.307401 9.9973E-05 9.9973E-05 9.9973E-05 0.499952 0.079212
9.9973E-05 0.177596 0.171572 9.9973E-05 0.11009 9.9973E-05 0.462157 0.0782841
0.0127221 9.9973E-05 0.0149624 0.715506 0.0874147 9.9973E-05 9.9973E-05 0.169095
9.9973E-05 0.0801289 9.9973E-05 0.435478 0.244123 9.9973E-05 0.130877 0.109093
9.9973E-05 0.0205834 0.37934 9.9973E-05 0.0410404 9.9973E-05 0.556378 0.00235827
0.0119644 9.9982E-05 0.124547 0.019238 0.188429 9.9982E-05 0.51599 0.139631
0.0998021 0.00932626 9.9973E-05 9.9973E-05 0.0741616 9.9973E-05 0.757605 0.0588051
9.9973E-05 9.9973E-05 0.149957 0.40308 0.400456 9.9973E-05 0.0284631 0.017744
9.9955E-05 9.9955E-05 0.0734805 0.906266 9.9955E-05 9.9955E-05 9.9955E-05 0.0197536
0.0149736 9.9973E-05 0.261374 0.386998 0.270021 9.9973E-05 0.0663338 9.9973E-05
0.0518454 0.0404932 9.9964E-05 9.9964E-05 0.253121 9.9964E-05 0.654141 9.9964E-05
0.0592576 9.9973E-05 0.218231 0.0824573 9.9973E-05 9.9973E-05 0.547602 0.0921518
9.9973E-05 0.0432594 0.372524 9.9973E-05 9.9973E-05 0.0187259 0.511173 0.0540178
0.00809483 9.9973E-05 0.307108 9.9973E-05 0.144501 9.9973E-05 0.430804 0.109193
9.9946E-05 9.9946E-05 0.0975818 0.901818 9.9946E-05 9.9946E-05 9.9946E-05 9.9946E-05
0.119124 9.9982E-05 9.9982E-05 0.0387525 0.0194794 0.0439779 0.705689 0.0727775
9.9973E-05 0.15917 0.182205 9.9973E-05 0.162537 9.9973E-05 0.421898 0.0738895
0.0874238 0.0829735 9.9973E-05 0.135997 0.0414601 9.9973E-05 0.651846 9.9973E-05
0.0858603 9.9973E-05 9.9973E-05 0.594805 0.121968 9.9973E-05 0.141809 0.0552573
9.9973E-05 9.9973E-05 0.0939835 9.9973E-05 0.229141 0.000317364 0.638825 0.0374325
9.9991E-05 0.00944061 0.106006 0.0364744 0.269712 0.0772316 0.392272 0.108763
0.0290134 0.00366887 9.9982E-05 9.9982E-05 0.0819096 0.0430729 0.67732 0.164815
0.158081 0.09738 0.229631 0.0168416 0.167812 9.9991E-05 0.269372 0.0607818
0.128569 0.0242623 0.0213098 0.636777 9.9982E-05 9.9982E-05 0.100379 0.088503
0.0319461 9.9982E-05 0.0107017 0.878359 0.0188888 0.0567675 9.9982E-05 0.00313655
9.9973E-05 0.0984062 0.0925466 9.9973E-05 0.436564 9.9973E-05 0.225213 0.14697
0.0605746 0.210997 0.164843 0.0127363 0.0535196 9.9991E-05 0.404983 0.0922461
0.0986339 0.122959 0.210855 0.0343814 0.10392 9.9991E-05 0.429051 9.9991E-05
0.0705585 0.0772884 0.128536 9.9982E-05 0.465418 0.0181105 0.239888 9.9982E-05
0.0468169 0.00272006 0.148813 0.372445 0.208435 9.9991E-05 0.195894 0.0247764
9.9982E-05 9.9982E-05 0.232302 0.0236163 0.272182 0.193065 0.24488 0.0337549
9.9982E-05 0.0479702 0.181273 0.255296 0.0868854 9.9982E-05 0.379425 0.0489508
9.994E-05 9.994E-05 9.994E-05 9.994E-05 9.994E-05 9.994E-05 9.994E-05 0.9993
9.9964E-05 9.9964E-05 0.107693 0.542024 9.9964E-05 9.9964E-05 0.21005 0.139833
0.0357523 0.0735624 9.9982E-05 0.292644 0.227214 0.0314722 0.339156 9.9982E-05
9.99459E-05 9.99459E-05 9.99459E-05 0.0352392 9.99459E-05 9.99459E-05 9.99459E-05 0.964161
9.9982E-05 0.0657847 0.0115496 0.513804 0.202612 9.9982E-05 0.0258037 0.180246
0.000557165 0.00958433 9.9991E-05 0.219258 0.115322 0.0048055 0.630319 0.0200547
0.209413 0.0164441 0.00773163 0.321231 0.228093 0.0215958 0.195391 9.9991E-05
0.165416 0.0177095 9.9973E-05 0.241387 0.340813 9.9973E-05 0.234374 9.9973E-05
0.0219909 0.103522 0.385968 0.107823 0.380396 9.9973E-05 9.9973E-05 9.9973E-05
9.9955E-05 9.9955E-05 0.223694 0.676809 0.0989969 9.9955E-05 9.9955E-05 9.9955E-05
0.101759 0.0406096 0.155783 0.230144 0.168075 9.9991E-05 0.266994 0.0365352
0.0186246 0.068502 0.25553 0.163524 0.387881 9.9982E-05 0.105738 9.9982E-05
0.135399 0.112663 0.225367 9.9982E-05 0.0684035 9.9982E-05 0.396295 0.0616725
0.047909 0.101953 0.261445 9.9973E-05 9.9973E-05 9.9973E-05 0.440102 0.148292
9.9982E-05 0.0800536 0.163718 9.9982E-05 0.228837 0.15194 0.322511 0.0527405
0.0813862 0.0267432 9.9964E-05 9.9964E-05 0.589766 9.9964E-05 0.301705 9.9964E-05
0.00633602 9.9982E-05 0.0994999 0.354354 0.110921 0.0559423 0.372746 9.9982E-05
0.0529003 9.9955E-05 9.9955E-05 0.703172 9.9955E-05 9.9955E-05 0.243428 9.9955E-05
9.9982E-05 0.1277 0.0555954 0.418497 0.153527 0.0234635 0.221016 9.9982E-05
0.117397 0.192838 0.268325 9.9982E-05 0.272791 9.9982E-05 0.127295 0.0211537
0.0913622 0.0898838 0.0828212 9.9991E-05 0.310453 0.0173888 0.28219 0.125801
9.9964E-05 0.0677538 0.100173 0.803265 0.0284076 9.9964E-05 9.9964E-05 9.9964E-05
0.0522527 0.113606 0.127952 9.9982E-05 0.349722 9.9982E-05 0.29948 0.0567877
0.103316 0.0406182 0.286414 9.9982E-05 0.147569 9.9982E-05 0.389385 0.0324973
0.145128 0.0243162 0.138452 0.172362 0.15437 9.9991E-05 0.318757 0.0465151
0.029461 0.263101 0.23631 0.00729891 0.191773 9.9991E-05 0.264173 0.00778321
0.196189 9.9973E-05 0.311182 0.0891363 0.295987 9.9973E-05 0.107206 9.9973E-05
0.0786744 0.132444 0.0195384 0.0391559 0.253373 9.9991E-05 0.271364 0.20535
0.0782 0.124354 0.158405 9.9982E-05 0.286231 9.9982E-05 0.227819 0.124791
9.9973E-05 0.153176 0.238856 9.9973E-05 0.0897582 9.9973E-05 0.458777 0.059133
0.106883 9.9982E-05 0.00584877 9.9982E-05 0.0209926 0.0101235 0.619216 0.236736
0.0847188 0.123371 0.128622 0.12094 0.344447 9.9982E-05 0.197701 9.9982E-05
9.9973E-05 9.9973E-05 0.12644 0.498279 0.229861 9.9973E-05 0.0283228 0.116798
0.0260392 0.0111214 0.287213 0.230233 0.257024 9.9991E-05 0.0946517 0.0936186
9.9982E-05 0.171096 0.270971 0.0150202 0.3088 9.9982E-05 0.122899 0.111013
0.0814693 0.0321453 0.20399 0.0974404 0.233586 0.0299016 0.204278 0.117189
0.0186098 9.9973E-05 0.10697 0.0723597 0.369849 9.9973E-05 0.431912 9.9973E-05
9.99461E-05 9.99461E-05 9.99461E-05 0.91352 0.0858799 9.99461E-05 9.99461E-05 9.99461E-05
0.0656106 0.00758642 0.0338076 9.9982E-05 0.572972 9.9982E-05 0.287357 0.0324666
9.9973E-05 9.9973E-05 0.498001 0.227677 0.157158 9.9973E-05 0.0932579 0.0236056
0.0643411 9.9973E-05 0.641653 9.9973E-05 0.214629 9.9973E-05 0.0208206 0.0582572
9.9973E-05 0.0327283 0.177925 0.133119 0.339347 9.9973E-05 0.316581 9.9973E-05
0.0686667 0.0331312 9.9982E-05 0.532117 0.268737 9.9982E-05 0.0881234 0.00902457
0.0416372 0.0456464 0.300745 0.379145 0.115764 9.9982E-05 0.116862 9.9982E-05
0.0213652 9.9964E-05 9.9964E-05 0.540926 9.9964E-05 9.9964E-05 0.400215 0.0370938
0.01276 9.9964E-05 0.00454767 9.9964E-05 0.404785 9.9964E-05 0.577507 9.9964E-05
9.9964E-05 0.00673072 9.9964E-05 0.760208 0.232483 9.9964E-05 9.9964E-05 0.000178526
9.9964E-05 0.0451639 9.9964E-05 0.378916 0.221057 9.9964E-05 0.354464 9.9964E-05
0.241196 0.0304211 0.11308 9.9982E-05 0.129414 9.9982E-05 0.415563 0.0701257
9.99463E-05 0.0574706 9.99463E-05 0.94193 9.99463E-05 9.99463E-05 9.99463E-05 9.99463E-05
9.9964E-05 9.9964E-05 0.104824 0.443159 0.408058 9.9964E-05 0.0435593 9.9964E-05
0.00637423 9.9982E-05 0.348809 0.0289628 0.282307 9.9982E-05 0.215676 0.117671
0.0490988 9.9973E-05 0.32527 0.348788 0.130202 9.9973E-05 0.146341 9.9973E-05
9.9973E-05 9.9973E-05 0.0675719 0.149898 0.0267822 9.9973E-05 0.656045 0.099403
0.0031473 0.0129289 9.9982E-05 9.9982E-05 0.314092 0.0557917 0.587003 0.0268366
0.0843376 0.0962874 9.9982E-05 0.284325 0.144835 9.9982E-05 0.383435 0.00658023
0.00710349 0.0171659 0.337448 9.9973E-05 0.0681047 9.9973E-05 0.569878 9.9973E-05
0.0594599 9.9973E-05 0.0277859 9.9973E-05 0.336011 9.9973E-05 0.505214 0.0712296
0.0153266 0.0415085 0.0931274 9.9991E-05 0.133102 0.0753911 0.505405 0.136039
0.0217978 0.0639711 0.20381 0.221299 0.310011 0.0409774 0.0808883 0.0572451
0.0114058 0.0853525 0.0363623 0.256838 9.9982E-05 9.9982E-05 0.562311 0.0475308
0.083237 0.121525 0.108991 9.9991E-05 0.110337 0.0727334 0.451675 0.0514014
9.9982E-05 0.016544 0.121553 0.108478 0.152589 0.0191534 0.581483 9.9982E-05
0.166621 0.0145907 0.374113 9.9991E-05 0.266787 0.0268159 0.10336 0.047612
0.00952405 0.0907523 0.235284 9.9991E-05 0.319549 0.0207433 0.315743 0.00830554
9.9973E-05 0.132329 0.262423 0.289072 0.184784 9.9973E-05 0.131091 9.9973E-05
9.9982E-05 0.00687824 0.00330646 9.9982E-05 0.15868 0.075631 0.599869 0.155435
0.0138361 0.104061 0.361005 9.9973E-05 0.313556 9.9973E-05 0.207241 9.9973E-05
0.0137328 0.244985 0.100728 9.9991E-05 0.219918 0.0630973 0.293774 0.0636655
0.0676329 0.115367 0.266799 9.9982E-05 9.9982E-05 0.192079 0.245948 0.111974
9.9973E-05 0.0839942 0.184285 0.247431 0.27635 9.9973E-05 9.9973E-05 0.20764
0.0192824 0.0225228 0.0288355 0.0211013 9.9991E-05 0.146063 0.638896 0.123199
0.0447681 9.9973E-05 0.186763 0.166445 0.361467 9.9973E-05 0.240257 9.9973E-05
0.214114 0.0640261 0.233187 0.00779423 0.165718 9.9982E-05 0.314961 9.9982E-05
9.9982E-05 0.059763 0.0850488 9.9982E-05 0.0208092 0.0914234 0.625329 0.117426
0.0762758 0.0215735 0.223802 9.9982E-05 0.183821 0.0545507 0.439777 9.9982E-05
0.0536441 0.0763252 0.207726 0.388917 9.9973E-05 9.9973E-05 0.273088 9.9973E-05
9.9973E-05 9.9973E-05 0.262066 0.403933 0.143027 0.0453788 0.145295 9.9973E-05
0.0390232 0.011834 9.9973E-05 9.9973E-05 0.0330572 9.9973E-05 0.801764 0.114022
0.011949 0.19068 0.005814 9.9991E-05 0.0416128 0.0674214 0.565493 0.11693
0.145704 0.0515858 0.128583 9.9973E-05 0.118304 9.9973E-05 0.555523 9.9973E-05
9.9973E-05 0.0592337 0.259329 9.9973E-05 0.285501 9.9973E-05 0.3595 0.0361364
9.9973E-05 9.9973E-05 0.22787 0.277837 0.27654 9.9973E-05 0.016427 0.201026
0.0453593 0.0210424 0.149035 0.139688 0.401626 9.9991E-05 0.194247 0.0489019
0.00389127 0.0890266 0.282158 9.9991E-05 0.207648 0.0632266 0.30602 0.0479295
0.118232 0.0731134 0.33092 0.446619 9.9973E-05 9.9973E-05 9.9973E-05 0.0308156
0.0922061 0.00968815 0.0854833 0.138167 0.316157 9.9991E-05 0.347021 0.0111783
9.9982E-05 9.9982E-05 0.257571 0.105175 0.230474 0.0867369 0.202876 0.116967
9.9973E-05 0.0892236 0.0301479 0.687724 0.181792 0.0108123 9.9973E-05 9.9973E-05
0.0567904 0.023661 0.238684 9.9982E-05 0.440091 0.0125276 0.228046 9.9982E-05
0.0903705 0.0110386 0.305428 9.9982E-05 0.296328 9.9982E-05 0.184706 0.111928
0.0263469 9.9982E-05 0.173524 0.00556432 0.235104 9.9982E-05 0.526676 0.0325842
0.116265 0.0993536 0.217476 9.9973E-05 0.0469811 9.9973E-05 0.519624 9.9973E-05
0.0530001 9.9973E-05 0.418953 9.9973E-05 0.289533 0.16181 0.0764032 9.9973E-05
0.016644 0.0224034 0.143825 9.9982E-05 0.356503 9.9982E-05 0.32198 0.138445
0.126944 0.135537 9.9964E-05 9.9964E-05 0.0463198 9.9964E-05 0.690799 9.9964E-05
0.0673308 0.0339534 0.165673 9.9982E-05 0.0335101 9.9982E-05 0.62647 0.0728627
0.132101 0.0684803 0.0990943 0.182549 0.259692 9.9991E-05 0.225718 0.0322653
0.0306703 0.0211681 0.0607392 9.9982E-05 0.175981 9.9982E-05 0.518904 0.192338
9.9964E-05 0.174785 0.375175 9.9964E-05 9.9964E-05 9.9964E-05 0.370053 0.0795884
9.99641E-05 0.0523764 0.254496 0.0719803 0.620748 9.99641E-05 9.99641E-05 9.99641E-05
0.0305831 0.0814601 0.289537 9.9982E-05 0.119086 9.9982E-05 0.438924 0.0402096
0.0661082 9.9973E-05 0.277737 9.9973E-05 0.103914 9.9973E-05 0.50202 0.0499207
0.105088 9.9982E-05 0.14033 0.314762 0.0875954 9.9982E-05 0.307726 0.0442981
0.0466515 9.9964E-05 0.352507 0.286142 9.9964E-05 9.9964E-05 0.314299 9.9964E-05
0.0307991 0.0283881 9.9973E-05 0.0134398 0.225291 9.9973E-05 0.701782 9.9973E-05
0.0786712 0.0925475 0.0716324 0.50829 9.9973E-05 9.9973E-05 0.248559 9.9973E-05
0.0414777 0.153014 0.0656748 9.9982E-05 0.438539 9.9982E-05 0.260711 0.0403832
9.9973E-05 9.9973E-05 0.076051 0.297412 0.165432 9.9973E-05 0.448797 0.0120075
0.0558896 0.0655451 9.9982E-05 0.0377386 0.24908 0.0749677 0.516579 9.9982E-05
9.9964E-05 9.9964E-05 0.355258 0.143527 0.364573 9.9964E-05 9.9964E-05 0.136242
0.00655935 9.9991E-05 0.162195 0.256147 0.207943 0.11958 0.233239 0.0142367
0.0526599 0.0788345 0.243843 0.489199 0.00268248 9.9991E-05 0.106498 0.026183
0.0191995 0.0250865 0.00408378 0.000152956 0.521248 0.000843415 0.429286 9.9991E-05
0.0663523 9.9973E-05 0.536026 9.9973E-05 0.161515 9.9973E-05 0.206226 0.0295815
0.0124248 9.9973E-05 0.307933 0.267487 0.15042 9.9973E-05 0.261435 9.9973E-05
0.050015 0.110698 0.223736 0.0274811 0.16745 9.9991E-05 0.378874 0.0416449
9.9982E-05 9.9982E-05 0.112168 0.0363578 0.207291 0.0657903 0.522599 0.0555939
0.0935848 9.9982E-05 0.0582739 0.756472 0.0329392 9.9982E-05 0.0430781 0.0154516
0.0745513 0.0517946 0.0497279 9.9982E-05 0.162072 9.9982E-05 0.54623 0.115424
0.014678 0.0738395 0.0702779 9.9982E-05 0.312303 0.0214091 0.507293 9.9982E-05
0.0968345 0.0225797 0.0349408 0.0146105 0.252886 9.9982E-05 0.577948 9.9982E-05
0.0429003 0.11836 9.9982E-05 0.00720873 0.2936 9.9982E-05 0.387463 0.150268
0.0609488 0.0578442 0.0615945 0.0374832 9.9982E-05 9.9982E-05 0.638923 0.143007
0.0770951 0.0505913 0.134365 9.9982E-05 0.251059 9.9982E-05 0.417431 0.0692585
0.124348 9.9982E-05 0.0369961 0.0543217 0.0784807 9.9982E-05 0.639832 0.0658216
0.175936 0.0178491 0.199181 0.07485 0.0839711 9.9982E-05 0.448013 9.9982E-05
0.0207557 0.0395292 0.13354 0.49485 0.159929 9.9991E-05 0.0724209 0.0788749
9.9955E-05 9.9955E-05 0.042941 9.9955E-05 0.369043 9.9955E-05 0.587517 9.9955E-05
0.109366 9.9964E-05 0.0785248 9.9964E-05 9.9964E-05 9.9964E-05 0.723116 0.0885941
0.0423321 0.0109497 0.183171 0.0857745 0.294244 0.0207964 0.255485 0.107247
9.9973E-05 0.0209956 0.119361 0.44255 9.9973E-05 9.9973E-05 0.241283 0.175511
9.9973E-05 0.0613975 0.161984 9.9973E-05 9.9973E-05 0.0390114 0.613493 0.123814
9.9973E-05 0.0461905 0.00351724 0.272258 0.227889 9.9973E-05 0.449845 9.9973E-05
0.15835 0.0859812 0.178323 9.9973E-05 0.0485668 9.9973E-05 0.52848 9.9973E-05
0.0229328 0.0464824 0.127608 0.291526 0.139374 9.9982E-05 0.371876 9.9982E-05
9.9982E-05 9.9982E-05 0.151735 0.0779699 0.299419 0.0847909 0.268211 0.117674
9.9973E-05 9.9973E-05 0.170515 0.448494 0.17346 9.9973E-05 0.022722 0.18451
9.9973E-05 0.0961786 0.186344 0.179966 9.9973E-05 9.9973E-05 0.52866 0.00855072
0.0838705 0.0473128 0.220401 0.0104749 0.15017 0.0532809 0.332069 0.102421
0.0912834 9.9982E-05 0.0368531 0.234681 0.0624124 9.9982E-05 0.512309 0.0622613
0.0768285 0.0392969 0.124962 9.9982E-05 0.297204 9.9982E-05 0.336491 0.125018
0.0525261 0.0757972 0.166628 0.0532785 0.081055 9.9991E-05 0.486946 0.0836691
9.9973E-05 0.0369114 0.176214 9.9973E-05 0.400228 9.9973E-05 0.21964 0.166707
9.9973E-05 9.9973E-05 0.139329 0.291325 0.153294 9.9973E-05 0.254502 0.161249
9.9973E-05 9.9973E-05 0.219804 9.9973E-05 0.412715 0.00681383 0.291472 0.0688942
0.109948 0.182126 0.121442 9.9982E-05 0.27868 9.9982E-05 0.284273 0.0233304
0.0835895 0.0499582 0.336175 9.9973E-05 0.0549806 9.9973E-05 0.474997 9.9973E-05
9.9982E-05 0.0650979 9.9982E-05 0.578376 0.00456741 0.0442832 0.278503 0.0289729
0.00551 0.136292 9.9964E-05 0.835947 0.0218506 9.9964E-05 9.9964E-05 9.9964E-05
9.9991E-05 0.115456 0.035162 0.12005 0.159979 0.0736905 0.479641 0.0159215
0.0620608 0.00786338 0.119358 0.0676698 0.194018 0.0477789 0.354209 0.147043
0.108452 0.0331754 0.0956708 0.0888222 0.376142 0.0210101 0.165245 0.111482
0.0298646 0.0105275 0.190013 0.112991 0.497002 9.9982E-05 0.159402 9.9982E-05
0.00746661 0.0381347 9.9982E-05 0.22439 0.350288 0.109788 0.269732 9.9982E-05
0.0686723 0.214792 0.261709 0.0969273 9.9973E-05 9.9973E-05 0.357599 9.9973E-05
0.0898296 0.112972 0.148913 9.9982E-05 0.212182 9.9982E-05 0.351765 0.0841398
9.9964E-05 9.9964E-05 9.9964E-05 9.9964E-05 0.268389 0.110833 0.550912 0.0694659
0.164378 0.0702765 0.115786 9.9973E-05 0.0709897 9.9973E-05 0.57827 9.9973E-05
0.000254412 0.13106 0.0752544 9.9991E-05 0.165057 0.0704664 0.538976 0.0188318
9.9955E-05 9.9955E-05 0.290866 9.9955E-05 0.0271714 9.9955E-05 0.681463 9.9955E-05
0.0184847 0.0219158 0.255495 9.9973E-05 0.0610778 9.9973E-05 0.642727 9.9973E-05
0.0186562 0.0202229 0.552637 9.9991E-05 0.188148 0.00503782 0.110725 0.104473
9.9982E-05 0.0398081 0.106269 9.9982E-05 0.153499 0.138197 0.5363 0.0257264
9.9982E-05 0.078494 0.206005 0.0625667 0.0479104 9.9982E-05 0.457134 0.147689
0.0542292 0.0474855 0.159098 9.9991E-05 0.285079 0.0488578 0.320735 0.0844161
9.9955E-05 0.0999538 9.9955E-05 9.9955E-05 0.547166 9.9955E-05 0.35238 9.9955E-05
0.0964372 0.0288846 0.0132554 0.154447 9.9982E-05 9.9982E-05 0.557312 0.149464
0.0311003 0.0437722 0.103497 0.572524 9.9991E-05 0.0284162 0.181626 0.0389646
0.00554913 0.10372 0.225142 0.399513 0.238179 9.9982E-05 0.0276967 9.9982E-05
0.0271956 9.9964E-05 9.9964E-05 0.805186 9.9964E-05 0.0270241 0.140195 9.9964E-05
0.0219775 0.137887 0.119229 9.9973E-05 0.247813 9.9973E-05 0.472793 9.9973E-05
0.0765527 0.0365572 0.0528457 0.739519 9.9973E-05 9.9973E-05 0.0942255 9.9973E-05
9.9982E-05 0.0283526 0.0496217 0.682164 0.154311 0.0841509 0.0011994 9.9982E-05
0.0866253 0.0290494 9.9973E-05 9.9973E-05 0.332297 9.9973E-05 0.339974 0.211755
0.0118569 0.14556 0.0142417 0.0394695 0.0750775 0.0678323 0.491982 0.153979
0.0144703 0.0475268 0.130597 0.0252447 0.0660794 0.0932787 0.508226 0.114577
0.00398336 9.9982E-05 0.0602794 0.720393 0.0650844 9.9982E-05 0.081336 0.0687235
0.032209 0.0608394 0.170447 9.9982E-05 0.152982 9.9982E-05 0.582678 0.000645163
0.0788737 9.9973E-05 0.257608 0.348882 0.251571 9.9973E-05 9.9973E-05 0.0627654
9.9964E-05 0.232563 9.9964E-05 0.0260487 9.9964E-05 9.9964E-05 0.549649 0.19134
0.0811295 9.9964E-05 9.9964E-05 0.750123 0.126743 9.9964E-05 9.9964E-05 0.0416048
0.0164729 0.0315104 0.392505 0.100438 0.291395 0.00879778 0.15878 9.9991E-05
0.1285 9.9991E-05 0.132178 0.0171301 0.0854979 0.0109794 0.622962 0.0026524
0.00774176 0.0525244 0.143063 0.0305824 0.0241944 0.051701 0.690093 9.9991E-05
0.00371037 0.0541613 0.376578 9.9973E-05 0.279003 9.9973E-05 0.286247 9.9973E-05
9.9955E-05 9.9955E-05 9.9955E-05 0.732409 9.9955E-05 9.9955E-05 0.196536 0.070555
0.0658621 0.0136355 0.0431837 0.159258 0.23474 0.00304961 0.426033 0.0542379
0.068037 0.141166 0.243689 0.36049 0.0420838 0.0481238 0.0963102 9.9991E-05
0.0436111 0.151726 0.0695833 9.9991E-05 0.0214675 0.0400424 0.447914 0.225555
9.9973E-05 0.0763371 9.9973E-05 0.727476 0.13374 0.0280851 0.0340627 9.9973E-05
0.00676894 0.00262466 0.0179181 0.101657 0.277221 0.24398 0.293782 0.0560479
0.0752916 0.00371092 9.9991E-05 0.312654 0.388967 0.00178698 0.205813 0.0116762
9.9973E-05 9.9973E-05 0.253665 9.9973E-05 0.188438 0.0927578 0.433651 0.0311882
0.107008 0.11343 0.0702611 0.123307 0.462736 9.9982E-05 0.123058 9.9982E-05
0.0712869 9.9982E-05 0.161689 0.464847 0.0815291 9.9982E-05 0.207 0.0134481
9.9973E-05 0.0458894 0.417439 9.9973E-05 9.9973E-05 0.0110728 0.320842 0.204456
0.025548 0.233084 0.162209 0.0285983 0.0585222 9.9991E-05 0.465655 0.0262826
0.0858368 9.9982E-05 0.0593226 9.9982E-05 0.229684 0.0538285 0.439499 0.131629
0.0668229 0.0423315 0.0510981 9.9991E-05 0.223085 0.0501711 0.522118 0.0442735
0.0229036 0.0728067 0.1491 0.387493 0.367396 9.9973E-05 9.9973E-05 9.9973E-05
0.050408 9.9973E-05 0.133864 9.9973E-05 0.417618 0.0762116 0.321598 9.9973E-05
0.109435 0.138405 0.0108182 9.9982E-05 0.0696932 9.9982E-05 0.639025 0.0324236
9.9973E-05 9.9973E-05 0.0843124 0.0162888 9.9973E-05 0.0563347 0.719162 0.123602
0.0289856 0.0694575 0.277737 0.451778 9.9973E-05 9.9973E-05 0.171741 9.9973E-05
0.00592342 0.0799427 0.151058 0.175379 0.256625 9.9991E-05 0.293608 0.037364
0.149337 0.104511 9.9982E-05 0.000202668 0.0661604 9.9982E-05 0.623335 0.056254
0.00147415 0.172899 0.142121 0.0904291 0.397319 9.9982E-05 9.9982E-05 0.195558
0.16026 0.134013 0.0293156 0.122112 0.220597 9.9991E-05 0.243097 0.0905059
0.0226167 0.0988644 0.159107 9.9982E-05 0.353412 9.9982E-05 0.321093 0.0447068
0.0421832 0.0979387 0.0601915 0.282749 0.400387 0.000125527 0.0388919 0.0775327
9.9973E-05 9.9973E-05 0.265766 9.9973E-05 0.457381 0.0411709 0.141213 0.0941688
0.024892 0.00144063 9.9982E-05 0.425718 0.239789 9.9982E-05 0.306035 0.00192583
0.151009 9.9973E-05 0.058983 9.9973E-05 0.0344188 0.0638447 0.691445 9.9973E-05
0.0352863 0.181497 0.108281 9.9973E-05 0.116341 9.9973E-05 0.558294 9.9973E-05
9.9973E-05 0.0848952 9.9973E-05 9.9973E-05 0.235609 0.0329948 0.599289 0.0469118
0.074649 0.0264639 9.9982E-05 9.9982E-05 0.0217929 0.00797645 0.751628 0.11729
0.135706 0.076555 0.248139 9.9982E-05 9.9982E-05 0.0182246 0.46305 0.0581256
9.9964E-05 0.168149 0.293739 9.9964E-05 0.0676353 9.9964E-05 0.470077 9.9964E-05
0.0492728 0.0727181 0.0371445 0.261767 0.330426 9.9982E-05 0.248472 9.9982E-05
9.9964E-05 0.0351909 0.200251 9.9964E-05 0.644983 9.9964E-05 0.119176 9.9964E-05
9.9973E-05 0.0307891 0.139305 9.9973E-05 0.18014 9.9973E-05 0.597039 0.0524268
0.158887 9.9964E-05 9.9964E-05 0.0428759 0.115335 9.9964E-05 0.682502 9.9964E-05
0.0474161 0.0991965 0.174062 0.0292639 0.444874 9.9991E-05 0.16253 0.0425573
0.0458553 9.9973E-05 0.165902 0.198472 0.588879 0.000591603 9.9973E-05 9.9973E-05
0.0591424 0.143114 0.195223 9.9991E-05 0.0996126 0.0336401 0.309118 0.160051
0.0841481 0.0976938 0.181066 0.0259872 9.9991E-05 0.0362295 0.563925 0.0108498
9.9946E-05 9.9946E-05 0.2004 0.799 9.9946E-05 9.9946E-05 9.9946E-05 9.9946E-05
9.9964E-05 0.0599424 0.102366 0.622626 9.9964E-05 9.9964E-05 0.214666 9.9964E-05
0.107436 0.167968 0.00838076 9.9982E-05 0.0833507 9.9982E-05 0.446872 0.185793
0.0435063 0.0613822 0.0208805 0.0226262 9.9991E-05 0.308078 0.486747 0.0566795
0.172326 0.00408181 9.9991E-05 0.0129293 0.128259 0.471202 0.0712636 0.139839
0.13851 0.117749 0.0404943 9.9991E-05 0.0707263 0.347665 0.187134 0.0976213
9.9982E-05 0.0837348 0.257545 9.9982E-05 0.0589775 0.0980771 0.476073 0.025392
0.122705 0.134199 0.252067 9.9982E-05 9.9982E-05 0.367798 0.0641929 0.0588378
0.124553 0.0643975 0.286219 9.9973E-05 9.9973E-05 0.361599 0.162931 9.9973E-05
0.0320333 9.9973E-05 9.9973E-05 9.9973E-05 0.26297 0.499985 0.156052 0.04866
0.147418 0.306755 0.188409 0.021429 9.9982E-05 0.323671 9.9982E-05 0.0121184
0.157295 0.0573834 9.9982E-05 0.0176834 0.117437 0.39614 0.253862 9.9982E-05
0.152468 0.0939068 0.246607 9.9991E-05 0.0141728 0.203037 0.288133 0.00157449
0.220176 0.0290297 0.110952 9.9991E-05 0.131026 0.214827 0.2515 0.0423889
0.0805423 0.049097 0.170111 0.00104859 0.0972578 0.409426 0.0940559 0.0984613
0.121576 0.0597608 0.157358 9.9991E-05 0.118666 0.150788 0.359125 0.0326256
0.0614124 0.336474 0.099462 0.0265246 9.9991E-05 0.172523 0.135819 0.167685
0.131468 9.9973E-05 0.0284158 9.9973E-05 9.9973E-05 0.370824 0.286373 0.182619
0.194942 9.9973E-05 9.9973E-05 0.010326 0.289921 0.47821 0.0263016 9.9973E-05
0.0875909 0.0494721 0.262692 9.9982E-05 0.0329064 0.319967 0.247171 9.9982E-05
0.0643287 0.0308464 0.389831 9.9991E-05 0.184882 0.224462 0.00982941 0.0957201
0.0515873 0.0252 9.9973E-05 0.711734 9.9973E-05 0.0127576 9.9973E-05 0.198421
0.0504196 0.175479 0.263241 0.0123387 0.0760449 0.245613 0.176764 9.9991E-05
0.177433 0.169627 0.206769 9.9982E-05 0.0663795 0.238399 0.141192 9.9982E-05
0.0534859 9.9991E-05 0.0074196 0.0814612 0.0837806 0.104912 0.598473 0.0703684
0.0521935 0.0546114 0.229835 9.9973E-05 9.9973E-05 0.651259 0.0118009 9.9973E-05
0.0824086 0.10425 0.291894 9.9973E-05 9.9973E-05 0.359641 9.9973E-05 0.161506
9.9982E-05 0.0394511 0.194413 9.9982E-05 0.463452 0.0952402 0.131472 0.0757715
0.206414 0.00602961 0.0866386 0.000847132 0.0530569 0.470968 0.154636 0.0214101
0.167131 0.124562 9.9973E-05 9.9973E-05 0.219948 0.265745 0.222315 9.9973E-05
0.142934 0.105399 0.0747841 9.9991E-05 0.197138 0.257049 0.144772 0.0778234
0.119166 0.18575 9.9982E-05 0.0121507 0.0243731 0.438214 0.220147 9.9982E-05
0.175627 0.132468 9.9991E-05 0.04834 0.0859786 0.393315 0.0178475 0.146324
0.0256789 0.239305 0.0941288 9.9991E-05 0.0275489 0.521684 0.0467316 0.0448228
0.9993 9.994E-05 9.994E-05 9.994E-05 9.994E-05 9.994E-05 9.994E-05 9.994E-05
0.271354 0.0888708 9.9982E-05 9.9982E-05 0.0115371 0.298225 0.199292 0.13052
0.0850846 0.238198 9.9982E-05 9.9982E-05 0.0939229 0.34903 0.122025 0.111539
0.0673333 9.9982E-05 0.00649064 0.0454393 0.29415 0.551197 9.9982E-05 0.0351897
0.0862903 0.0972304 9.9982E-05 9.9982E-05 0.195919 0.43151 0.12343 0.0654202
0.0317327 0.0742496 0.256442 0.0553938 0.0197136 0.447731 0.00552908 0.109208
9.9964E-05 0.434842 9.9964E-05 9.9964E-05 0.0664509 9.9964E-05 0.46892 0.0293879
0.201459 0.00762395 9.9973E-05 9.9973E-05 9.9973E-05 0.486407 0.124958 0.179252
0.159529 0.0732169 9.9991E-05 0.0159694 0.0364711 0.299227 0.253934 0.161553
0.031629 9.9982E-05 0.21668 0.0164664 9.9982E-05 0.396883 0.258219 0.0799225
9.9982E-05 0.0222319 0.070174 9.9982E-05 0.400181 0.359083 0.111565 0.0365656
0.9993 9.994E-05 9.994E-05 9.994E-05 9.994E-05 9.994E-05 9.994E-05 9.994E-05
0.0293191 0.227862 0.295895 9.9982E-05 0.0221109 0.0335192 0.391094 9.9982E-05
0.198106 0.137172 9.9964E-05 9.9964E-05 9.9964E-05 0.397784 0.266537 9.9964E-05
9.9973E-05 0.0625597 9.9973E-05 0.27614 0.402835 0.0316631 0.226502 9.9973E-05
0.108935 0.229546 0.187293 9.9982E-05 0.30665 9.9982E-05 0.113758 0.0536179
9.9991E-05 0.0322162 0.251937 0.00902806 0.14009 0.144642 0.413986 0.00800145
0.135267 9.9991E-05 0.11426 0.00883907 0.0636586 0.473457 0.17688 0.0275382
0.0630381 0.243464 0.275366 9.9982E-05 0.0608957 0.298078 0.0589576 9.9982E-05
0.182125 0.108683 9.9982E-05 0.023931 9.9982E-05 0.480212 0.172006 0.0328427
0.0699474 9.9982E-05 0.143598 9.9982E-05 0.1989 0.402497 0.164109 0.0207485
9.9982E-05 0.105622 9.9982E-05 0.0527933 0.143603 0.402632 0.219887 0.0752631
0.145265 0.0595488 9.9982E-05 0.0397938 0.0291222 0.483742 0.242329 9.9982E-05
9.9982E-05 0.0694814 0.150239 9.9982E-05 0.0826326 0.364019 0.284476 0.0489519
0.136485 0.0196869 0.19078 9.9973E-05 0.085855 0.566893 9.9973E-05 9.9973E-05
0.236376 9.9973E-05 0.0533316 9.9973E-05 9.9973E-05 0.379318 0.317484 0.0131904
9.99549E-05 0.963548 9.99549E-05 0.00131758 0.0346343 9.99549E-05 9.99549E-05 9.99549E-05
0.130882 0.038475 0.00590845 9.9973E-05 9.9973E-05 0.629841 0.194594 9.9973E-05
0.059519 0.120613 9.9991E-05 0.00151264 0.0538453 0.555952 0.182612 0.025846
0.119925 0.193702 0.231113 0.0105031 9.9982E-05 0.351626 9.9982E-05 0.0929318
0.00271169 9.9982E-05 0.314314 9.9982E-05 0.0112946 0.59062 0.0176501 0.0632095
9.9973E-05 9.9973E-05 0.138147 9.9973E-05 0.0473414 0.144232 0.558399 0.11158
0.0750148 0.133434 9.9982E-05 9.9982E-05 0.0608249 0.460006 0.0729457 0.197574
0.00172205 9.9991E-05 0.124619 0.188156 0.29906 0.0612209 0.320809 0.00431242
0.216603 0.121665 0.105589 9.9982E-05 9.9982E-05 0.285817 0.24755 0.0225761
0.0606702 0.0858716 9.9991E-05 0.101494 0.141485 0.439567 0.0151401 0.155673
0.0988668 0.0919113 0.0975415 0.114384 0.377614 9.9982E-05 0.219482 9.9982E-05
0.268832 0.241523 0.105087 0.0416059 9.9982E-05 0.263157 0.0795954 9.9982E-05
0.116464 0.0254532 0.143792 9.9991E-05 0.21381 0.404651 0.0568235 0.0389053
9.994E-05 0.9993 9.994E-05 9.994E-05 9.994E-05 9.994E-05 9.994E-05 9.994E-05
0.0833877 0.116375 9.9982E-05 9.9982E-05 0.209425 0.41952 0.111172 0.0599206
0.0862065 0.0676817 0.189028 9.9991E-05 0.0325424 0.24206 0.254747 0.127634
0.132873 0.0322304 0.113993 9.9991E-05 0.104139 0.406056 0.120135 0.0904733
0.156081 0.0392662 0.271945 0.023441 9.9982E-05 0.464543 9.9982E-05 0.0445233
9.9982E-05 0.0847089 0.148965 0.00231553 9.9982E-05 0.412045 0.217167 0.134599
0.0252536 0.0199272 0.259508 9.9991E-05 0.119042 0.195223 0.332077 0.04887
0.00607847 0.195931 0.199272 9.9991E-05 0.0906261 0.338639 0.0449156 0.124437
0.139861 0.114762 0.00776451 9.9982E-05 0.246829 0.237256 0.253328 9.9982E-05
9.9955E-05 9.9955E-05 9.9955E-05 0.77776 0.18469 0.0370493 9.9955E-05 9.9955E-05
0.0927589 0.212445 9.9973E-05 9.9973E-05 0.108415 0.350188 0.235892 9.9973E-05
9.9991E-05 0.114022 0.00118437 0.151865 0.0262183 0.0561003 0.599255 0.0512546
0.125795 0.0646709 0.088303 9.9982E-05 0.177164 0.475594 9.9982E-05 0.0682729
0.0357559 0.253573 0.291507 9.9991E-05 0.0646211 0.170488 0.0944921 0.0894625
9.9982E-05 0.143942 0.00025565 9.9982E-05 0.104837 0.27856 0.403455 0.0687502
0.0877461 0.138213 0.116048 9.9982E-05 0.00660859 0.0509055 0.600279 9.9982E-05
0.110838 0.0709837 0.274174 9.9991E-05 0.0673573 0.28177 0.174844 0.0199325
0.225516 0.0344862 9.9982E-05 9.9982E-05 0.104071 0.348788 0.220978 0.0659595
0.0973932 0.105108 0.179404 9.9982E-05 0.0358023 0.459201 0.122892 9.9982E-05
0.243556 0.105232 0.0846244 9.9982E-05 9.9982E-05 0.273867 0.169321 0.123199
0.0963152 0.0594218 0.131702 9.9991E-05 0.196739 0.0866578 0.318886 0.110178
0.0136987 0.184716 0.347074 9.9973E-05 0.133285 0.320927 9.9973E-05 9.9973E-05
0.0804705 0.0634878 9.9973E-05 9.9973E-05 0.343697 0.386766 0.125278 9.9973E-05
0.0553334 0.00221592 0.249974 9.9982E-05 0.11914 0.408157 0.164979 9.9982E-05
0.00746628 0.0192966 0.144505 9.9991E-05 0.21096 0.00137809 0.560029 0.0562651
0.0736359 0.0872142 0.122604 9.9991E-05 0.23103 0.374773 0.0313187 0.0793247
0.147343 0.0311937 0.0224099 9.9991E-05 0.253123 0.457971 0.0303568 0.057502
0.170627 0.220922 0.0403948 9.9991E-05 0.0106337 0.2702 0.167349 0.119774
0.164942 0.120244 9.9982E-05 9.9982E-05 0.145781 0.273145 0.245145 0.0505435
9.9955E-05 9.9955E-05 9.9955E-05 9.9955E-05 0.386378 9.9955E-05 0.46359 0.149533
0.0887777 9.9964E-05 0.05821 0.824605 0.0280071 9.9964E-05 9.9964E-05 9.9964E-05
0.118357 0.0895297 0.0896716 9.9982E-05 0.239346 0.398787 9.9982E-05 0.0641099
0.117953 0.0753131 0.167994 9.9982E-05 9.9982E-05 0.214819 0.340248 0.0834724
9.9973E-05 0.213227 0.0388454 9.9973E-05 9.9973E-05 0.289017 0.357887 0.100724
0.0854282 0.0992004 9.9991E-05 0.00498072 0.0536741 0.409926 0.163882 0.182808
0.0637364 0.102461 0.158376 0.0828225 9.9991E-05 0.477223 0.0361584 0.079123
0.0608633 0.0725542 0.164349 9.9982E-05 0.145289 0.459101 0.0976432 9.9982E-05
0.114729 0.173965 9.99865E-05 0.0102309 0.208767 0.459659 0.0324489 9.99865E-05
0.0627841 0.091694 0.280431 0.00949054 9.9982E-05 0.540427 9.9982E-05 0.0149735
0.0167894 0.0616057 0.00255279 0.0606045 0.0985229 0.582319 0.144129 0.0334767
0.229964 0.127108 0.167715 9.9991E-05 0.021803 0.13344 0.26349 0.0563795
9.9982E-05 0.146828 0.213237 9.9982E-05 0.150283 0.0159415 0.359709 0.113801
0.0520605 0.309914 9.9982E-05 9.9982E-05 0.12162 0.426817 0.0543105 0.0350782
0.0897893 0.207575 0.0451568 9.9982E-05 9.9982E-05 0.288668 0.269346 0.0992649
0.0274821 0.123889 0.102686 9.9973E-05 9.9973E-05 9.9973E-05 0.547736 0.197907
0.0600255 0.114823 0.218709 0.00125895 0.0528976 0.423897 9.9991E-05 0.12829
9.9982E-05 0.0134582 0.263305 9.9982E-05 0.271284 0.00555393 0.296481 0.149718
9.9973E-05 9.9973E-05 0.328679 0.0159186 9.9973E-05 0.375923 0.133679 0.1455
0.124606 0.179563 0.0796217 9.9982E-05 0.145569 0.369705 0.100735 9.9982E-05
9.9973E-05 0.257344 0.0282195 9.9973E-05 0.189544 0.0999199 0.424672 9.9973E-05
9.9982E-05 0.120328 0.292731 9.9982E-05 0.0866603 0.423894 0.0317999 0.0443872
9.9973E-05 9.9973E-05 0.360585 9.9973E-05 0.0584349 0.316392 0.111012 0.153277
0.975398 0.0240028 9.99459E-05 9.99459E-05 9.99459E-05 9.99459E-05 9.99459E-05 9.99459E-05
0.784217 9.9946E-05 9.9946E-05 0.215183 9.9946E-05 9.9946E-05 9.9946E-05 9.9946E-05
0.073652 0.226101 9.9982E-05 0.0178818 9.9982E-05 0.431489 0.149239 0.101437
0.0936733 0.125049 0.110255 0.0183079 9.9991E-05 0.336121 0.307277 0.00921651
0.158706 0.0984735 0.0638187 9.9991E-05 0.180206 0.432526 0.0600643 0.00610542
0.0874719 0.045775 0.00828391 0.0519217 0.124959 0.417455 0.17067 0.0934632
0.0838522 0.137706 9.9982E-05 0.0279414 9.9982E-05 0.388167 0.286844 0.075289
0.0321122 0.275067 0.295306 9.9982E-05 9.9982E-05 0.33984 0.00417871 0.0532962
0.0117955 0.320302 9.9973E-05 9.9973E-05 9.9973E-05 0.316105 0.152777 0.198721
0.090484 9.9973E-05 0.128618 9.9973E-05 0.125727 9.9973E-05 0.643 0.0118709
0.201666 0.208316 9.9982E-05 9.9982E-05 0.329412 0.20337 0.0304824 0.0265534
0.0411927 0.0943678 0.104459 9.9982E-05 9.9982E-05 0.482757 0.185369 0.0916543
0.227566 9.9964E-05 9.9964E-05 9.9964E-05 0.12172 0.541178 9.9964E-05 0.109137
0.0486632 0.064793 0.293689 0.0402829 0.013956 0.409674 0.00893072 0.120012
0.103164 0.0753882 9.9982E-05 9.9982E-05 0.277229 0.31072 0.107244 0.126054
0.128187 0.0313343 0.137102 0.0127476 9.9991E-05 0.306812 0.374188 0.00952908
0.084163 0.0569838 9.9973E-05 9.9973E-05 9.9973E-05 0.229455 0.586514 0.042585
0.0672346 0.117911 0.229902 9.9991E-05 0.254818 0.135975 0.070274 0.123786
0.136614 0.12585 0.112879 9.9982E-05 0.178354 0.316255 0.129847 9.9982E-05
0.059617 0.0597531 9.9973E-05 9.9973E-05 0.478517 0.334993 9.9973E-05 0.0668199
