0.141224 0.00555775 0.692741 0.160477
0.0340361 0.0313339 0.498492 0.436138
9.999E-05 0.0543693 0.32232 0.623211
9.999E-05 0.114608 0.664913 0.22038
0.0739575 9.9991E-05 0.63712 0.288823
9.9982E-05 0.82184 9.9982E-05 0.17796
0.146984 9.9991E-05 0.578958 0.273958
0.051173 0.942358 0.00636873 9.9991E-05
0.00128984 0.000495013 0.476987 0.521229
0.0471408 9.9991E-05 0.468512 0.484247
0.0298517 9.9991E-05 0.591197 0.378852
9.999E-05 0.225261 0.471773 0.302867
9.9982E-05 9.9982E-05 0.651102 0.348698
9.999E-05 0.0332147 0.515843 0.450842
0.0448937 0.681534 0.011997 0.261575
9.9991E-05 0.0212713 0.425313 0.553316
0.00110266 0.223695 0.541165 0.234037
0.212246 9.9991E-05 0.686031 0.101623
0.0363424 0.0656337 0.666562 0.231462
9.9982E-05 9.9982E-05 0.700602 0.299198
0.0422124 9.9991E-05 0.74786 0.209828
0.0443214 0.104009 0.573229 0.27844
0.0217275 9.9991E-05 0.524236 0.453936
9.9991E-05 0.609958 0.0273679 0.362574
0.104908 9.9991E-05 0.520595 0.374397
9.9991E-05 0.677478 0.142661 0.179761
0.00195069 0.467013 0.215481 0.315556
9.9982E-05 0.420579 0.579221 9.9982E-05
9.9982E-05 0.739088 9.9982E-05 0.260712
9.9991E-05 0.147535 0.678063 0.174302
0.0422191 0.497322 0.396003 0.0644557
0.0930576 9.9991E-05 0.57289 0.333952
9.9991E-05 0.226185 0.239113 0.534603
9.9991E-05 0.901302 0.0190556 0.0795427
0.0964517 0.900011 9.9991E-05 0.00343717
9.9991E-05 0.151117 0.557034 0.291749
9.9991E-05 0.210788 0.667323 0.121789
0.133012 9.9991E-05 0.573188 0.293701
0.0223292 0.888955 0.0886158 9.9991E-05
0.121766 0.471852 0.202821 0.20356
0.0639177 0.255186 0.442071 0.238826
9.9991E-05 0.0249847 0.553015 0.421901
9.9991E-05 0.127976 0.606567 0.265357
0.192302 0.612862 0.178222 0.0166138
0.14006 9.9991E-05 0.606659 0.253181
0.231534 9.9991E-05 0.412482 0.355885
0.0889713 0.0847966 0.54138 0.284853
0.0277836 0.0753218 0.463345 0.43355
9.9991E-05 0.00557355 0.336205 0.658122
9.9991E-05 0.53813 0.198045 0.263724
0.0459411 9.9991E-05 0.573358 0.380601
9.9991E-05 0.430809 0.243083 0.326008
0.170343 0.00720092 0.526768 0.295688
9.9982E-05 0.880035 9.9982E-05 0.119765
9.9991E-05 0.440626 0.195716 0.363559
0.0628273 9.9991E-05 0.755272 0.1818
0.00326757 9.9991E-05 0.736325 0.260308
0.0365831 0.225916 0.463821 0.27368
9.9991E-05 0.352856 0.296923 0.350121
9.9982E-05 0.394005 0.605795 9.9982E-05
0.0188654 0.912014 9.9991E-05 0.0690204
9.9982E-05 0.8499 9.9982E-05 0.1499
0.0418571 0.0429645 0.675052 0.240127
9.998E-05 0.9997 9.998E-05 9.998E-05
0.0779436 0.00913322 0.508271 0.404653
9.9991E-05 0.882393 0.0967397 0.0207676
0.0197637 9.9991E-05 0.703437 0.276699
9.9991E-05 0.124775 0.264309 0.610816
0.0721687 9.9991E-05 0.622815 0.304916
0.00472418 0.775664 9.9991E-05 0.219511
0.159062 9.9991E-05 0.550028 0.29081
0.00715544 0.0646379 0.639557 0.28865
0.0208186 0.258811 0.462323 0.258047
0.128933 0.00848935 0.467754 0.394823
0.0915838 0.0572804 0.560801 0.290335
9.9991E-05 0.399693 0.524927 0.0752804
9.9982E-05 9.9982E-05 0.541876 0.457924
0.0634918 0.200826 0.278489 0.457193
0.0277577 0.0825691 0.239966 0.649708
0.0539926 9.9991E-05 0.494751 0.451157
9.9982E-05 9.9982E-05 0.683868 0.315932
0.0317135 0.0147388 0.462653 0.490895
0.0420044 0.0611338 0.712299 0.184563
9.9982E-05 9.9982E-05 0.732771 0.267029
9.9982E-05 9.9982E-05 0.53933 0.46047
0.0279371 0.14861 0.492051 0.331402
9.9991E-05 0.281529 0.276483 0.441888
9.9991E-05 0.197825 0.30279 0.499285
9.9991E-05 0.932362 0.00741156 0.0601261
0.0191959 0.26001 0.342894 0.3779
0.0045778 0.00496298 0.291318 0.699141
9.9991E-05 0.580887 0.188533 0.23048
9.9991E-05 0.024418 0.630693 0.344789
9.9982E-05 0.294139 0.705661 9.9982E-05
9.9991E-05 0.51309 0.1786 0.30821
9.9982E-05 0.968304 0.0314958 9.9982E-05
9.9991E-05 0.105353 0.516205 0.378342
0.0537984 0.0406572 0.196586 0.708958
0.0870578 0.0624182 0.581627 0.268897
0.00573432 0.267309 0.694215 0.0327421
0.00667727 0.511672 0.118674 0.362977
9.9991E-05 0.0844377 0.705751 0.209712
0.108905 9.9991E-05 0.507195 0.383799
0.0417525 9.9991E-05 0.687073 0.271075
0.10154 9.9991E-05 0.456974 0.441386
9.9982E-05 0.781094 9.9982E-05 0.218706
0.114382 0.455017 0.123327 0.307274
9.9982E-05 9.9982E-05 0.65753 0.34227
9.9991E-05 0.00461832 0.53625 0.459031
9.9982E-05 9.9982E-05 0.505749 0.494051
9.9991E-05 0.474781 0.192231 0.332888
9.9982E-05 0.992759 0.00704153 9.9982E-05
9.9991E-05 0.508298 0.285732 0.20587
9.9982E-05 9.9982E-05 0.612029 0.387771
9.9991E-05 0.146622 0.668162 0.185117
0.147588 0.0427863 0.809526 9.9991E-05
9.9982E-05 9.9982E-05 0.763785 0.236015
9.9982E-05 0.913404 9.9982E-05 0.0863958
0.0553718 0.0338388 0.854829 0.0559599
0.0411541 9.9991E-05 0.44334 0.515405
9.9991E-05 0.0699059 0.56137 0.368624
9.9991E-05 0.689967 0.186008 0.123925
9.9982E-05 9.9982E-05 0.523474 0.476327
0.0363062 9.9991E-05 0.385796 0.577797
0.0930256 9.9991E-05 0.610406 0.296469
9.9991E-05 0.0501473 0.729219 0.220534
0.0622989 0.70115 0.236451 9.9991E-05
9.9982E-05 0.939958 9.9982E-05 0.0598422
0.069227 9.9991E-05 0.359884 0.570789
0.0800098 9.9991E-05 0.415726 0.504165
0.0170947 9.9991E-05 0.601961 0.380845
0.114916 9.9991E-05 0.345457 0.539527
9.9991E-05 0.388342 0.299441 0.312117
0.224364 0.0201506 0.463423 0.292062
0.0555492 0.227051 0.644094 0.0733067
9.998E-05 9.998E-05 9.998E-05 0.9997
0.0562656 0.631489 0.312145 9.9991E-05
9.9991E-05 0.300878 0.310214 0.388808
9.9982E-05 0.0200065 9.9982E-05 0.979794
9.9991E-05 0.632584 0.197696 0.16962
9.9991E-05 0.222902 0.538523 0.238475
0.152413 0.442832 0.279434 0.12532
0.030657 0.262523 0.310622 0.396198
0.0776336 0.198165 0.315456 0.408745
0.0918699 0.757056 0.0919567 0.0591176
0.0496244 0.283409 0.375124 0.291843
9.9991E-05 0.203474 0.293838 0.502589
0.053922 9.9991E-05 0.531356 0.414622
0.100243 0.00109966 0.863854 0.0348038
0.252081 9.9991E-05 0.488022 0.259797
9.9991E-05 0.0220046 0.450405 0.52749
9.9991E-05 0.384657 0.390072 0.22517
9.9991E-05 0.742333 0.145307 0.11226
0.0909068 0.444319 0.289491 0.175283
0.0286452 9.9991E-05 0.311987 0.659268
0.137721 9.9991E-05 0.285466 0.576713
9.9982E-05 0.922746 9.9982E-05 0.0770542
0.136686 9.9991E-05 0.422516 0.440698
0.0460068 9.9991E-05 0.640531 0.313363
9.9991E-05 0.166762 0.290406 0.542732
0.0940349 0.00368902 0.435057 0.467219
0.0533496 0.183064 0.20636 0.557226
9.9991E-05 0.047436 0.210489 0.741975
0.0288213 0.0363672 0.569496 0.365316
9.9982E-05 9.9982E-05 0.773136 0.226664
0.0749911 9.9991E-05 0.727051 0.197858
0.036226 0.138236 0.250587 0.574951
0.000638487 0.555406 0.00684009 0.437115
9.9991E-05 0.273672 0.358778 0.36745
0.112781 0.0496674 0.277418 0.560134
0.0584468 0.158375 0.402685 0.380493
9.9991E-05 0.098442 0.453913 0.447545
9.998E-05 0.9997 9.998E-05 9.998E-05
9.9991E-05 0.0423573 0.267517 0.690025
9.9991E-05 0.350915 0.229017 0.419968
0.154896 0.029597 0.311187 0.504319
9.9991E-05 0.229231 0.4219 0.348769
0.0517897 0.567256 0.0222341 0.358721
9.9991E-05 0.411508 0.404366 0.184027
0.0797552 0.614741 0.30055 0.0049542
9.9982E-05 9.9982E-05 0.53824 0.46156
9.9982E-05 0.764368 9.9982E-05 0.235432
9.9991E-05 0.39497 0.442618 0.162312
0.107275 9.9991E-05 0.487651 0.404974
9.998E-05 0.9997 9.998E-05 9.998E-05
9.9991E-05 0.575077 0.00766459 0.417159
0.063223 0.0578762 0.446748 0.432153
9.9991E-05 0.466716 0.329707 0.203477
9.9991E-05 0.15966 0.555244 0.284996
0.069198 9.9991E-05 0.543753 0.386949
0.0660277 0.318038 0.341098 0.274836
9.9982E-05 9.9982E-05 0.796438 0.203362
9.9982E-05 9.9982E-05 0.694831 0.304969
0.111728 9.9991E-05 0.366025 0.522147
0.125254 0.232509 0.0309574 0.611279
9.9991E-05 0.276687 0.583126 0.140087
0.287251 9.9991E-05 0.479438 0.233211
0.0131275 0.132282 0.603899 0.250692
0.260931 0.0145447 0.41451 0.310015
0.0961717 9.9991E-05 0.379861 0.523867
0.0175137 0.335624 0.298722 0.34814
9.9982E-05 9.9982E-05 0.726275 0.273525
0.117265 9.9991E-05 0.298765 0.58387
0.280573 9.9991E-05 0.25513 0.464197
0.369698 9.9991E-05 0.546241 0.0839612
0.0546377 0.306181 0.274187 0.364994
0.171701 0.0302972 0.75698 0.041022
9.9991E-05 0.185018 0.34232 0.472563
0.0483065 0.0102905 0.648135 0.293268
0.153201 9.9991E-05 0.748323 0.0983765
0.108062 9.9991E-05 0.605829 0.286009
9.9982E-05 0.475761 0.524039 9.9982E-05
0.0243876 0.472959 0.29865 0.204004
9.9982E-05 9.9982E-05 0.693904 0.305896
0.177127 9.9991E-05 0.470847 0.351926
0.0251347 9.9991E-05 0.700047 0.274718
0.0852797 0.0203142 0.432808 0.461598
9.9991E-05 0.352447 0.195433 0.45202
9.9991E-05 0.161 0.486246 0.352654
0.272479 9.9991E-05 0.423534 0.303887
0.0282584 0.589352 0.127226 0.255163
0.0351122 0.221805 0.396038 0.347045
0.121647 0.17356 0.20191 0.502883
9.9982E-05 0.746156 9.9982E-05 0.253645
0.0260525 9.9991E-05 0.309101 0.664747
0.0632109 9.9991E-05 0.442857 0.493832
9.9991E-05 0.0528487 0.658708 0.288344
0.0105762 9.9991E-05 0.742545 0.246778
0.220584 9.9991E-05 0.397776 0.38154
9.9982E-05 9.9982E-05 0.409229 0.590571
9.9982E-05 9.9982E-05 0.639839 0.359961
9.9982E-05 9.9982E-05 0.722966 0.276834
9.9991E-05 0.156449 0.272718 0.570733
0.118559 9.9991E-05 0.530953 0.350388
9.9982E-05 9.9982E-05 0.634558 0.365242
9.9991E-05 0.0724228 0.0549304 0.872547
0.0371107 0.0844434 0.633577 0.244869
0.00584778 9.9991E-05 0.619792 0.374261
9.9991E-05 0.372839 0.577179 0.0498827
9.9991E-05 0.305332 0.353682 0.340886
9.9982E-05 9.9982E-05 0.659594 0.340206
9.9991E-05 0.632919 0.216242 0.150739
9.9982E-05 9.9982E-05 0.455539 0.544261
9.9991E-05 0.333659 0.315676 0.350565
0.178606 9.9991E-05 0.618431 0.202863
9.9991E-05 0.216275 0.0274869 0.756138
0.149857 0.3582 0.184146 0.307797
9.9991E-05 0.505745 0.144919 0.349236
9.9991E-05 0.0354611 0.605147 0.359292
9.9982E-05 9.9982E-05 0.736648 0.263153
9.9991E-05 0.325822 0.410097 0.263981
0.168132 0.0212665 0.527839 0.282762
9.9991E-05 0.0317926 0.79572 0.172388
0.0189076 0.893916 0.0870759 9.9991E-05
0.0384677 0.0166506 0.657827 0.287055
9.9982E-05 9.9982E-05 0.640526 0.359274
9.9991E-05 0.0232135 0.678604 0.298082
9.9991E-05 0.0337179 0.460629 0.505553
9.9991E-05 0.0300178 0.567436 0.402446
9.9982E-05 9.9982E-05 0.653996 0.345804
9.9991E-05 0.0144124 0.572028 0.41346
9.9991E-05 0.0992816 0.56074 0.339879
0.00115767 0.551266 0.237617 0.209959
9.9982E-05 9.9982E-05 0.573666 0.426134
9.9982E-05 9.9982E-05 0.851945 0.147855
0.0233413 0.133525 0.364638 0.478496
9.9991E-05 0.489848 0.274778 0.235274
0.112256 9.9991E-05 0.628544 0.2591
9.9991E-05 0.293895 0.402549 0.303457
9.9991E-05 0.0240282 0.75366 0.222212
9.9991E-05 0.27355 0.290207 0.436143
0.102779 0.085849 0.330654 0.480717
9.9991E-05 0.524486 0.225829 0.249585
9.9982E-05 0.245833 0.753967 9.9982E-05
0.105686 9.9991E-05 0.272469 0.621746
9.9991E-05 0.256511 0.525859 0.21753
9.9982E-05 9.9982E-05 0.474454 0.525346
9.9991E-05 0.0196936 0.518193 0.462013
9.9982E-05 9.9982E-05 0.294948 0.704853
0.0803266 0.22404 0.187709 0.507925
9.9982E-05 9.9982E-05 0.363911 0.635889
0.149186 9.9991E-05 0.325101 0.525613
9.9982E-05 9.9982E-05 0.731758 0.268042
0.0728802 0.6106 0.239304 0.0772159
0.0232906 0.976509 9.9982E-05 9.9982E-05
0.0705076 0.107861 0.430698 0.390933
0.119641 0.0845276 0.587175 0.208657
0.124625 0.105 0.24668 0.523695
9.9991E-05 0.169238 0.367239 0.463423
0.0214165 0.227267 0.459646 0.291671
9.9991E-05 0.100851 0.606489 0.29256
0.116738 9.9991E-05 0.347764 0.535398
0.0617367 9.9991E-05 0.458015 0.480149
0.0458014 0.0123977 0.635614 0.306187
0.138116 9.9991E-05 0.660978 0.200806
9.9982E-05 9.9982E-05 0.72049 0.27931
9.9982E-05 9.9982E-05 0.670492 0.329308
0.0221002 9.9991E-05 0.228826 0.748974
0.13916 9.9991E-05 0.541464 0.319275
0.0725844 0.105879 0.673298 0.148238
0.121863 9.9991E-05 0.438477 0.439561
9.9991E-05 0.064822 0.446145 0.488933
0.0787994 0.170893 0.647805 0.102502
0.168769 0.549656 0.281474 9.9991E-05
0.0561015 0.425636 0.246397 0.271866
0.00368889 0.881102 0.115109 9.9991E-05
9.9982E-05 9.9982E-05 0.540521 0.45928
0.0280117 0.794606 0.177283 9.9991E-05
0.00811995 0.738949 9.9991E-05 0.252831
0.00950107 0.0178396 0.518919 0.45374
0.199395 0.0173941 0.47796 0.305252
0.102702 9.9991E-05 0.593781 0.303418
9.9982E-05 0.861866 0.137934 9.9982E-05
9.9982E-05 9.9982E-05 0.631037 0.368764
0.0118647 0.452854 0.151671 0.38361
0.0985105 9.9991E-05 0.446515 0.454874
0.0384483 0.829188 0.0151291 0.117235
0.144366 0.128509 0.413765 0.313361
0.00430892 0.0594731 0.744413 0.191805
9.9991E-05 0.00630385 0.925901 0.0676955
9.9982E-05 9.9982E-05 0.579796 0.420004
9.9982E-05 0.775222 0.224578 9.9982E-05
9.9991E-05 0.235891 0.321762 0.442247
0.104562 0.426697 0.138964 0.329777
0.148338 9.9991E-05 0.603906 0.247656
0.0744802 0.727809 0.013903 0.183808
0.355279 0.104108 0.312739 0.227874
0.1069 0.444438 0.0135448 0.435118
0.129658 0.00669964 0.638249 0.225393
0.0200998 0.150979 0.158564 0.670357
9.9991E-05 0.587362 0.287517 0.12502
0.136263 0.0156411 0.639497 0.208599
0.055266 0.0241821 0.556752 0.3638
0.0201898 9.9991E-05 0.59894 0.38077
0.146585 9.9991E-05 0.57461 0.278705
9.9991E-05 0.416514 0.0531584 0.530227
0.081572 9.9991E-05 0.501558 0.41677
0.0579063 9.9991E-05 0.694714 0.24728
9.9991E-05 0.0951624 0.662182 0.242555
9.9991E-05 0.464334 0.21556 0.320006
9.9991E-05 0.305809 0.396128 0.297963
0.0255299 0.0228638 0.773291 0.178315
0.0808416 0.0833845 0.17718 0.658594
0.0104549 0.168521 0.217518 0.603506
0.0521687 9.9991E-05 0.445533 0.502199
0.12252 0.34216 0.107772 0.427547
0.000426923 0.0311355 0.320415 0.648023
9.9991E-05 0.496484 0.166072 0.337344
0.13135 9.9991E-05 0.740931 0.127619
0.00168821 9.9991E-05 0.666919 0.331293
0.082475 9.9991E-05 0.531374 0.386051
0.0284883 9.9991E-05 0.724673 0.246738
0.147732 9.9991E-05 0.594917 0.257251
0.0893319 9.9991E-05 0.567012 0.343556
9.9991E-05 0.249535 0.297999 0.452365
9.9991E-05 0.039828 0.291132 0.66894
9.9982E-05 9.9982E-05 0.742399 0.257401
0.0206206 0.0920114 0.760194 0.127174
9.9991E-05 0.056457 0.489034 0.454409
0.11288 0.340814 0.106625 0.439682
0.193687 9.9991E-05 0.410636 0.395577
0.183408 9.9991E-05 0.523736 0.292756
9.9991E-05 0.833854 0.0596956 0.106351
9.9991E-05 0.723558 0.231791 0.0445511
9.9982E-05 9.9982E-05 0.478431 0.521369
0.574224 9.9991E-05 0.401626 0.0240495
0.785083 0.0689747 0.0309504 0.114992
0.649005 0.0415435 0.309351 9.9991E-05
0.175022 9.9991E-05 0.76302 0.0618571
0.755964 9.9982E-05 0.243836 9.9982E-05
0.689343 0.0132471 0.29731 9.9991E-05
0.659292 0.00388952 9.9991E-05 0.336718
0.788752 9.9982E-05 0.211048 9.9982E-05
0.642271 0.0203218 0.162122 0.175284
0.576855 0.00332743 0.254143 0.165674
0.450272 9.9991E-05 0.177557 0.372071
0.668889 0.0217506 0.168188 0.141173
0.291581 9.9991E-05 0.465274 0.243045
0.583335 9.9991E-05 0.316751 0.0998136
0.657847 9.9982E-05 0.341953 9.9982E-05
0.87701 0.054369 0.0685208 9.9991E-05
0.499733 9.9991E-05 0.387933 0.112234
0.538079 9.9991E-05 0.215088 0.246733
0.128878 0.847024 9.9991E-05 0.0239979
0.447549 9.9991E-05 0.353022 0.199329
0.529637 0.00404227 0.183125 0.283196
0.151816 0.127506 0.524988 0.195689
0.921383 0.00072269 0.0777944 9.9991E-05
0.763378 9.9982E-05 9.9982E-05 0.236422
0.149798 9.9991E-05 0.14475 0.705352
0.773133 0.0493488 0.177418 9.9991E-05
0.522488 9.9991E-05 0.330118 0.147294
0.550605 0.024023 0.381287 0.0440856
0.845467 0.0972148 9.9991E-05 0.0572179
0.740077 9.9982E-05 9.9982E-05 0.259723
0.885109 9.9991E-05 0.0650292 0.0497613
0.820846 0.0559856 0.123069 9.9991E-05
0.660324 9.9991E-05 0.257393 0.0821829
0.60302 9.9991E-05 0.161546 0.235333
0.859485 0.0791976 9.9991E-05 0.0612176
0.67272 9.9991E-05 0.104254 0.222926
0.768769 0.112509 0.0191073 0.0996148
0.0760243 9.9991E-05 0.467086 0.45679
0.820225 0.0124878 0.138014 0.0292735
0.588087 0.0171233 0.231731 0.163059
0.58426 0.0486598 0.357855 0.00922542
0.535278 9.9991E-05 0.327535 0.137087
0.890005 0.00456254 0.105332 9.9991E-05
0.165265 0.0286584 0.561082 0.244994
0.719884 0.0547763 0.22524 9.9991E-05
0.057448 0.292646 0.238625 0.411281
0.20848 9.9991E-05 0.418518 0.372902
0.185117 0.0038546 0.490635 0.320393
0.713798 0.0290789 0.17704 0.0800827
0.603251 0.0366466 0.29571 0.0643923
0.779221 0.0289042 0.161575 0.030299
0.498685 9.9991E-05 0.236678 0.264536
0.600334 0.0947413 0.0800875 0.224837
0.63753 9.9991E-05 0.357535 0.00483494
0.544367 9.9991E-05 0.395529 0.060004
0.898878 9.9982E-05 0.100922 9.9982E-05
0.621361 9.9991E-05 0.329897 0.0486422
0.317697 0.0336426 0.405226 0.243434
0.787404 9.9982E-05 0.212396 9.9982E-05
0.780757 0.0261268 0.193016 9.9991E-05
0.807652 0.0409285 0.139972 0.0114481
0.746286 9.9991E-05 0.154267 0.099347
0.0705802 9.9991E-05 0.565802 0.363518
0.713962 9.9991E-05 0.108286 0.177652
0.174312 0.243089 0.345613 0.236986
0.683652 0.0313219 0.21143 0.0735956
0.663309 0.0752559 9.9991E-05 0.261335
0.0776054 0.143242 0.361698 0.417455
0.723929 0.0464574 0.229514 9.9991E-05
0.629005 9.9991E-05 0.16132 0.209575
0.79065 9.9982E-05 0.20915 9.9982E-05
0.733908 0.00403623 0.0629714 0.199084
0.578411 9.9991E-05 0.23292 0.188569
0.817386 9.9991E-05 0.11898 0.0635337
0.757875 0.0426604 0.199364 9.9991E-05
0.619687 0.0105613 0.369652 9.9991E-05
0.306921 9.9991E-05 0.528997 0.163982
0.626833 9.9991E-05 0.0454382 0.327629
0.586286 0.0426021 0.211167 0.159945
0.0422785 0.922944 0.00932659 0.025451
0.628453 9.9991E-05 0.286596 0.0848509
0.0996453 0.159368 0.38544 0.355546
0.890542 0.00965568 0.00368053 0.0961221
0.486532 9.9991E-05 0.0537728 0.459595
0.368426 9.9991E-05 0.495425 0.136049
0.2554 9.9991E-05 0.577506 0.166994
0.5858 0.00191447 0.253739 0.158547
0.648227 0.0208316 0.330841 9.9991E-05
0.619709 9.9991E-05 0.121551 0.258641
0.692732 0.0542145 0.252953 9.9991E-05
0.234319 0.0139806 0.436799 0.314902
0.74128 0.0402745 0.137204 0.0812413
0.564037 9.9991E-05 0.213906 0.221957
0.667355 9.9991E-05 0.231265 0.10128
0.0500879 0.000889359 0.641569 0.307453
0.773973 9.9991E-05 0.0240471 0.20188
0.664605 9.9982E-05 9.9982E-05 0.335195
0.652037 9.9991E-05 0.333772 0.0140915
0.535914 9.9991E-05 0.379133 0.0848533
9.9982E-05 9.9982E-05 0.354453 0.645347
9.9982E-05 0.98093 0.0188704 9.9982E-05
0.638531 9.9991E-05 0.0698716 0.291498
0.510474 0.0125488 0.471634 0.00534366
0.581034 9.9991E-05 0.299589 0.119277
0.716227 9.9991E-05 0.034501 0.249172
0.896442 0.04845 0.0550079 9.9991E-05
0.619785 9.9991E-05 0.240479 0.139637
0.823947 9.9982E-05 9.9982E-05 0.175853
0.7684 0.054532 0.176968 9.9991E-05
0.720245 0.0878788 0.191776 9.9991E-05
0.464095 9.9991E-05 0.292114 0.243691
0.0906424 9.9991E-05 0.523787 0.385471
0.780245 9.9991E-05 0.00998625 0.209669
0.547728 9.9991E-05 0.391411 0.0607608
0.0887236 9.9991E-05 0.797177 0.113999
0.742451 0.0398606 0.0761506 0.141538
9.9982E-05 9.9982E-05 0.473741 0.526059
0.563276 0.0452054 0.391419 9.9991E-05
0.681336 0.0158121 0.219617 0.0832353
0.160638 9.9991E-05 0.390326 0.448936
0.675622 0.030784 0.0847726 0.208821
0.441857 9.9991E-05 0.204589 0.353454
0.589897 0.0455435 0.254168 0.110391
9.9991E-05 0.703442 0.094122 0.202336
0.762043 9.9991E-05 0.130804 0.107054
0.718066 0.0424491 0.239385 9.9991E-05
0.725432 9.9982E-05 9.9982E-05 0.274368
0.608096 0.0280865 0.199968 0.16385
0.587034 0.0055683 0.407298 9.9991E-05
0.795435 9.9991E-05 0.0478763 0.156589
0.561705 9.9991E-05 0.221889 0.216306
9.9982E-05 9.9982E-05 0.656961 0.342839
0.577425 0.0326015 0.0821565 0.307817
0.747938 9.9991E-05 0.141055 0.110906
0.886087 0.0791459 0.0346676 9.9991E-05
0.776234 0.0662397 0.110392 0.0471349
0.603516 0.0459768 0.302894 0.0476127
0.504553 0.0297077 0.37804 0.0876988
0.38399 9.9982E-05 0.61581 9.9982E-05
0.536741 0.020252 0.161547 0.28146
0.626377 0.00226908 0.315111 0.0562426
0.525789 9.9982E-05 9.9982E-05 0.474011
9.9991E-05 0.0396852 0.638635 0.32158
0.459203 0.00857607 0.447591 0.0846298
0.67157 9.9982E-05 9.9982E-05 0.32823
0.777522 0.0455494 0.104936 0.0719927
0.557438 0.0351119 0.236006 0.171443
0.862004 9.9991E-05 0.00988242 0.128013
0.579662 9.9991E-05 0.0531933 0.367044
9.9991E-05 0.00331565 0.601663 0.394921
0.171356 0.0878067 0.479463 0.261374
0.607811 0.061599 0.125029 0.205561
0.69612 9.9991E-05 0.237277 0.0665027
0.644162 0.00264232 0.353096 9.9991E-05
0.516354 9.9991E-05 0.270078 0.213469
0.857646 0.0115469 0.130707 9.9991E-05
0.83675 9.9982E-05 9.9982E-05 0.16305
0.103167 0.278037 0.143858 0.474938
0.513706 9.9982E-05 0.486094 9.9982E-05
0.532137 9.9991E-05 0.10782 0.359943
0.236305 0.318732 0.0830405 0.361923
9.9991E-05 0.266427 0.31149 0.421983
0.715471 9.9991E-05 0.118787 0.165643
0.5158 0.0725886 0.227258 0.184353
0.794216 0.000886055 0.204798 9.9991E-05
0.155321 9.9991E-05 0.754174 0.0904053
0.667367 9.9991E-05 0.2953 0.0372331
0.669283 0.0127029 0.317914 9.9991E-05
0.109928 0.315255 0.13252 0.442297
0.639797 0.0605533 0.29955 9.9991E-05
0.762704 0.0204776 0.216718 9.9991E-05
0.696027 0.020225 0.239295 0.0444534
0.58177 9.9991E-05 0.13379 0.28434
0.816531 0.0281605 0.148415 0.00689358
0.733089 0.00378164 0.105685 0.157445
0.73704 0.0473254 0.162375 0.0532602
0.511511 9.9982E-05 0.488289 9.9982E-05
0.776899 0.0261204 0.19688 9.9991E-05
0.57187 9.9991E-05 0.075919 0.352111
0.134118 0.690153 9.9991E-05 0.175629
0.743655 9.9982E-05 9.9982E-05 0.256145
0.731948 0.0265827 0.143285 0.098185
0.295299 9.9991E-05 0.224532 0.48007
0.946188 9.9991E-05 0.00621478 0.047497
0.644253 0.0291573 0.277628 0.0489626
0.700952 0.0269674 0.0124801 0.2596
0.274554 0.08078 0.32962 0.315045
0.650477 0.00979603 0.204504 0.135223
0.792265 0.024308 0.183327 9.9991E-05
0.666655 0.00593295 0.143143 0.18427
0.64115 9.9991E-05 0.095761 0.262989
0.506585 9.9991E-05 0.264109 0.229206
9.998E-05 0.9997 9.998E-05 9.998E-05
0.698589 9.9991E-05 0.218025 0.0832856
0.439965 9.9991E-05 0.345214 0.214722
0.514501 9.9991E-05 0.12818 0.357218
0.721483 9.9991E-05 0.0546173 0.2238
0.788383 9.9982E-05 9.9982E-05 0.211417
0.703798 0.0666065 0.111679 0.117916
0.0722259 0.68853 0.00478502 0.234459
0.688525 9.9982E-05 0.311275 9.9982E-05
0.673601 9.9991E-05 0.198787 0.127512
0.599922 9.9991E-05 0.288428 0.111551
0.700852 9.9991E-05 0.186997 0.11205
0.65667 0.0508909 9.9991E-05 0.292339
0.754179 0.0158201 0.229901 9.9991E-05
0.669221 9.9991E-05 0.300703 0.0299757
0.606856 0.0335538 0.306204 0.0533861
0.571013 9.9991E-05 0.035985 0.392902
0.603809 0.0320347 0.364056 9.9991E-05
0.75671 9.9982E-05 9.9982E-05 0.24309
0.60392 9.9991E-05 0.332861 0.0631192
0.511659 9.9991E-05 0.285825 0.202416
0.714716 0.010143 0.275041 9.9991E-05
0.532761 9.9991E-05 0.313968 0.153171
0.466197 0.043836 0.411162 0.0788045
0.5854 9.9991E-05 0.069553 0.344947
0.859468 0.0246444 0.0653524 0.0505352
0.744784 0.0417568 0.213359 9.9991E-05
0.621159 9.9991E-05 0.311193 0.0675484
0.358045 9.9991E-05 0.317206 0.324648
0.827035 9.9991E-05 0.161297 0.011568
0.484303 9.9991E-05 0.366642 0.148955
0.608172 9.9991E-05 0.289164 0.102564
9.9982E-05 0.960907 9.9982E-05 0.0388926
0.0565654 0.354296 0.238389 0.35075
0.178728 0.236032 0.270957 0.314283
9.9982E-05 0.524226 9.9982E-05 0.475574
0.263294 9.9991E-05 0.277905 0.458701
0.186514 9.9991E-05 0.458743 0.354643
0.0141404 0.10963 0.344683 0.531546
0.712046 9.9991E-05 0.0087537 0.2791
0.503477 0.0140736 0.407679 0.0747703
0.894525 9.9991E-05 0.0722932 0.0330822
0.347446 9.9991E-05 0.459583 0.192871
0.603725 0.0559833 0.222267 0.118025
0.549681 9.9991E-05 0.192629 0.25759
0.59599 0.0238227 0.314838 0.0653491
0.630935 0.0164601 0.352505 9.9991E-05
0.548354 9.9991E-05 0.345653 0.105893
0.763983 0.00608896 0.229828 9.9991E-05
0.50475 9.9991E-05 0.0597609 0.435389
0.227268 0.0244675 0.270209 0.478055
0.658923 0.0656007 0.0789448 0.196531
0.79921 9.9991E-05 0.134466 0.0662242
0.544739 0.0452991 0.245447 0.164515
0.156234 0.777691 9.9991E-05 0.0659749
0.117976 0.19548 0.394557 0.291986
0.580672 9.9991E-05 0.334675 0.0845529
0.553111 9.9991E-05 0.352655 0.0941332
0.132533 0.20124 0.40054 0.265688
0.666093 9.9991E-05 0.115411 0.218396
0.848984 9.9991E-05 0.071968 0.0789479
9.9991E-05 0.00197528 0.44269 0.555235
0.753057 9.9982E-05 0.246743 9.9982E-05
0.884434 0.018344 0.0971218 9.9991E-05
0.471262 9.9991E-05 0.00515952 0.523479
0.517986 9.9982E-05 9.9982E-05 0.481814
0.624778 0.0763938 0.294511 0.00431644
0.703365 9.9991E-05 0.192951 0.103585
0.159579 0.310021 0.138856 0.391544
0.602944 9.9991E-05 0.355114 0.0418417
0.574544 0.0233064 0.326863 0.0752874
0.838278 0.0207227 9.9991E-05 0.140899
0.138262 0.117868 0.163965 0.579905
0.271278 9.9991E-05 0.372283 0.356338
0.234034 0.0122889 0.526937 0.226741
0.68124 9.9982E-05 0.31856 9.9982E-05
0.162817 0.00308513 0.527567 0.30653
0.755855 0.0165163 0.215273 0.0123554
0.501901 9.9991E-05 0.337366 0.160634
0.746065 9.9991E-05 0.0573293 0.196506
0.611868 0.051481 0.309715 0.0269358
0.168019 0.296699 0.291414 0.243867
0.586178 9.9991E-05 0.226105 0.187617
9.9982E-05 0.826033 9.9982E-05 0.173767
0.628941 0.00616689 0.103947 0.260946
0.694956 9.9982E-05 0.304844 9.9982E-05
9.998E-05 0.9997 9.998E-05 9.998E-05
0.0625936 0.937206 9.9982E-05 9.9982E-05
0.511584 9.9991E-05 0.130483 0.357833
0.375799 0.00616011 0.331141 0.2869
0.692853 0.0117377 0.287653 0.00775678
0.74806 0.0679254 0.0973287 0.0866862
0.548527 0.00673295 0.395618 0.0491218
0.928422 9.9982E-05 0.0713785 9.9982E-05
0.538839 0.000286912 0.0979502 0.362924
0.0639818 0.371853 0.401174 0.162992
0.663036 9.9991E-05 0.200359 0.136505
0.762976 0.0427904 9.9991E-05 0.194134
0.465284 9.9991E-05 0.268426 0.26619
0.520331 9.9991E-05 0.296763 0.182806
0.302609 0.0531965 0.275097 0.369097
0.811397 9.9991E-05 0.167663 0.0208398
0.502181 0.034573 0.273393 0.189853
0.48306 9.9991E-05 0.308485 0.208355
0.562555 0.0562804 0.218323 0.162841
0.0756972 0.231599 0.311666 0.381038
0.522202 0.0172265 0.2963 0.164271
0.59875 9.9982E-05 0.40105 9.9982E-05
0.680999 0.00949525 0.309406 9.9991E-05
0.538585 9.9991E-05 0.38748 0.0738346
0.482814 9.9991E-05 0.361181 0.155905
0.552855 9.9982E-05 0.446945 9.9982E-05
0.55728 9.9991E-05 0.118147 0.324473
0.733096 9.9982E-05 0.266704 9.9982E-05
0.577485 9.9991E-05 0.289831 0.132584
0.637053 9.9991E-05 0.0664848 0.296362
0.208775 9.9991E-05 0.318801 0.472324
0.604261 0.0812437 0.294574 0.0199215
0.643476 0.0703602 0.081918 0.204246
0.038801 9.9991E-05 0.368567 0.592532
0.680102 0.0188013 0.244446 0.0566505
0.58986 0.0687548 0.300395 0.04099
0.616466 0.0167947 0.36664 9.9991E-05
0.635738 9.9991E-05 0.12989 0.234272
0.528485 9.9982E-05 9.9982E-05 0.471315
0.035754 9.9991E-05 0.562051 0.402095
0.714594 9.9991E-05 0.143056 0.14225
0.155758 9.9991E-05 0.378277 0.465864
