0.526558 0.332587 9.9991E-05 0.140756
0.499834 0.466548 0.0191164 0.0145018
0.534579 0.415928 0.0493934 9.9991E-05
0.699283 0.157177 0.143439 9.9991E-05
0.688772 0.209556 0.0358721 0.0657994
9.9991E-05 0.116012 0.856685 0.0272029
0.616858 0.258677 0.0281953 0.0962694
9.9982E-05 0.0805527 0.919247 9.9982E-05
0.549866 0.331333 0.0579917 0.0608094
0.613787 0.378228 0.00788512 9.9991E-05
0.64109 0.353391 0.00541865 9.9991E-05
0.326919 0.416643 0.256339 9.9991E-05
0.586413 0.413388 9.9982E-05 9.9982E-05
0.548062 0.366793 0.0850446 9.9991E-05
9.9991E-05 0.339119 0.653897 0.00688449
0.425989 0.552101 0.0218102 9.9991E-05
0.449234 0.356293 0.194373 9.9991E-05
0.757328 0.056574 9.9991E-05 0.185998
0.506344 0.454614 9.9991E-05 0.0389425
0.763779 0.236021 9.9982E-05 9.9982E-05
0.81708 0.165259 9.9991E-05 0.0175614
0.561564 0.247299 0.123777 0.0673598
0.645008 0.354792 9.9982E-05 9.9982E-05
0.0875151 0.254955 0.65743 9.9991E-05
0.581165 0.254277 9.9991E-05 0.164458
0.114436 0.219702 0.665762 9.9991E-05
0.171404 0.272999 0.489607 0.0659892
0.659011 9.9982E-05 0.340789 9.9982E-05
0.072081 0.249145 0.678674 9.9991E-05
0.813944 9.9982E-05 0.185856 9.9982E-05
0.177395 0.282257 0.512588 0.0277604
0.531747 0.379626 0.0312717 0.0573556
0.34156 0.392043 0.266297 9.9991E-05
0.0876404 9.9982E-05 0.91216 9.9982E-05
9.9982E-05 9.9982E-05 0.905383 0.0944167
0.589721 0.225878 0.0970433 0.0873574
0.575335 0.285868 0.138697 9.9991E-05
0.457074 0.46144 9.9991E-05 0.0813862
0.161896 0.0598537 0.77815 9.9991E-05
0.139073 0.329551 0.44117 0.0902058
0.202759 0.534824 0.239785 0.0226325
0.555973 0.443827 9.9982E-05 9.9982E-05
0.633044 0.215718 0.151138 9.9991E-05
0.0869013 0.19549 0.640484 0.0771253
0.443294 0.410123 9.9991E-05 0.146482
0.361418 0.476615 9.9991E-05 0.161867
0.474325 0.362087 0.0769733 0.0866146
0.360972 0.572918 0.0660098 9.9991E-05
0.380986 0.581003 0.0229764 0.0150344
0.0252251 0.517463 0.457212 9.9991E-05
0.7141 0.231593 0.0160648 0.0382427
0.309912 0.216567 0.408243 0.065278
0.396361 0.527005 9.9991E-05 0.0765333
0.0178067 0.00990775 0.972186 9.9991E-05
0.194275 0.385537 0.420088 9.9991E-05
0.697404 0.302067 9.9991E-05 0.000429739
0.755298 0.212072 9.9991E-05 0.0325307
0.557924 0.179592 0.191781 0.0707036
0.192095 0.426067 0.381737 9.9991E-05
0.534866 0.0683851 0.396649 9.9991E-05
9.9982E-05 0.221121 0.778679 9.9982E-05
9.9982E-05 0.137228 0.862572 9.9982E-05
0.590532 0.371177 0.0332379 0.00505315
9.9982E-05 0.0719506 0.927849 9.9982E-05
0.502006 0.429677 0.0437239 0.0245924
0.0466901 0.0939126 0.859297 9.9991E-05
0.716362 0.24905 9.9991E-05 0.0344875
0.382526 0.436314 0.18106 9.9991E-05
0.323158 0.645545 9.9991E-05 0.0311967
9.9982E-05 0.177817 0.821983 9.9982E-05
0.373132 0.521398 9.9991E-05 0.105369
0.532401 0.367505 0.047946 0.0521478
0.37708 0.253251 0.291961 0.0777078
0.518836 0.43659 9.9991E-05 0.0444737
0.455162 0.344638 0.0730299 0.127171
0.497728 0.0557448 0.432006 0.0145219
0.650591 0.315117 0.0203052 0.0139863
0.354561 0.431565 0.158542 0.0553319
0.29716 0.63025 0.0724899 9.9991E-05
0.555739 0.344462 0.0202098 0.0795896
0.486713 0.513087 9.9982E-05 9.9982E-05
0.511546 0.461356 9.9991E-05 0.026998
0.398912 0.518115 0.0828726 9.9991E-05
0.696565 0.259965 9.9991E-05 0.0433701
0.730566 0.269234 9.9982E-05 9.9982E-05
0.305285 0.594671 0.0999441 9.9991E-05
0.440324 0.301306 0.25827 9.9991E-05
0.425605 0.338871 0.235424 9.9991E-05
0.050858 0.00690077 0.942141 9.9991E-05
0.342868 0.367468 0.269603 0.020062
0.165866 0.759587 0.00940505 0.0651422
0.27093 0.135275 0.593695 9.9991E-05
0.539097 0.423755 0.00585961 0.0312888
0.57125 0.115877 0.312773 9.9991E-05
0.209489 0.295391 0.495021 9.9991E-05
9.9982E-05 0.0269895 0.97281 9.9982E-05
0.588712 0.252322 0.107861 0.0511052
0.285599 0.675431 0.0296735 0.00929593
0.572741 0.397356 0.0288961 0.00100706
0.656056 0.0641786 0.270857 0.00890776
9.9982E-05 0.525508 0.474292 9.9982E-05
0.606612 0.385341 0.00794701 9.9991E-05
0.627203 0.219314 0.00342565 0.150058
0.578065 0.341736 9.9991E-05 0.0800987
0.535096 0.35839 9.9991E-05 0.106414
9.9982E-05 0.285299 0.714501 9.9982E-05
0.175049 0.218611 0.544602 0.061738
0.639426 0.360374 9.9982E-05 9.9982E-05
0.529531 0.426553 0.0438164 9.9991E-05
0.780048 0.159378 0.0604743 9.9991E-05
0.187832 0.237108 0.574961 9.9991E-05
9.9982E-05 0.00177924 0.998021 9.9982E-05
0.318231 0.233117 0.448552 9.9991E-05
0.819887 0.170835 9.9991E-05 0.00917844
0.573948 0.311402 0.11455 9.9991E-05
0.63687 0.2392 0.00227692 0.121654
0.590747 0.409053 9.9982E-05 9.9982E-05
9.9982E-05 0.0219891 0.977811 9.9982E-05
0.78664 9.9991E-05 0.028207 0.185053
0.589373 0.361334 9.9991E-05 0.0491932
0.758094 0.0926348 0.149172 9.9991E-05
0.143693 0.229793 0.626414 9.9991E-05
0.774966 0.224835 9.9982E-05 9.9982E-05
0.581195 0.341839 0.0211003 0.0558659
0.736231 0.160635 9.9991E-05 0.103034
0.537424 0.403756 0.0587203 9.9991E-05
0.262796 9.9991E-05 0.71595 0.0211539
9.9991E-05 0.0261478 0.939929 0.0338231
0.410222 0.551011 9.9991E-05 0.0386671
0.579409 0.168001 0.0169238 0.235666
0.526223 0.417226 9.9991E-05 0.0564511
0.296579 0.581408 9.9991E-05 0.121913
0.321783 0.253839 0.424278 9.9991E-05
0.418 0.407915 0.0164608 0.157625
0.663694 0.101328 0.205939 0.0290391
9.998E-05 0.9997 9.998E-05 9.998E-05
0.21069 0.162543 0.626668 9.9991E-05
0.51777 0.15676 0.303008 0.0224613
0.0225971 0.864561 0.112742 9.9991E-05
0.156951 0.230796 0.612153 9.9991E-05
0.547719 0.221638 0.230544 9.9991E-05
0.335396 0.242955 0.401871 0.0197785
0.330872 0.394153 0.274875 9.9991E-05
0.180346 0.641488 0.173925 0.00424059
9.9991E-05 0.178991 0.818176 0.00273248
0.46528 0.234106 0.244929 0.0556856
0.261336 0.525552 0.213012 9.9991E-05
0.598369 0.307793 9.9991E-05 0.0937379
0.66561 0.233355 9.9991E-05 0.100935
0.474249 0.322501 9.9991E-05 0.20315
0.576214 0.392993 0.030693 9.9991E-05
0.513497 0.0723603 0.338557 0.0755862
0.139332 0.105665 0.754903 9.9991E-05
0.100718 0.278327 0.440043 0.180912
0.301397 0.667282 9.9991E-05 0.0312204
0.288049 0.601686 9.9991E-05 0.110165
9.9982E-05 0.126313 0.873487 9.9982E-05
0.459616 0.438031 9.9991E-05 0.102253
0.524597 0.348559 9.9991E-05 0.126744
0.480536 0.168961 0.254136 0.0963681
0.599631 0.326173 9.9991E-05 0.0740966
0.247987 0.633879 0.118034 9.9991E-05
0.308132 0.596015 0.0957524 9.9991E-05
0.389734 0.554064 0.0549427 0.00125941
0.715122 0.284678 9.9982E-05 9.9982E-05
0.708097 0.175741 9.9991E-05 0.116062
0.254627 0.507128 0.166866 0.0713788
0.0853855 0.35678 0.557734 9.9991E-05
0.219262 0.443423 0.337214 9.9991E-05
0.202671 0.674232 0.0668434 0.0562531
0.363933 0.369524 0.177457 0.0890862
0.536269 0.315118 0.148512 9.9991E-05
9.9982E-05 0.00391554 0.995884 9.9982E-05
0.318863 0.584656 0.0963809 9.9991E-05
0.147831 0.522885 0.329183 9.9991E-05
0.1844 0.69033 9.9991E-05 0.12517
0.488056 0.272857 0.238987 9.9991E-05
0.167432 0.194996 0.588312 0.0492597
0.269625 0.300215 0.430059 9.9991E-05
0.397958 9.9982E-05 0.601842 9.9982E-05
0.664753 0.313385 0.0217616 9.9991E-05
9.9982E-05 0.191828 0.807972 9.9982E-05
0.298599 0.220049 0.481252 9.9991E-05
0.527041 0.359395 0.000238336 0.113326
9.998E-05 9.998E-05 0.9997 9.998E-05
0.122972 0.340416 0.536512 9.9991E-05
0.349343 0.602736 0.0478209 9.9991E-05
0.307709 0.180107 0.512083 9.9991E-05
0.689731 0.111678 0.198491 9.9991E-05
0.661548 0.298277 9.9991E-05 0.0400753
0.437691 0.11079 0.408887 0.0426308
0.659364 0.320493 9.9991E-05 0.0200431
0.60281 0.39699 9.9982E-05 9.9982E-05
0.488777 0.361379 0.0348874 0.114957
0.250456 0.35918 0.249399 0.140965
0.671057 9.9991E-05 0.307829 0.0210143
0.545315 0.14811 9.9991E-05 0.306475
0.544152 0.279782 0.175966 9.9991E-05
0.159426 0.621924 9.9991E-05 0.21855
0.36382 0.567289 9.9991E-05 0.0687903
0.257605 0.358327 0.35082 0.0332481
0.729801 0.269999 9.9982E-05 9.9982E-05
0.364969 0.606215 0.00941952 0.0193968
0.387922 0.313553 9.9991E-05 0.298426
0.384361 0.247781 0.0104054 0.357452
0.148491 0.441433 0.318526 0.0915505
0.827793 9.9991E-05 0.0640759 0.108031
0.284984 0.500721 0.214195 9.9991E-05
0.541715 0.4491 0.00908466 9.9991E-05
0.691632 0.172615 9.9991E-05 0.135653
0.533677 0.403786 9.9991E-05 0.0624363
0.301485 0.184381 0.424761 0.0893727
0.341125 0.171915 0.452608 0.0343522
0.96091 0.0388904 9.9982E-05 9.9982E-05
0.667774 0.177498 9.9991E-05 0.154628
0.632102 0.220919 9.9991E-05 0.146878
0.45765 0.491663 9.9991E-05 0.0505869
0.252369 0.406066 0.341465 9.9991E-05
0.186279 0.644057 0.130757 0.0389058
0.411408 0.41356 9.9991E-05 0.174932
0.132537 0.243179 0.624161 0.000123152
0.520977 0.217 0.212208 0.0498155
0.301652 0.495435 0.109487 0.0934265
9.9982E-05 0.2179 0.7819 9.9982E-05
0.314596 0.556709 0.00828008 0.120414
0.429506 0.570294 9.9982E-05 9.9982E-05
0.667118 0.296881 0.0359013 9.9991E-05
0.524725 0.442012 9.9991E-05 0.0331637
0.239741 0.581312 9.9991E-05 0.178847
0.538363 0.449239 0.0122982 9.9991E-05
0.706934 0.244635 0.0174935 0.0309369
0.752944 0.246856 9.9982E-05 9.9982E-05
0.309448 0.472826 0.217626 9.9991E-05
0.648997 0.303477 9.9991E-05 0.0474253
0.560009 0.439791 9.9982E-05 9.9982E-05
9.9982E-05 0.889641 0.110159 9.9982E-05
0.571091 0.38355 0.0285279 0.0168309
0.635084 0.364716 9.9982E-05 9.9982E-05
0.337299 0.277809 0.384792 9.9991E-05
0.380664 0.300595 0.318641 9.9991E-05
0.767008 0.219157 0.0137346 9.9991E-05
0.283683 0.124545 0.591672 9.9991E-05
0.471533 0.528267 9.9982E-05 9.9982E-05
0.471886 0.155557 0.372456 9.9991E-05
0.625332 0.0871088 0.062587 0.224972
0.0839986 0.721273 0.194629 9.9991E-05
0.221132 0.244566 0.353844 0.180458
0.1979 0.267573 0.530533 0.00399385
0.540662 0.448181 0.0110566 9.9991E-05
0.444786 0.555014 9.9982E-05 9.9982E-05
0.304429 0.329438 0.366033 9.9991E-05
0.354812 0.611998 9.9991E-05 0.0330894
0.721756 0.218689 0.0214032 0.0381516
0.0152859 9.9991E-05 0.959128 0.025486
0.56789 0.375318 0.0566919 9.9991E-05
0.8216 0.1782 9.9982E-05 9.9982E-05
0.785641 0.203901 0.0103577 9.9991E-05
0.602232 0.356176 0.0414915 9.9991E-05
0.632572 0.332924 0.0344041 9.9991E-05
0.560293 0.439507 9.9982E-05 9.9982E-05
0.680898 0.253323 0.0425914 0.0231874
0.550849 0.309121 0.136914 0.00311593
0.142608 0.305844 0.551448 9.9991E-05
0.621137 0.351101 0.027662 9.9991E-05
0.784374 0.215426 9.9982E-05 9.9982E-05
0.285571 0.511645 0.145027 0.0577578
0.503159 0.0846142 0.412127 9.9991E-05
0.503205 0.35655 9.9991E-05 0.140145
0.657908 0.0885528 0.253439 9.9991E-05
0.704367 0.257231 0.0175089 0.0208938
0.393556 0.224826 0.381518 9.9991E-05
0.437293 0.329432 0.119056 0.114218
0.183497 0.293091 0.523312 9.9991E-05
0.515892 0.204634 0.279374 9.9991E-05
0.385199 0.437592 9.9991E-05 0.177108
0.391284 0.296725 0.307693 0.00429745
0.449923 0.549877 9.9982E-05 9.9982E-05
0.705778 0.246788 0.0473344 9.9991E-05
0.416082 0.564559 0.0192593 9.9991E-05
0.373263 0.167223 0.38641 0.0731037
0.371182 0.593375 0.0353434 9.9991E-05
0.402196 0.487057 9.9991E-05 0.110647
0.738864 0.260936 9.9982E-05 9.9982E-05
0.252435 0.0990764 0.575789 0.0726998
9.9982E-05 9.9982E-05 0.938034 0.0617656
0.538164 0.305684 0.113984 0.0421681
0.376754 0.458116 0.059359 0.105771
0.272757 0.547604 0.0844588 0.0951794
0.191132 0.588692 0.220076 9.9991E-05
0.331716 0.249448 0.242846 0.17599
0.723896 0.173328 0.102676 9.9991E-05
0.488229 0.357783 9.9991E-05 0.153888
0.443773 0.390241 0.00602595 0.15996
0.541134 0.379827 0.0463245 0.0327149
0.785799 0.0707444 9.9991E-05 0.143357
0.803804 0.195996 9.9982E-05 9.9982E-05
0.697242 0.282761 9.9991E-05 0.0198977
0.241829 0.756706 0.000630036 0.000835064
0.694879 0.203239 9.9991E-05 0.101782
0.67301 0.298874 0.0280161 9.9991E-05
0.425113 0.45639 9.9991E-05 0.118396
0.62177 0.299929 0.0323636 0.0459369
0.613337 0.168114 0.19222 0.0263285
0.166021 9.9991E-05 0.665227 0.168653
0.286879 0.234466 0.472485 0.00617021
0.120039 9.9982E-05 0.879761 9.9982E-05
0.619791 0.323326 9.9991E-05 0.0567827
0.115529 0.0458223 0.820428 0.0182207
0.112846 0.0649326 0.822121 9.9991E-05
0.488863 0.498751 0.00205456 0.0103315
0.708955 0.0090424 0.0756341 0.206369
0.552486 0.386241 9.9991E-05 0.0611733
0.161683 0.0532277 0.78499 9.9991E-05
0.755755 0.244045 9.9982E-05 9.9982E-05
0.158387 0.368488 0.473026 9.9991E-05
0.752687 0.123118 0.0258189 0.0983762
9.9982E-05 0.135516 0.864284 9.9982E-05
0.349138 0.517575 0.133187 9.9991E-05
0.724627 0.205302 0.0591473 0.0109236
0.832861 0.129248 9.9991E-05 0.0377907
0.407285 0.592515 9.9982E-05 9.9982E-05
0.218769 9.9982E-05 0.781031 9.9982E-05
0.480365 0.243528 0.276006 9.9991E-05
0.204341 0.349794 0.377201 0.0686647
0.53115 0.26355 0.0190297 0.18627
0.106449 0.110493 0.716545 0.066514
0.302669 0.328351 0.0723088 0.296671
0.161371 0.449652 0.378598 0.0103784
0.542625 0.387374 9.9991E-05 0.0699005
0.218931 0.502506 0.219874 0.0586888
0.258445 9.9991E-05 0.617249 0.124206
0.504296 0.353183 9.9991E-05 0.14242
0.603218 0.321507 9.9991E-05 0.075175
0.468136 0.417287 9.9991E-05 0.114477
0.572504 0.233311 0.0294639 0.164721
0.27071 0.26356 0.46563 9.9991E-05
0.454118 0.414706 9.9991E-05 0.131077
0.894249 0.0541601 9.9991E-05 0.0514906
0.719385 0.199285 0.0595462 0.0217837
0.268325 0.102992 0.592706 0.0359773
0.347008 0.440776 0.179252 0.0329643
0.599491 0.33401 0.01966 0.0468387
0.0231105 0.933182 0.0311736 0.0125338
0.314764 0.456096 0.197757 0.0313824
0.426143 0.507433 9.9991E-05 0.0663238
0.160457 0.378285 0.388598 0.0726608
0.374838 0.500745 0.077864 0.0465528
0.416712 0.0431981 0.484141 0.0559495
0.683416 0.221301 0.00608358 0.0891997
0.72434 0.267495 9.9991E-05 0.0080647
0.821012 0.131056 0.0285513 0.0193808
0.867118 0.0166377 9.9991E-05 0.116144
0.509897 0.317888 9.9991E-05 0.172115
0.558379 0.399281 9.9991E-05 0.0422403
0.310066 0.353123 0.336711 9.9991E-05
0.363955 0.600322 0.0356226 9.9991E-05
0.607166 0.392634 9.9982E-05 9.9982E-05
0.695316 0.224866 0.0797181 9.9991E-05
0.451082 0.447297 0.0864804 0.0151408
0.0461559 0.509724 0.339173 0.104947
0.416175 0.346328 9.9991E-05 0.237397
0.70263 0.128285 9.9991E-05 0.168985
0.0960578 0.0710102 0.832832 9.9991E-05
0.249046 0.0912371 0.659617 9.9991E-05
0.600685 0.349406 9.9991E-05 0.0498087
0.466955 9.9982E-05 9.9982E-05 0.532845
0.0147351 0.0552006 0.0934207 0.836644
0.21822 0.102336 0.0301227 0.649322
0.543188 0.260723 9.9991E-05 0.19599
0.121594 0.0140869 9.9991E-05 0.864219
0.0684961 0.15594 9.9991E-05 0.775464
0.233868 0.0247686 0.0580162 0.683347
9.9982E-05 0.241941 9.9982E-05 0.757859
0.175458 0.0593043 0.0742839 0.690954
0.303246 0.162801 0.0114115 0.522541
0.285143 0.361243 9.9991E-05 0.353514
0.126217 0.113828 0.0102471 0.749708
0.38001 0.312046 9.9991E-05 0.307843
0.0794435 0.343463 9.9991E-05 0.576994
0.240453 0.0950884 9.9991E-05 0.664358
9.9991E-05 0.0528683 0.0826053 0.864426
0.411999 0.0789517 9.9991E-05 0.50895
0.162884 0.32133 9.9991E-05 0.515685
9.9982E-05 9.9982E-05 0.861004 0.138796
0.321453 0.0984023 0.0443717 0.535773
0.180151 0.193115 0.0037537 0.62298
0.525102 0.0364343 0.216915 0.221548
0.00716641 9.9991E-05 0.029674 0.96306
9.9982E-05 0.270608 9.9982E-05 0.729193
0.32271 0.52081 0.00955215 0.146928
0.170662 9.9991E-05 0.0193454 0.809893
0.335539 0.03206 0.0468602 0.585541
0.10348 0.37488 9.9991E-05 0.521541
0.0975162 9.9991E-05 0.11341 0.788974
0.085841 0.0990337 0.0723203 0.742805
0.0699202 0.0465081 9.9991E-05 0.883472
9.9991E-05 0.0177554 0.0871497 0.894995
0.0495862 0.241154 9.9991E-05 0.70916
0.391176 9.9982E-05 9.9982E-05 0.608624
9.9991E-05 0.0219281 0.118695 0.859277
9.9982E-05 0.328339 9.9982E-05 0.671461
0.0374756 0.166638 0.0782647 0.717621
0.637757 0.198496 9.9991E-05 0.163648
0.0879209 0.0990482 9.9991E-05 0.812931
0.235304 0.0631639 0.0540829 0.647449
0.187397 0.212732 0.0160553 0.583816
0.269139 0.158115 9.9991E-05 0.572647
0.011002 9.9991E-05 0.0373183 0.95158
0.592064 0.256444 0.00823357 0.143259
0.180405 9.9991E-05 0.0457417 0.773754
0.350537 0.340002 0.300762 0.00869952
0.363371 0.48423 9.9991E-05 0.152299
0.488213 0.216644 0.0562364 0.238906
0.200189 0.0856924 0.0143989 0.699719
0.210871 0.139406 9.9991E-05 0.649623
0.104791 9.9991E-05 0.0356612 0.859448
0.170808 0.184155 9.9991E-05 0.644937
0.14848 0.180993 0.0354872 0.63504
0.18472 0.148218 9.9991E-05 0.666961
0.412805 9.9982E-05 9.9982E-05 0.586995
9.9982E-05 0.115726 9.9982E-05 0.884074
0.297415 9.9982E-05 9.9982E-05 0.702385
0.271094 0.313088 0.0581156 0.357702
0.162196 9.9982E-05 9.9982E-05 0.837604
0.192714 9.9982E-05 9.9982E-05 0.807086
0.11092 0.0706541 0.0202261 0.7982
0.0564085 0.123184 0.00327859 0.817129
0.575903 0.254775 9.9991E-05 0.169222
0.240197 9.9991E-05 0.0197151 0.739988
0.449858 0.219978 0.264818 0.0653456
0.0681075 0.296232 9.9991E-05 0.635561
0.0744245 0.155812 0.0877489 0.682015
0.414999 0.354641 0.130966 0.0993936
0.124469 0.165318 0.023591 0.686623
0.190501 0.212204 9.9991E-05 0.597195
0.102694 0.0752913 9.9991E-05 0.821915
0.138521 0.204183 9.9991E-05 0.657196
0.205899 0.288292 0.015308 0.490501
0.115809 0.183739 9.9991E-05 0.700352
0.0521826 0.165154 0.0309683 0.751695
0.316119 9.9991E-05 0.055906 0.627875
0.309791 0.424165 0.00430805 0.261736
0.111096 0.223849 9.9991E-05 0.664955
0.285495 0.239388 0.00553453 0.469583
9.9991E-05 0.122366 0.857416 0.0201181
0.32412 9.9982E-05 9.9982E-05 0.67568
0.67195 0.111634 0.125501 0.0909153
9.9991E-05 0.15416 0.00679716 0.838943
0.249722 0.263608 9.9991E-05 0.486571
0.395335 0.199448 9.9991E-05 0.405116
0.654953 0.163375 9.9991E-05 0.181573
0.338724 0.0259399 9.9991E-05 0.635236
0.243382 0.119562 9.9991E-05 0.636956
0.154708 0.201314 9.9991E-05 0.643878
0.304805 9.9991E-05 0.0191551 0.67594
0.43389 0.221506 0.0538735 0.290731
0.0199866 0.367 0.0134884 0.599525
0.23203 0.0904578 9.9991E-05 0.677413
0.296916 0.0699698 9.9991E-05 0.633014
0.685246 0.303009 0.0112848 0.000460162
0.0545779 0.20736 9.9991E-05 0.737962
0.05022 0.277153 9.9991E-05 0.672527
0.386774 0.0547522 9.9991E-05 0.558374
0.176428 0.205498 9.9991E-05 0.617974
0.380601 0.619199 9.9982E-05 9.9982E-05
9.9982E-05 0.108363 0.891437 9.9982E-05
0.102766 0.25629 9.9991E-05 0.640845
0.398535 0.0106951 9.9991E-05 0.59067
0.442528 0.0180791 9.9991E-05 0.539293
0.205639 0.0212567 0.0476821 0.725423
9.9991E-05 0.147916 0.0331098 0.818874
0.160273 0.0466099 9.9991E-05 0.793018
0.0558795 0.0967622 9.9991E-05 0.847258
0.14199 9.9991E-05 0.0360092 0.8219
0.174285 9.9991E-05 0.106974 0.718641
0.297507 0.1913 9.9991E-05 0.511092
0.560898 0.357087 9.9991E-05 0.0819153
0.0120012 0.121214 9.9991E-05 0.866685
0.224651 0.134619 9.9991E-05 0.64063
0.660052 0.222379 9.9991E-05 0.117469
9.9991E-05 0.320315 0.0109573 0.668627
0.41818 0.58162 9.9982E-05 9.9982E-05
0.233001 0.0755559 0.038271 0.653173
0.129977 0.172463 9.9991E-05 0.697459
0.483681 0.264472 9.9991E-05 0.251747
0.0779594 0.255316 9.9991E-05 0.666624
0.202209 0.396087 9.9991E-05 0.401604
9.9982E-05 0.434478 9.9982E-05 0.565322
9.9982E-05 0.399073 0.600727 9.9982E-05
0.228605 0.0381971 9.9991E-05 0.733098
0.213701 0.121492 9.9991E-05 0.664708
0.0133543 0.243413 9.9991E-05 0.743132
0.125896 0.2572 9.9991E-05 0.616804
0.222394 9.9991E-05 0.0122717 0.765235
0.096354 0.100217 9.9991E-05 0.803329
0.379425 9.9982E-05 9.9982E-05 0.620375
0.722304 0.255004 0.0225916 9.9991E-05
0.00122338 0.306753 0.0423065 0.649717
0.225468 9.9991E-05 0.0193147 0.755117
9.9991E-05 0.0703529 0.0439617 0.885585
0.137209 0.140152 0.0341401 0.688499
0.0219901 0.425432 9.9991E-05 0.552478
0.401184 0.0155 0.0698074 0.513509
0.665665 0.0105605 9.9991E-05 0.323674
0.0436392 0.490321 9.9991E-05 0.46594
0.144692 0.199081 0.00734556 0.648882
9.9982E-05 0.314368 9.9982E-05 0.685432
0.536922 0.365789 0.0716478 0.0256412
0.461558 0.110558 9.9991E-05 0.427784
9.9982E-05 0.233706 9.9982E-05 0.766094
0.0819525 0.165727 0.0206521 0.731668
9.9982E-05 0.51806 9.9982E-05 0.48174
9.9982E-05 0.166533 9.9982E-05 0.833267
0.154759 0.28444 9.9991E-05 0.5607
0.640809 0.320464 0.0386268 9.9991E-05
0.456007 0.277359 0.0646006 0.202034
0.270225 0.100828 0.0692975 0.55965
0.130271 0.130725 0.0188148 0.720189
0.220598 0.200643 9.9991E-05 0.578659
0.342517 0.186563 9.9991E-05 0.47082
0.1223 0.14994 9.9991E-05 0.72766
9.9991E-05 0.249881 0.00151767 0.748501
0.140768 0.561675 0.248137 0.0494212
0.289143 0.0240613 0.0471653 0.63963
0.292605 0.0583072 0.0239698 0.625118
0.103474 0.451157 0.266564 0.178805
0.511246 0.129241 0.303598 0.0559151
0.00228271 0.146053 9.9991E-05 0.851564
0.143259 0.319132 0.0400079 0.497601
0.0278222 0.0768823 0.0133091 0.881986
0.700945 0.203351 9.9991E-05 0.0956047
0.28956 0.0783679 0.00246694 0.629605
0.220573 0.0168196 0.0133397 0.749267
0.209426 0.388502 0.343851 0.0582211
0.151025 0.207931 0.0065542 0.63449
0.218725 9.9982E-05 9.9982E-05 0.781075
0.248328 0.104392 9.9991E-05 0.64718
0.224461 0.0885704 9.9991E-05 0.686868
0.170966 0.0560755 9.9991E-05 0.772859
0.0644815 0.278328 9.9991E-05 0.657091
0.23422 0.00790235 0.0626481 0.69523
0.206903 0.119156 9.9991E-05 0.673842
0.215864 9.9982E-05 9.9982E-05 0.783936
0.155766 0.187931 9.9991E-05 0.656203
9.9982E-05 0.261958 0.737842 9.9982E-05
9.9982E-05 0.218698 9.9982E-05 0.781102
0.0900923 9.9991E-05 0.0118168 0.897991
0.268633 0.481411 9.9991E-05 0.249856
0.0597577 9.9991E-05 0.026391 0.913751
0.133123 0.267313 9.9991E-05 0.599464
0.0723628 0.226675 9.9991E-05 0.700862
0.210648 0.532069 0.0706689 0.186614
0.0806715 0.188043 9.9991E-05 0.731186
0.14261 9.9991E-05 0.0192952 0.837994
0.0970973 0.130619 0.0787844 0.693499
0.0311785 0.31983 9.9991E-05 0.648892
0.291141 0.156055 0.0314363 0.521367
9.998E-05 9.998E-05 0.9997 9.998E-05
9.9982E-05 0.367702 9.9982E-05 0.632098
0.383879 0.182585 9.9991E-05 0.433436
0.231701 0.175728 9.9991E-05 0.592471
0.0520031 0.0982134 9.9991E-05 0.849683
0.0251621 0.141026 0.0146259 0.819186
0.157445 0.0567023 0.0907491 0.695103
9.9991E-05 0.288028 0.693872 0.0179996
0.0511616 0.262131 9.9991E-05 0.686607
0.0561658 0.310935 9.9991E-05 0.632799
0.340694 0.0433878 9.9991E-05 0.615819
0.192615 0.0912798 9.9991E-05 0.716005
0.109982 0.143424 0.00326477 0.743329
9.9982E-05 0.260645 9.9982E-05 0.739155
0.113806 0.237413 9.9991E-05 0.648681
0.251664 0.0706515 0.0220361 0.655648
0.0261649 0.490575 9.9991E-05 0.48316
0.248111 0.109231 9.9991E-05 0.642559
0.0613183 0.247662 9.9991E-05 0.69092
0.374175 0.0864569 9.9991E-05 0.539268
0.475574 0.0186529 9.9991E-05 0.505674
0.144427 9.9991E-05 0.0447967 0.810676
0.252481 0.115713 9.9991E-05 0.631706
0.301587 0.197294 0.0218338 0.479285
0.23545 0.062915 9.9991E-05 0.701535
0.141407 9.9991E-05 0.0707111 0.787781
0.206711 0.0498014 0.0341857 0.709302
0.222751 0.146473 0.0106974 0.620078
0.387121 0.195186 0.0021642 0.415529
0.146572 9.9982E-05 9.9982E-05 0.853228
0.390916 0.169674 9.9991E-05 0.43931
0.349192 9.9991E-05 0.0066257 0.644082
0.0353897 9.9982E-05 0.96441 9.9982E-05
0.282344 0.268129 0.348802 0.100725
0.33334 0.282709 0.248983 0.134967
0.0996428 0.305618 0.594639 9.9991E-05
0.363334 0.459794 9.9991E-05 0.176771
0.447248 0.437787 9.9991E-05 0.114865
0.251785 0.647624 0.0558562 0.0447356
9.9982E-05 0.297711 9.9982E-05 0.702089
0.335348 0.0511792 0.0430653 0.570407
9.9982E-05 0.226394 9.9982E-05 0.773406
0.407335 0.285013 9.9991E-05 0.307552
0.264117 9.9991E-05 0.12397 0.611813
0.292823 0.191426 9.9991E-05 0.51565
0.222015 0.277573 0.00670703 0.493706
0.328515 9.9991E-05 0.0281973 0.643188
0.355061 9.9991E-05 0.0142965 0.630542
9.9991E-05 0.221363 0.0462827 0.732255
0.129615 0.33399 9.9991E-05 0.536294
0.329498 0.451783 9.9991E-05 0.218618
9.9991E-05 0.238723 0.0853004 0.675877
0.0629388 0.135362 9.9991E-05 0.801599
9.9982E-05 0.45335 9.9982E-05 0.54645
0.0231169 9.9991E-05 0.863734 0.113049
0.46123 0.368727 0.169943 9.9991E-05
0.222237 0.0450697 9.9991E-05 0.732594
0.13067 0.138616 9.9991E-05 0.730615
0.455598 0.249117 0.207073 0.0882125
0.245672 0.0452343 9.9991E-05 0.708993
0.137508 9.9991E-05 0.0611144 0.801278
0.398578 0.601222 9.9982E-05 9.9982E-05
0.19191 9.9982E-05 9.9982E-05 0.80789
0.0690943 0.0123285 0.0661633 0.852414
0.175012 0.209917 9.9991E-05 0.614971
0.0925973 0.165694 9.9991E-05 0.741609
0.192936 0.111796 0.10573 0.589538
0.182348 0.0116687 9.9991E-05 0.805883
0.113447 0.423967 0.29018 0.172407
0.396441 9.9982E-05 9.9982E-05 0.603359
0.439725 9.9991E-05 0.00999089 0.550185
9.9982E-05 0.16611 9.9982E-05 0.83369
0.168277 0.428656 0.187842 0.215225
0.286218 0.440649 9.9991E-05 0.273033
0.249516 0.531826 0.00575582 0.212902
0.173363 0.00731512 9.9991E-05 0.819222
0.378178 0.416538 0.0139323 0.191352
0.259174 9.9982E-05 9.9982E-05 0.740626
0.401827 0.114978 9.9991E-05 0.483094
0.0754199 0.25281 9.9991E-05 0.67167
0.229669 0.046998 0.0820756 0.641257
0.08179 0.558016 0.226319 0.133875
0.178447 0.119023 9.9991E-05 0.70243
0.0886923 0.0493808 0.861827 9.9991E-05
0.180712 0.255642 0.00183923 0.561807
0.208225 9.9982E-05 9.9982E-05 0.791575
9.998E-05 9.998E-05 0.9997 9.998E-05
0.00688829 9.9991E-05 0.86725 0.125762
0.203745 0.318306 9.9991E-05 0.477849
0.271417 0.319442 0.0110769 0.398063
0.144598 0.236328 0.00403461 0.61504
0.176664 0.0883459 0.0141849 0.720805
0.379146 9.9991E-05 0.000217061 0.620537
0.0907493 9.9982E-05 9.9982E-05 0.909051
0.176219 0.359329 9.9991E-05 0.464352
0.328717 0.141914 0.351742 0.177628
0.298361 0.114064 9.9991E-05 0.587475
0.120904 9.9991E-05 0.0417127 0.837284
0.146595 0.415667 9.9991E-05 0.437638
0.189523 0.233184 9.9991E-05 0.577193
0.323961 0.21441 0.0944912 0.367137
0.113613 0.150755 9.9991E-05 0.735531
0.263135 0.200215 0.0030098 0.53364
0.238598 0.182625 0.033081 0.545696
0.202559 0.272156 0.0602064 0.465079
0.246062 0.4674 0.226705 0.0598325
0.293676 0.0986965 0.0176431 0.589984
0.0567029 0.33198 9.9991E-05 0.611217
9.9982E-05 0.36973 9.9982E-05 0.63007
0.507595 9.9982E-05 9.9982E-05 0.492205
0.38075 0.0315943 0.0166298 0.571026
0.428535 9.9982E-05 9.9982E-05 0.571265
9.9982E-05 0.437049 9.9982E-05 0.562752
0.139627 0.0322974 9.9991E-05 0.827976
0.300114 0.0788528 9.9991E-05 0.620933
0.110928 0.238565 0.00728211 0.643225
0.457673 0.385997 0.0114846 0.144846
0.343958 9.9991E-05 0.0658639 0.590078
0.234891 0.161222 0.0263019 0.577585
0.633425 0.271995 9.9991E-05 0.0944793
0.254758 0.0526502 9.9991E-05 0.692492
0.292445 0.165039 0.0139602 0.528556
0.242646 0.116459 9.9991E-05 0.640795
0.162858 0.254126 9.9991E-05 0.582916
0.195035 0.195588 9.9991E-05 0.609276
0.655648 0.273343 9.9991E-05 0.0709092
9.9982E-05 0.224032 9.9982E-05 0.775768
0.244623 0.598388 9.9991E-05 0.156889
