0.568336 0.322227 0.106275 0.00316222
0.619557 0.343081 9.9991E-05 0.0372616
0.415864 0.524536 9.9991E-05 0.0594996
0.617312 0.230429 0.0212191 0.13104
0.646674 0.287505 0.0134647 0.0523562
9.9982E-05 0.21915 9.9982E-05 0.78065
0.632481 0.247379 0.12004 9.9991E-05
9.999E-05 0.064068 0.0342535 0.901579
0.480449 0.440045 0.0704745 0.00903187
0.558267 0.439711 0.00192275 9.9991E-05
0.553613 0.413692 0.0137899 0.0189049
0.42584 0.332831 9.9991E-05 0.241229
0.83078 0.161854 0.00726546 9.9991E-05
0.458582 0.49914 9.9991E-05 0.0421782
0.0683534 0.248769 9.9991E-05 0.682777
0.476159 0.488643 0.00895842 0.0262393
0.376559 0.424925 9.9991E-05 0.198416
0.786197 0.0106583 0.203045 9.9991E-05
0.61544 0.242846 0.0975668 0.044147
0.509013 0.490787 9.9982E-05 9.9982E-05
0.915268 9.9982E-05 0.0845317 9.9982E-05
0.500401 0.271211 0.0846971 0.143692
0.588331 0.411469 9.9982E-05 9.9982E-05
9.9982E-05 0.418923 9.9982E-05 0.580877
0.620927 0.246337 0.132636 9.9991E-05
0.28806 0.0671117 9.9991E-05 0.644729
0.106927 0.314589 0.0758429 0.502641
0.601298 9.9982E-05 9.9982E-05 0.398502
9.9982E-05 0.327148 9.9982E-05 0.672652
0.621363 0.252191 9.9991E-05 0.126345
0.393404 0.0943313 0.0312403 0.481025
0.619249 0.25714 0.101162 0.0224487
0.200359 0.622159 9.9991E-05 0.177382
0.0968708 9.9982E-05 9.9982E-05 0.902929
9.9982E-05 9.9982E-05 0.0709559 0.928844
0.595427 0.197595 0.0719595 0.135019
0.702453 0.153554 9.9991E-05 0.143893
0.576529 0.286599 0.136772 9.9991E-05
0.112782 0.128985 9.9991E-05 0.758132
0.186305 0.281916 0.110915 0.420863
0.192167 0.468355 0.0584007 0.281077
0.462945 0.536855 9.9982E-05 9.9982E-05
0.596465 0.242748 0.00544652 0.155341
0.171848 0.0841492 0.115713 0.628291
0.40154 0.517297 0.0810626 9.9991E-05
0.497398 0.375884 0.126618 9.9991E-05
0.458161 0.452537 0.0764994 0.0128028
0.340596 0.641221 9.9991E-05 0.0180829
0.450713 0.415454 0.093577 0.0402556
0.0369711 0.473564 9.9991E-05 0.489365
0.453262 0.411266 0.135372 9.9991E-05
0.0458214 0.529157 0.0636481 0.361373
0.422944 0.478923 0.0980324 9.9991E-05
9.9982E-05 0.0795192 9.9982E-05 0.920281
0.217936 0.404235 9.9991E-05 0.37773
0.76778 0.166605 0.0655147 9.9991E-05
0.6244 0.3754 9.9982E-05 9.9982E-05
0.502619 0.202217 0.0597724 0.235392
0.22654 0.480779 0.00890199 0.283779
0.584152 0.0189957 9.9991E-05 0.396752
9.9991E-05 0.0477715 0.136709 0.815419
9.9982E-05 0.163886 9.9982E-05 0.835915
0.580245 0.35464 0.039945 0.0251691
9.998E-05 9.998E-05 9.998E-05 0.9997
0.470912 0.476831 0.0441063 0.00815021
0.0714729 0.0648376 0.000203953 0.863485
0.821135 0.142085 0.0366801 9.9991E-05
0.358119 0.461275 9.9991E-05 0.180506
0.603824 0.359746 0.0363293 9.9991E-05
9.9982E-05 0.305883 9.9982E-05 0.693917
0.507127 0.348572 0.144202 9.9991E-05
0.701864 0.234461 0.055322 0.00835299
0.415296 0.195003 0.0795034 0.310198
0.42366 0.521331 0.0549091 9.9991E-05
0.569329 0.26321 0.100808 0.0666535
0.440715 0.121283 9.9991E-05 0.437901
0.61819 0.265058 9.9991E-05 0.116651
0.235808 0.612329 0.0243636 0.127499
0.361774 0.529386 9.9991E-05 0.10874
0.574767 0.300501 0.124632 9.9991E-05
0.553002 0.435573 0.0113246 9.9991E-05
0.509596 0.424304 0.0601046 0.00599628
0.572977 0.372492 9.9991E-05 0.0544311
0.656792 0.343008 9.9982E-05 9.9982E-05
0.555324 0.444476 9.9982E-05 9.9982E-05
0.391329 0.366054 0.0968807 0.145737
0.326489 0.337239 9.9991E-05 0.336172
0.207571 0.596238 9.9991E-05 0.196091
0.0204376 0.107261 9.9991E-05 0.872202
0.3791 0.311033 0.0644177 0.245449
0.356929 0.529371 0.0906026 0.0230967
0.207292 0.212791 9.9991E-05 0.579817
0.633462 0.36475 9.9991E-05 0.00168767
0.498577 0.193875 9.9991E-05 0.307448
0.143952 0.339044 9.9991E-05 0.516904
9.9982E-05 0.123876 9.9982E-05 0.875924
0.635592 0.184567 0.068664 0.111177
0.203495 0.785302 9.9991E-05 0.011103
0.51416 0.427509 0.0146695 0.0436615
0.611947 0.10691 9.9991E-05 0.281043
0.198719 0.301711 9.9991E-05 0.49947
0.764173 0.155075 9.9991E-05 0.0806522
0.516956 0.35134 0.131604 9.9991E-05
0.635656 0.31757 0.0466739 9.9991E-05
0.679392 0.286406 0.0341015 9.9991E-05
9.9982E-05 0.185285 9.9982E-05 0.814515
0.123115 0.330344 0.0903159 0.456225
0.602687 0.397114 9.9982E-05 9.9982E-05
0.734192 0.196019 0.000489419 0.0692992
0.696451 0.303349 9.9982E-05 9.9982E-05
0.0881784 0.465639 9.9991E-05 0.446082
9.9982E-05 0.0338251 9.9982E-05 0.965975
0.192979 0.402684 9.9991E-05 0.404237
0.591541 0.335578 0.0727816 9.9991E-05
0.714296 0.204831 9.9991E-05 0.0807726
0.763887 0.0833284 0.152685 9.9991E-05
0.798336 0.201464 9.9982E-05 9.9982E-05
9.9982E-05 0.0174454 9.9982E-05 0.982355
0.720399 0.17235 0.0552472 0.0520031
0.565918 0.433882 9.9982E-05 9.9982E-05
0.668568 0.185021 0.0521965 0.0942141
0.136825 0.226168 9.9991E-05 0.636907
0.595858 0.403942 9.9982E-05 9.9982E-05
0.501737 0.370657 0.0930704 0.0345347
0.708181 0.213829 0.0778896 9.9991E-05
0.620782 0.300301 9.9991E-05 0.0788173
0.31524 9.9982E-05 9.9982E-05 0.68456
9.9982E-05 0.0822081 9.9982E-05 0.917592
0.339761 0.616456 0.0436831 9.9991E-05
0.520704 0.354412 0.124784 9.9991E-05
0.716085 0.202123 0.0471798 0.0346128
0.359255 0.476927 0.163717 9.9991E-05
0.197834 0.435451 9.9991E-05 0.366615
0.343035 0.343702 0.307586 0.00567683
0.529694 0.175942 0.0510206 0.243344
9.998E-05 0.9997 9.998E-05 9.998E-05
0.162521 0.196332 0.0530648 0.588082
0.365697 0.309393 0.0203418 0.304568
9.998E-05 0.9997 9.998E-05 9.998E-05
0.188977 0.228557 9.9991E-05 0.582367
0.495453 0.328238 9.9991E-05 0.17621
0.243902 0.192383 0.138458 0.425257
0.361674 0.353922 0.0220473 0.262356
0.259135 0.531254 0.0315093 0.178102
9.9982E-05 0.162471 9.9982E-05 0.837329
0.573706 0.107077 0.0603115 0.258905
0.291364 0.469342 9.9991E-05 0.239195
0.641652 0.356985 0.00126236 9.9991E-05
0.955915 0.0106486 0.0333368 9.9991E-05
0.341492 0.443019 0.21539 9.9991E-05
0.508658 0.412559 0.0336563 0.0451268
0.472361 0.108659 0.0557424 0.363238
0.115898 0.121813 9.9991E-05 0.762189
0.0704245 0.392396 0.121253 0.415926
0.276731 0.616027 0.107142 9.9991E-05
0.332457 0.578585 0.0888573 9.9991E-05
9.9982E-05 0.103408 9.9982E-05 0.896392
0.56445 0.315 0.12045 9.9991E-05
0.515976 0.375389 0.108535 9.9991E-05
0.440621 0.334743 9.9991E-05 0.224535
0.287618 0.676461 0.0358208 9.9991E-05
0.336316 0.420724 0.0754047 0.167556
0.345766 0.64573 9.9991E-05 0.0084042
0.566994 0.297132 0.106786 0.0290885
0.663169 0.316177 0.0205544 9.9991E-05
0.72169 0.139832 0.138379 9.9991E-05
0.165113 0.547541 0.130016 0.157329
9.9982E-05 0.478697 9.9982E-05 0.521103
0.186919 0.583973 9.9991E-05 0.229009
0.240108 0.604624 0.115622 0.0396459
0.270363 0.55401 0.098735 0.0768917
0.491685 0.42149 9.9991E-05 0.0867245
9.998E-05 9.998E-05 9.998E-05 0.9997
0.327573 0.604451 0.00762169 0.0603548
0.123481 0.588073 9.9991E-05 0.288346
0.360617 0.523861 0.114487 0.00103491
0.340634 0.439707 9.9991E-05 0.219559
0.169265 0.230905 9.9991E-05 0.599729
0.432567 0.108481 0.00273197 0.456219
0.446288 0.00275393 9.9991E-05 0.550858
0.58538 0.41442 9.9982E-05 9.9982E-05
9.9982E-05 0.189884 9.9982E-05 0.809916
0.398835 0.21196 9.9991E-05 0.389105
0.506683 0.359753 0.133464 9.9991E-05
9.998E-05 9.998E-05 9.998E-05 0.9997
9.9982E-05 0.529109 9.9982E-05 0.470691
0.403191 0.538965 9.9991E-05 0.0577434
0.209758 0.345019 0.00181837 0.443404
0.457395 0.359535 9.9991E-05 0.18297
0.631082 0.231717 0.137101 9.9991E-05
0.345195 0.324594 0.0245037 0.305707
0.721328 0.278472 9.9982E-05 9.9982E-05
0.602283 0.397517 9.9982E-05 9.9982E-05
0.408379 0.446012 0.145509 9.9991E-05
0.0839288 0.580643 0.0922841 0.243144
0.536313 0.235271 9.9991E-05 0.228316
0.584417 0.211443 0.20404 9.9991E-05
0.502255 0.340879 9.9991E-05 0.156766
0.340141 0.425995 0.233765 9.9991E-05
0.366035 0.503157 0.130708 9.9991E-05
0.305408 0.367498 9.9991E-05 0.326994
0.6261 0.3737 9.9982E-05 9.9982E-05
0.419197 0.539295 0.0414081 9.9991E-05
0.341752 0.40227 0.255878 9.9991E-05
0.412763 0.168925 0.418212 9.9991E-05
0.202924 0.411628 0.0797837 0.305665
0.61002 0.178639 0.193521 0.0178202
0.22926 0.609267 9.9991E-05 0.161373
0.553037 0.372484 0.049955 0.0245239
0.740706 0.0615342 0.19766 9.9991E-05
0.497421 0.315765 0.186714 9.9991E-05
0.33363 0.323169 0.0306776 0.312523
0.318131 0.248236 9.9991E-05 0.433533
0.810284 0.189516 9.9982E-05 9.9982E-05
0.591903 0.289758 0.118239 9.9991E-05
0.664006 0.294529 0.0413654 9.9991E-05
0.471342 0.468547 0.0600113 9.9991E-05
0.126567 0.555448 9.9991E-05 0.317885
0.41483 0.388973 9.9991E-05 0.196097
0.437706 0.497837 0.0643563 9.9991E-05
0.208184 0.188666 0.0324802 0.57067
0.542195 0.24765 9.9991E-05 0.210055
0.166798 0.549677 0.158243 0.125281
9.9982E-05 0.20453 9.9982E-05 0.79527
0.270051 0.648091 0.081758 9.9991E-05
0.439218 0.429744 0.0529801 0.0780582
0.678011 0.272179 9.9991E-05 0.0497096
0.674627 0.229533 0.09574 9.9991E-05
0.23898 0.621406 0.139515 9.9991E-05
0.380849 0.590442 0.0286088 9.9991E-05
0.697425 0.233341 0.0691339 9.9991E-05
0.832443 0.167357 9.9982E-05 9.9982E-05
0.373454 0.426669 9.9991E-05 0.199777
0.668696 0.291886 0.0393179 9.9991E-05
0.541648 0.458152 9.9982E-05 9.9982E-05
9.9982E-05 0.946269 9.9982E-05 0.0535315
0.703848 0.295952 9.9982E-05 9.9982E-05
0.596445 0.403355 9.9982E-05 9.9982E-05
0.552156 0.0386911 9.9991E-05 0.409053
0.357135 0.343669 9.9991E-05 0.299096
0.515575 0.43697 9.9991E-05 0.0473547
0.416334 9.9982E-05 9.9982E-05 0.583466
0.428859 0.529532 0.0415089 9.9991E-05
0.33229 0.377576 9.9991E-05 0.290034
0.757618 0.0409575 0.162663 0.0387621
9.9982E-05 0.864903 9.9982E-05 0.134897
0.211462 0.353032 0.144057 0.291448
0.271497 0.230486 9.9991E-05 0.497918
0.504894 0.470225 0.00517986 0.019701
0.75513 0.24467 9.9982E-05 9.9982E-05
0.321679 0.355189 9.9991E-05 0.323031
0.661358 0.11988 0.143326 0.0754368
0.654371 0.265316 0.0802137 9.9991E-05
0.0387828 0.028754 9.9991E-05 0.932363
0.518469 0.451921 0.0295093 9.9991E-05
0.662438 0.337362 9.9982E-05 9.9982E-05
0.750811 0.246948 9.9991E-05 0.00214104
0.477239 0.51848 9.9991E-05 0.004181
0.649984 0.33073 9.9991E-05 0.0191856
0.62079 0.37901 9.9982E-05 9.9982E-05
0.607794 0.363682 9.9991E-05 0.0284244
0.479109 0.383673 9.9991E-05 0.137118
0.168964 0.246673 0.047931 0.536432
0.700409 0.270967 9.9991E-05 0.0285236
0.867064 0.0864015 0.046435 9.9991E-05
0.361796 0.419182 0.0797863 0.139235
0.353342 0.248957 9.9991E-05 0.3976
0.638952 0.189232 0.171716 9.9991E-05
0.309714 0.508535 9.9991E-05 0.181651
0.788249 0.104991 0.0497473 0.0570131
0.292768 0.413714 9.9991E-05 0.293419
0.311336 0.384284 0.170497 0.133883
0.168786 0.366122 9.9991E-05 0.464992
0.746345 9.9982E-05 9.9982E-05 0.253455
0.274529 0.534461 0.190282 0.000727981
0.594172 0.123862 0.0316847 0.250282
0.619989 0.379811 9.9982E-05 9.9982E-05
0.636805 0.332361 9.9991E-05 0.0307346
0.299354 0.700446 9.9982E-05 9.9982E-05
0.188451 0.536638 9.9991E-05 0.274811
0.27796 0.72184 9.9982E-05 9.9982E-05
0.514371 0.33116 0.154369 9.9991E-05
0.770047 0.229753 9.9982E-05 9.9982E-05
0.229759 0.0778925 0.137069 0.555279
0.0185336 9.9991E-05 0.0597917 0.921575
0.403747 0.400635 0.107439 0.0881785
0.617833 0.084545 0.163858 0.133764
0.168454 0.626038 0.154923 0.0505845
0.312823 0.527225 0.017784 0.142168
0.354 0.363032 0.0366669 0.246301
0.787755 0.0240445 9.9991E-05 0.188101
0.46599 0.385745 0.148165 9.9991E-05
0.5592 0.374685 0.0660146 9.9991E-05
0.553283 0.403655 0.0429619 9.9991E-05
0.703388 0.15189 0.144621 9.9991E-05
0.763547 0.236253 9.9982E-05 9.9982E-05
0.630446 0.369354 9.9982E-05 9.9982E-05
0.365569 0.589488 0.0448432 9.9991E-05
0.410406 0.434922 0.154572 9.9991E-05
0.671211 0.269457 9.9991E-05 0.0592321
0.38304 0.433823 0.18301 0.000126899
0.451497 0.514144 9.9991E-05 0.0342591
0.624114 0.139909 0.110597 0.12538
0.304206 9.9991E-05 0.0808671 0.614827
0.333956 0.194048 9.9991E-05 0.471895
0.189874 9.9991E-05 0.00388706 0.806139
0.614906 0.379655 0.00533921 9.9991E-05
0.180755 9.9982E-05 9.9982E-05 0.819045
0.0471682 0.151615 0.0267022 0.774515
0.586762 0.253626 0.135151 0.024462
0.445339 0.373478 0.181083 9.9991E-05
0.50133 0.369573 0.128996 9.9991E-05
0.0843188 0.213776 9.9991E-05 0.701805
0.708799 0.291001 9.9982E-05 9.9982E-05
0.128892 0.446941 9.9991E-05 0.424068
0.576635 0.423165 9.9982E-05 9.9982E-05
0.041907 0.104036 9.9991E-05 0.853957
0.340864 0.525398 0.0291663 0.104571
0.721074 0.231856 9.9991E-05 0.0469693
0.825333 0.174467 9.9982E-05 9.9982E-05
0.507112 0.484537 0.00825069 9.9991E-05
0.220688 9.9982E-05 9.9982E-05 0.779112
0.375685 0.39151 0.0212674 0.211538
0.0307036 0.608165 0.051811 0.30932
0.550621 0.369701 0.0795779 9.9991E-05
0.0219647 0.203329 0.056012 0.718694
0.335183 0.260073 0.29538 0.109364
0.180734 0.469117 0.012673 0.337476
0.609336 0.249822 0.084118 0.0567235
0.207394 0.544615 0.068706 0.179285
0.294578 0.00911705 0.0858273 0.610478
0.619891 0.171054 0.208954 9.9991E-05
0.566572 0.339659 0.0742767 0.0194925
0.527683 0.298939 0.173278 9.9991E-05
0.589808 0.178805 0.224619 0.00676703
0.0920694 0.448277 0.0277486 0.431905
0.401401 0.39214 0.206221 0.000238199
0.765741 0.234059 9.9982E-05 9.9982E-05
0.673534 0.306196 0.0112588 0.00901155
0.0623366 0.50647 9.9991E-05 0.431094
0.327723 0.471997 9.9991E-05 0.200181
0.740389 0.199235 0.0533913 0.00698541
0.0481987 0.629539 0.1641 0.158162
0.4079 0.25916 0.0998246 0.233116
0.433798 0.478009 0.0880933 9.9991E-05
0.161054 0.472811 0.0549987 0.311137
0.152617 0.809264 9.9991E-05 0.0380192
0.298901 0.259876 0.00018964 0.441034
0.71659 0.217427 0.0658822 9.9991E-05
0.721032 0.278768 9.9982E-05 9.9982E-05
0.522312 0.477489 9.99825E-05 9.99825E-05
0.738049 0.26133 0.000521304 9.9991E-05
0.535641 0.331976 0.132283 9.9991E-05
0.627789 0.258091 0.11402 9.9991E-05
0.372221 0.312729 9.9991E-05 0.31495
0.210508 0.789292 9.9982E-05 9.9982E-05
0.770048 0.229752 9.9982E-05 9.9982E-05
0.758598 0.144491 9.9991E-05 0.0968112
0.37981 0.522184 0.00750065 0.0905047
0.0498941 0.508148 0.143301 0.298657
0.439325 0.423719 0.136856 9.9991E-05
0.53213 0.370998 0.0967728 9.9991E-05
0.166496 0.0251997 9.9991E-05 0.808204
0.284895 0.0177355 9.9991E-05 0.697269
0.497778 0.493641 0.00848118 9.9991E-05
0.390318 0.0622876 0.545072 0.00232266
0.0546527 0.106781 0.773101 0.065465
0.257416 0.0623537 0.648178 0.0320522
0.580107 0.225694 0.194099 9.9991E-05
0.192689 9.9982E-05 0.807111 9.9982E-05
0.277621 9.9991E-05 0.715949 0.00633002
0.0104539 0.371746 0.611159 0.00664025
0.212345 9.9991E-05 0.745372 0.0421835
0.163676 0.079516 0.712773 0.0440353
0.35654 0.16348 0.47988 9.9991E-05
0.230779 0.351507 0.417613 9.9991E-05
0.0762135 0.114187 0.753156 0.056443
0.498261 0.17935 0.322289 9.9991E-05
0.292098 0.108731 0.599071 9.9991E-05
0.308392 9.9982E-05 0.691408 9.9982E-05
0.0485345 0.0839134 0.758554 0.108998
0.269038 0.231284 0.499578 9.9991E-05
0.22729 0.253252 0.488277 0.0311808
0.0114378 0.0630681 0.121207 0.804287
0.335321 0.142936 0.481622 0.040121
0.257796 0.141455 0.577465 0.023284
0.479047 0.201889 0.19892 0.120144
0.0974929 9.9982E-05 0.902307 9.9982E-05
9.9982E-05 0.296777 0.703023 9.9982E-05
0.148509 0.710795 0.140596 9.9991E-05
0.230766 0.0559228 0.69858 0.014731
0.229027 0.197052 0.573821 9.9991E-05
0.340385 0.0268124 0.624771 0.00803103
0.101911 9.9991E-05 0.850333 0.0476559
9.9991E-05 0.131529 0.816024 0.0523471
9.9982E-05 0.120831 0.878969 9.9982E-05
0.062872 9.9991E-05 0.816133 0.120895
0.240071 9.9991E-05 0.70376 0.0560692
0.128698 0.17096 0.700242 9.9991E-05
9.9991E-05 0.217704 0.695874 0.0863219
0.130318 0.182954 0.686629 9.9991E-05
0.0154719 0.22952 0.676302 0.0787061
0.557542 0.287116 0.155242 9.9991E-05
0.173979 9.9991E-05 0.789293 0.0366284
0.278827 0.0681406 0.634328 0.018705
0.184836 0.2654 0.54195 0.00781463
0.118972 0.278196 0.602732 9.9991E-05
0.143272 9.9982E-05 0.856528 9.9982E-05
0.441917 0.365183 0.1928 9.9991E-05
0.23209 9.9991E-05 0.738896 0.0289137
0.281347 0.419052 9.9991E-05 0.299501
0.478712 0.297469 0.223718 9.9991E-05
0.402889 0.458329 0.138681 9.9991E-05
0.196798 0.083548 0.692279 0.0273749
0.323378 0.0564009 0.620121 9.9991E-05
0.158335 9.9991E-05 0.82053 0.0210349
0.189199 0.179734 0.630967 9.9991E-05
0.168911 0.202935 0.584196 0.0439583
0.302197 9.9991E-05 0.647106 0.0505974
0.27169 0.146736 0.581474 9.9991E-05
9.9982E-05 0.0881641 0.911636 9.9982E-05
0.373665 0.0447671 0.581468 9.9991E-05
0.321303 0.19118 0.443816 0.0437016
0.12988 9.9982E-05 0.86992 9.9982E-05
0.190443 9.9991E-05 0.784239 0.0252175
0.140451 0.0117731 0.799728 0.0480485
9.9982E-05 0.190835 0.808965 9.9982E-05
0.422353 0.418037 0.15951 9.9991E-05
9.9982E-05 0.243155 0.756646 9.9982E-05
0.268304 0.401108 0.146443 0.184145
0.233272 0.139446 0.60173 0.025553
9.9991E-05 0.345332 0.60022 0.054348
0.422911 0.285538 0.15103 0.140521
0.31575 9.9991E-05 0.631999 0.0521509
0.11687 0.24755 0.63548 9.9991E-05
0.129094 9.9982E-05 0.870706 9.9982E-05
0.0742673 0.221955 0.703678 9.9991E-05
0.268778 0.17717 0.547393 0.00665919
0.116671 0.156459 0.72677 9.9991E-05
0.223155 0.00879916 0.731278 0.0367675
0.240091 0.156347 0.586894 0.0166678
0.291591 0.399653 0.308656 9.9991E-05
0.0373746 0.341598 0.620928 9.9991E-05
0.283938 0.0924253 0.564634 0.0590031
9.9991E-05 0.00173973 0.085845 0.912315
0.37224 0.0348049 0.586274 0.00668083
0.41279 0.402183 0.070301 0.114727
9.9982E-05 0.23011 0.76969 9.9982E-05
0.129273 0.336696 0.49072 0.0433115
0.501191 0.166338 0.332371 9.9991E-05
0.717258 9.9982E-05 0.282542 9.9982E-05
0.263138 0.128274 0.608487 9.9991E-05
0.213517 0.0794858 0.706897 9.9991E-05
0.0769886 0.231398 0.691513 9.9991E-05
0.285151 9.9991E-05 0.688817 0.0259317
0.491626 0.304535 0.176872 0.0269671
0.174238 0.147496 0.678167 9.9991E-05
0.0529479 0.275454 0.671498 9.9991E-05
0.136936 0.191132 0.671832 9.9991E-05
0.503299 0.460931 0.0356696 9.9991E-05
9.9982E-05 0.249694 0.750106 9.9982E-05
9.9982E-05 0.347674 0.652126 9.9982E-05
0.3357 0.0607352 0.603465 9.9991E-05
0.309921 0.0398755 0.650104 9.9991E-05
0.438332 0.561468 9.9982E-05 9.9982E-05
0.0820274 9.9982E-05 9.9982E-05 0.917773
0.12312 0.161318 0.715462 9.9991E-05
0.508803 9.9982E-05 0.490997 9.9982E-05
0.180439 0.305053 0.514408 9.9991E-05
0.084098 0.224345 0.677612 0.013945
0.141725 9.9991E-05 0.836049 0.0221263
0.277818 9.9982E-05 0.721982 9.9982E-05
0.0594296 9.9991E-05 0.930528 0.00994284
0.114995 9.9991E-05 0.790332 0.094573
0.0677671 0.0947103 0.797663 0.0398599
0.438524 0.09213 0.469246 9.9991E-05
0.467225 0.501065 0.03161 9.9991E-05
0.0661541 0.13651 0.797236 9.9991E-05
0.229236 0.0598255 0.710839 9.9991E-05
0.85332 0.0615406 0.0850392 9.9991E-05
9.9982E-05 0.259404 0.740396 9.9982E-05
0.452495 0.547305 9.9982E-05 9.9982E-05
0.206264 0.0956679 0.656445 0.041624
0.188541 0.0506163 0.760742 9.9991E-05
0.433182 0.396551 0.170168 9.9991E-05
9.9982E-05 0.36378 0.63602 9.9982E-05
0.162786 0.479473 0.357641 9.9991E-05
0.430433 9.9991E-05 0.549236 0.0202308
0.342801 9.9982E-05 9.9982E-05 0.656999
0.239584 0.0514774 0.706841 0.00209718
0.218333 9.9991E-05 0.768206 0.0133605
9.9982E-05 0.267734 0.732066 9.9982E-05
0.204224 0.111362 0.625625 0.0587884
0.26585 9.9991E-05 0.713766 0.0202842
0.112408 0.0704887 0.817003 9.9991E-05
0.160033 0.307889 0.531978 9.9991E-05
0.702736 0.297064 9.9982E-05 9.9982E-05
0.200992 0.154526 0.593634 0.0508472
0.0767146 0.140286 0.782899 9.9991E-05
9.9982E-05 9.9982E-05 0.982954 0.0168458
9.9982E-05 0.333414 0.666386 9.9982E-05
0.344346 0.0408404 0.614714 9.9991E-05
0.420575 0.0492598 0.498581 0.0315836
0.568264 0.0420787 0.374525 0.0151324
0.0683977 0.406042 0.512247 0.0133138
0.166974 0.169139 0.663787 9.9991E-05
9.9982E-05 0.369509 0.630291 9.9982E-05
0.69856 0.256926 9.9991E-05 0.044414
0.497181 0.086904 0.400908 0.0150076
9.9982E-05 0.250886 0.748914 9.9982E-05
9.9982E-05 0.228653 0.771147 9.9982E-05
0.25247 0.135041 0.612389 9.9991E-05
0.0358104 0.156358 0.807732 9.9991E-05
0.0617336 0.326247 0.603885 0.00813432
0.734951 0.204646 0.037081 0.0233217
0.432038 0.333084 0.18893 0.0459476
0.244089 0.172548 0.583264 9.9991E-05
0.215952 0.0771414 0.706807 9.9991E-05
0.369447 0.0247891 0.605664 9.9991E-05
0.443543 0.0475804 0.505307 0.00356974
0.183818 9.9991E-05 0.787077 0.0290045
9.9991E-05 0.192486 0.76496 0.0424544
9.9991E-05 0.68335 0.120193 0.196358
0.413674 9.9991E-05 0.505947 0.0802795
0.209386 0.160236 0.630278 9.9991E-05
0.117022 0.410625 0.168527 0.303825
0.333417 0.339138 0.0655019 0.261944
0.0864672 0.082021 0.831412 9.9991E-05
0.259542 0.16764 0.485113 0.0877043
0.215705 9.9982E-05 0.784095 9.9982E-05
0.569197 0.268035 0.162668 9.9991E-05
0.348856 0.0845955 0.566448 9.9991E-05
0.264389 9.9982E-05 0.735411 9.9982E-05
0.103125 0.489969 0.129936 0.27697
0.113132 0.164972 0.715649 0.00624647
0.24337 0.0016664 0.73148 0.0234839
0.265117 0.0409772 0.693806 9.9991E-05
0.204997 0.118341 0.658751 0.0179114
0.0906206 0.130745 0.778535 9.9991E-05
0.0691273 0.203308 0.727465 9.9991E-05
0.0818333 0.00911409 0.816607 0.0924459
0.506776 9.9982E-05 0.493024 9.9982E-05
0.0510617 0.147666 0.801172 9.9991E-05
0.117928 0.243029 0.638942 9.9991E-05
9.9991E-05 0.218208 0.0728125 0.70888
9.9982E-05 0.22316 0.77664 9.9982E-05
0.161583 9.9991E-05 0.80518 0.0331374
0.26974 0.476374 0.253786 9.9991E-05
9.9982E-05 0.0626023 0.937198 9.9982E-05
0.187205 0.141633 0.671062 9.9991E-05
0.016329 0.271345 0.712226 9.9991E-05
0.138528 0.564169 0.229724 0.0675792
0.187939 0.100699 0.711262 9.9991E-05
0.0645047 0.0928053 0.837356 0.00533408
0.0104904 0.102131 0.783215 0.104164
0.0267478 0.343704 0.629448 9.9991E-05
0.164173 0.344937 0.49079 9.9991E-05
9.9982E-05 9.9982E-05 0.018038 0.981762
0.258056 0.0486603 0.693183 9.9991E-05
0.309436 0.225727 0.464738 9.9991E-05
0.144099 0.269628 0.586173 9.9991E-05
0.0682057 0.158805 0.77289 9.9991E-05
0.10847 0.0788015 0.766738 0.0459903
0.22756 0.151361 0.5869 0.0341796
9.9991E-05 0.30503 0.0568752 0.637995
0.17781 0.105623 0.716467 9.9991E-05
0.15931 0.106414 0.687852 0.0464234
0.375115 0.065381 0.559404 9.9991E-05
0.296426 0.101714 0.60176 9.9991E-05
0.0409737 0.320846 0.638081 9.9991E-05
0.141374 0.0411255 0.808705 0.00879573
0.243946 0.154318 0.601636 9.9991E-05
0.308794 0.0348632 0.656243 9.9991E-05
0.0239714 0.380853 0.595076 9.9991E-05
0.370877 9.9991E-05 0.571077 0.0579459
0.104587 9.9991E-05 0.865777 0.0295359
0.333105 0.104126 0.562669 9.9991E-05
0.292647 0.119474 0.587779 9.9991E-05
0.168664 9.9991E-05 0.779561 0.0516747
0.323549 9.9982E-05 0.676251 9.9982E-05
0.342954 0.0534676 0.553853 0.0497259
0.0489816 0.2692 0.678355 0.00346412
0.0385265 9.9991E-05 0.84129 0.120084
0.263264 9.9991E-05 0.646072 0.0905644
0.160942 0.229583 0.609376 9.9991E-05
0.259729 0.394219 0.345951 9.9991E-05
0.181636 9.9982E-05 0.818164 9.9982E-05
0.397062 0.121233 0.481605 9.9991E-05
0.237821 0.227636 0.534442 9.9991E-05
9.9982E-05 0.0557377 9.9982E-05 0.944062
0.270958 0.33705 0.0953907 0.296602
0.111085 0.531629 0.190755 0.166531
9.9982E-05 0.496772 9.9982E-05 0.503028
0.287811 0.518759 0.19333 9.9991E-05
0.573121 0.228351 0.198428 9.9991E-05
0.156497 0.65908 0.0954068 0.0890164
0.000318893 0.254687 0.744894 9.9991E-05
0.475337 9.9991E-05 0.501001 0.0235617
0.0173543 0.0823923 0.900153 9.9991E-05
0.459378 0.181003 0.359519 9.9991E-05
0.193435 0.0149736 0.733563 0.0580281
0.259483 0.129577 0.593664 0.0172769
0.127955 0.284896 0.587049 9.9991E-05
0.348323 0.0629316 0.588646 9.9991E-05
0.310332 0.0171708 0.672397 9.9991E-05
0.049431 0.282574 0.662043 0.00595214
0.0877861 0.353746 0.558368 9.9991E-05
0.206853 0.469331 0.285586 0.03823
0.136983 0.0224936 0.72211 0.118414
0.156456 9.9991E-05 0.822283 0.0211613
0.144575 0.311858 0.518 0.025567
9.9991E-05 0.0264435 0.213551 0.759906
0.266652 0.461534 0.104044 0.16777
0.271412 9.9982E-05 0.728388 9.9982E-05
0.274626 0.0263977 0.698876 9.9991E-05
0.346099 0.391912 0.0922417 0.169747
0.187899 0.0615962 0.750405 9.9991E-05
0.102054 0.129003 0.756489 0.0124547
0.511253 0.488547 9.9982E-05 9.9982E-05
0.238435 0.0150255 0.74644 9.9991E-05
0.21351 9.9991E-05 0.75739 0.0290006
0.14307 0.280437 0.576393 9.9991E-05
0.0469767 0.224063 0.72886 9.9991E-05
0.192413 0.0890891 0.594165 0.124333
0.100746 0.104072 0.795081 9.9991E-05
0.0658469 0.46632 0.187446 0.280387
0.247944 0.0383504 0.713605 9.9991E-05
0.272338 0.117645 0.584647 0.0253706
0.0225251 0.0281436 0.93883 0.0105015
0.0706606 0.632449 0.165571 0.13132
0.278106 0.340196 0.381598 9.9991E-05
0.360216 0.43637 0.203313 9.9991E-05
0.283667 9.9982E-05 0.716133 9.9982E-05
0.468118 0.380283 0.151499 9.9991E-05
0.0813094 0.161339 0.757251 9.9991E-05
0.319906 0.172424 0.50757 9.9991E-05
0.0904597 0.232603 0.676838 9.9991E-05
0.128087 0.323801 0.548011 9.9991E-05
0.210224 0.299698 0.232696 0.257383
0.303282 0.019359 0.677259 9.9991E-05
9.9991E-05 0.181795 0.0289751 0.78913
9.9991E-05 0.409282 0.588721 0.00189677
0.197574 0.0361387 0.766187 9.9991E-05
9.998E-05 9.998E-05 9.998E-05 0.9997
9.9982E-05 9.9982E-05 0.128778 0.871022
0.0128726 0.443162 0.543865 9.9991E-05
0.292326 0.174205 0.511645 0.0218238
0.190364 0.0702816 0.739255 9.9991E-05
9.9991E-05 0.254972 0.735051 0.00987704
0.26591 0.133522 0.600468 9.9991E-05
9.9982E-05 0.0847544 0.915046 9.9982E-05
9.9991E-05 0.451027 0.528629 0.0202442
0.317802 0.221867 0.128555 0.331777
0.0588087 0.310934 0.630158 9.9991E-05
9.9991E-05 0.142436 0.825835 0.0316285
0.177284 0.369839 0.452777 9.9991E-05
0.270889 0.151972 0.577038 9.9991E-05
0.318693 0.197021 0.384376 0.0999092
0.224677 0.0224018 0.717025 0.0358967
0.278405 9.9991E-05 0.649018 0.0724777
0.195077 0.313478 0.471419 0.0200268
0.234719 0.118005 0.579456 0.06782
0.27902 0.360763 0.0720588 0.288158
0.453277 9.9991E-05 0.493474 0.0531495
0.367754 9.9982E-05 0.632046 9.9982E-05
0.234253 9.9991E-05 0.757163 0.00848363
0.417445 0.0393822 0.543073 9.9991E-05
0.314903 0.180013 0.504983 9.9991E-05
0.389948 0.0416797 0.568272 9.9991E-05
0.119446 0.246091 0.578182 0.056281
0.0884358 0.17349 0.737974 9.9991E-05
0.32727 0.150499 0.52213 9.9991E-05
0.0798859 0.146846 0.772916 0.00035253
0.238922 0.590786 0.170192 9.9991E-05
0.252735 0.0777075 0.624784 0.0447728
0.104992 0.224557 0.617266 0.0531852
0.284565 0.603251 0.112085 9.9991E-05
0.121361 0.22476 0.65378 9.9991E-05
0.256405 0.0543269 0.6541 0.0351679
0.4321 9.9982E-05 0.567701 9.9982E-05
0.106352 0.193648 0.699899 9.9991E-05
0.0561541 0.352158 0.591588 9.9991E-05
0.727203 0.182697 0.0671464 0.0229538
0.0888812 9.9982E-05 0.910919 9.9982E-05
0.413615 0.30417 0.24178 0.0404356
