9.9991E-05 0.21957 0.638068 0.142262
9.999E-05 0.479536 0.497347 0.023017
0.0283076 0.598819 0.372774 9.9991E-05
0.147037 0.167349 0.685515 9.9991E-05
0.0412684 0.173753 0.780438 0.0045403
0.814027 0.185773 9.9982E-05 9.9982E-05
9.999E-05 0.276481 0.633916 0.0895028
0.921137 0.0723902 9.9991E-05 0.00637264
0.0138777 0.360145 0.56074 0.0652379
9.9982E-05 0.410925 0.588875 9.9982E-05
0.00201449 0.244846 0.699805 0.0533348
0.23514 0.178606 0.586153 9.9991E-05
9.9991E-05 0.300197 0.67954 0.0201632
0.111142 0.361239 0.522583 0.00503561
0.697068 0.244272 0.0502448 0.00841486
9.9982E-05 0.591632 0.408168 9.9982E-05
0.130512 0.458749 0.410639 9.9991E-05
9.9982E-05 9.9982E-05 0.845017 0.154783
0.020689 0.287074 0.636493 0.0557442
9.9982E-05 0.314534 0.685266 9.9982E-05
0.0128685 0.018478 0.883995 0.084658
0.0990541 0.312202 0.552976 0.0357677
9.9982E-05 0.465783 0.534017 9.9982E-05
0.550268 0.449532 9.9982E-05 9.9982E-05
9.9991E-05 0.133644 0.721181 0.145074
0.713971 0.102129 0.1838 9.9991E-05
0.457913 0.336947 0.163986 0.0411541
0.353455 9.9982E-05 0.646345 9.9982E-05
0.650164 0.334566 9.9991E-05 0.0151703
0.146412 0.127556 0.725932 9.9991E-05
0.490371 0.236278 0.273251 9.9991E-05
9.9991E-05 0.284968 0.553505 0.161426
0.200487 0.567751 0.231662 9.9991E-05
0.930102 9.9982E-05 0.0696981 9.9982E-05
0.854284 0.0478709 0.00705031 0.0907945
0.0747123 0.259789 0.592626 0.0728732
0.137172 0.154869 0.707859 9.9991E-05
9.9991E-05 0.296138 0.605987 0.0977749
0.752095 0.083387 0.148901 0.0156171
0.387172 0.295558 0.222426 0.0948443
0.247676 0.379588 0.284918 0.0878185
9.9982E-05 0.491689 0.508111 9.9982E-05
0.105665 0.315407 0.578829 9.9991E-05
0.541796 0.0710786 0.274389 0.112736
9.9991E-05 0.334744 0.541207 0.123949
9.9991E-05 0.24712 0.552265 0.200516
0.0244039 0.409901 0.48863 0.0770655
0.0508662 0.440695 0.496345 0.0120943
0.0210301 0.526148 0.448736 0.00408604
0.480345 0.474263 0.0258821 0.0195098
9.9991E-05 0.26697 0.598026 0.134904
0.478208 0.260124 0.191352 0.0703148
0.0548238 0.286057 0.511305 0.147814
0.98106 9.9982E-05 9.9982E-05 0.0187398
0.432181 0.245019 0.29537 0.0274306
9.9991E-05 0.256336 0.712008 0.0315558
9.9991E-05 0.253968 0.736425 0.00950741
0.191452 0.175749 0.51837 0.11443
0.301927 0.453202 0.244771 9.9991E-05
0.320804 0.0714641 0.607632 9.9991E-05
0.816381 0.183419 9.9982E-05 9.9982E-05
0.835939 0.163861 9.9982E-05 9.9982E-05
0.00572319 0.23019 0.739626 0.0244613
0.892881 0.106919 9.9982E-05 9.9982E-05
0.0167719 0.417319 0.505784 0.0601253
0.919047 9.9982E-05 0.0807534 9.9982E-05
9.9991E-05 0.135585 0.758102 0.106213
0.13209 0.514224 0.326758 0.0269287
9.9991E-05 0.418689 0.539461 0.0417502
0.713849 0.285951 9.9982E-05 9.9982E-05
9.9991E-05 0.38993 0.418872 0.191098
0.080626 0.384083 0.480482 0.0548088
0.29908 0.280533 0.356493 0.0638944
9.9991E-05 0.276141 0.545939 0.17782
0.0696987 0.256373 0.532802 0.141127
0.390156 9.9991E-05 0.561412 0.0483323
0.0632715 0.237228 0.699401 9.9991E-05
0.150956 0.439734 0.343812 0.0654973
0.0581184 0.665487 0.266314 0.0100805
0.0319132 0.196057 0.672738 0.0992925
9.9991E-05 0.560169 0.403936 0.035795
9.9991E-05 0.421508 0.510276 0.0681159
9.9982E-05 0.429346 0.570454 9.9982E-05
9.9991E-05 0.243713 0.742546 0.013641
9.9982E-05 0.314656 0.685144 9.9982E-05
0.0881511 0.570215 0.331042 0.0105917
0.351093 0.264693 0.384114 9.9991E-05
0.178725 0.440059 0.381116 9.9991E-05
0.825234 0.174566 9.9982E-05 9.9982E-05
0.248679 0.243778 0.346415 0.161127
9.9991E-05 0.67697 0.278725 0.0442049
0.592717 0.195944 0.211238 9.9991E-05
0.0128967 0.339519 0.647484 9.9991E-05
0.240398 0.169767 0.589735 9.9991E-05
0.458742 0.515084 0.0260736 9.9991E-05
0.828626 0.171174 9.9982E-05 9.9982E-05
0.0754632 0.265057 0.63289 0.0265896
0.0204526 0.675796 0.303651 9.9991E-05
0.0232641 0.482189 0.475872 0.018675
0.233385 0.116669 0.649846 9.9991E-05
0.446919 0.552881 9.9982E-05 9.9982E-05
0.0276628 0.161466 0.810771 9.9991E-05
0.0133758 0.335259 0.506588 0.144777
9.9991E-05 0.269264 0.65014 0.0804964
9.9991E-05 0.401719 0.540847 0.057334
0.772363 0.160368 0.0671693 9.9991E-05
0.425061 0.479707 0.01091 0.0843222
9.9982E-05 0.315119 0.684681 9.9982E-05
9.9991E-05 0.357801 0.63621 0.00588932
9.9982E-05 0.261143 0.738657 9.9982E-05
0.476935 0.335214 0.187751 9.9991E-05
0.97512 0.0246797 9.9982E-05 9.9982E-05
0.400935 0.347289 0.251676 9.9991E-05
9.9991E-05 0.136173 0.767068 0.0966589
0.0653934 0.349367 0.58514 9.9991E-05
0.00238372 0.0710086 0.856258 0.07035
9.9991E-05 0.306108 0.674091 0.0197018
0.966616 0.0254441 9.9991E-05 0.00784014
0.0492794 0.0390448 0.835268 0.0764075
9.9991E-05 0.405278 0.548898 0.0457245
0.154524 0.0775657 0.76781 9.9991E-05
0.633862 0.206677 0.159362 9.9991E-05
0.0193612 0.268472 0.710402 0.00176442
0.0168684 0.447571 0.496184 0.0393766
9.9991E-05 0.207425 0.674412 0.118063
0.0561799 0.334693 0.609027 9.9991E-05
0.629523 0.10705 0.263325 0.000101661
0.947974 0.0518265 9.9982E-05 9.9982E-05
9.9991E-05 0.605552 0.3618 0.0325476
0.00614635 0.281897 0.513921 0.198035
0.00140645 0.244407 0.633952 0.120235
9.9991E-05 0.359588 0.444825 0.195488
0.377622 0.357344 0.264935 9.9991E-05
0.0240947 0.36379 0.396442 0.215673
0.22044 0.131081 0.648379 9.9991E-05
9.998E-05 0.9997 9.998E-05 9.998E-05
0.55257 0.198654 0.226722 0.0220542
0.33263 0.0817418 0.535629 0.0499992
0.000274057 0.999526 9.9982E-05 9.9982E-05
0.562058 0.283648 0.104276 0.0500182
0.19898 0.142876 0.658044 9.9991E-05
0.347598 0.363403 0.141934 0.147064
0.260602 0.321628 0.379379 0.0383916
0.151187 0.707881 0.105201 0.0357306
0.69376 0.156674 0.0870151 0.0625514
0.296345 0.119178 0.446033 0.138443
0.205394 0.477564 0.316942 9.9991E-05
9.9991E-05 0.34696 0.623809 0.0291314
9.9991E-05 0.175169 0.619878 0.204852
9.9991E-05 0.307768 0.470395 0.221736
0.00181519 0.341537 0.618368 0.0382797
0.34245 0.154045 0.460311 0.0431934
0.806618 0.098418 0.094864 9.9991E-05
0.401718 0.338269 0.193674 0.0663387
9.9991E-05 0.598063 0.270514 0.131323
9.9991E-05 0.495292 0.342946 0.161662
0.857722 0.142078 9.9982E-05 9.9982E-05
9.9991E-05 0.420281 0.52192 0.0576989
0.0108506 0.360188 0.546579 0.0823824
0.181135 0.323955 0.49481 9.9991E-05
9.9991E-05 0.362119 0.555489 0.0822927
0.147582 0.623607 0.170267 0.0585441
0.0734359 0.552108 0.374356 9.9991E-05
0.0470884 0.354427 0.524801 0.0736836
9.9991E-05 0.218162 0.752181 0.0295572
9.9991E-05 0.185893 0.732113 0.0818947
0.144389 0.353817 0.370581 0.131213
0.526162 0.286019 0.187719 9.9991E-05
0.246998 0.520847 0.232055 9.9991E-05
0.0232325 0.698146 0.0878233 0.190799
0.127793 0.488968 0.298825 0.0844138
0.0665063 0.471574 0.46182 9.9991E-05
0.9997 9.998E-05 9.998E-05 9.998E-05
0.0120137 0.664188 0.323699 9.9991E-05
0.247759 0.73851 0.0136308 9.9991E-05
9.9991E-05 0.603261 0.262922 0.133717
0.192431 0.430139 0.37733 9.9991E-05
0.569149 0.262604 0.165228 0.00301839
0.412375 0.226638 0.360886 9.9991E-05
0.520102 9.9982E-05 0.479698 9.9982E-05
9.9982E-05 0.401001 0.598799 9.9982E-05
0.801445 0.198355 9.9982E-05 9.9982E-05
0.450522 0.11558 0.410339 0.0235595
0.0120393 0.358187 0.486466 0.143308
0.9997 9.998E-05 9.998E-05 9.998E-05
0.477493 0.522307 9.9982E-05 9.9982E-05
0.0292518 0.528011 0.438032 0.00470441
0.381965 0.260945 0.356989 9.9991E-05
0.180163 0.154543 0.665195 9.9991E-05
9.9991E-05 0.180813 0.683352 0.135735
0.377191 0.1463 0.343032 0.133477
9.9982E-05 0.256516 0.743284 9.9982E-05
9.9982E-05 0.24506 0.75474 9.9982E-05
9.9991E-05 0.412551 0.424941 0.162408
0.202776 0.471279 0.18973 0.136214
0.254361 9.9991E-05 0.702744 0.0427955
9.9991E-05 0.254844 0.558031 0.187025
0.147078 0.322937 0.529885 9.9991E-05
9.9991E-05 0.489097 0.260901 0.249902
9.9991E-05 0.418912 0.449036 0.131952
0.260356 0.243789 0.411762 0.0840933
9.9991E-05 0.217658 0.776838 0.00540328
9.9991E-05 0.471524 0.432146 0.0962304
9.9991E-05 0.360844 0.379034 0.260022
9.9991E-05 0.125353 0.445584 0.428963
0.243913 0.424957 0.246169 0.0849611
0.0174899 9.9991E-05 0.831408 0.151002
0.160331 0.443541 0.396028 9.9991E-05
0.0223304 0.378666 0.551318 0.0476859
9.9991E-05 0.094195 0.824798 0.0809073
9.9991E-05 0.372387 0.558816 0.0686961
0.384282 0.174033 0.410705 0.0309794
0.394352 0.242538 0.36301 9.9991E-05
9.9982E-05 0.0574071 0.942393 9.9982E-05
9.9991E-05 0.154289 0.643207 0.202404
9.9991E-05 0.235195 0.692934 0.0717715
9.9991E-05 0.412891 0.437285 0.149724
0.227945 0.710053 0.061902 9.9991E-05
0.162477 0.588014 0.249409 9.9991E-05
9.9991E-05 0.334726 0.475122 0.190052
0.542588 0.379776 0.0775357 9.9991E-05
0.204716 0.231604 0.563579 9.9991E-05
0.125542 0.581034 0.147085 0.146339
0.721912 0.277888 9.9982E-05 9.9982E-05
9.9991E-05 0.563118 0.323194 0.113589
9.9991E-05 0.467416 0.504551 0.0279332
0.0207425 0.388184 0.590973 9.9991E-05
9.9991E-05 0.128214 0.77835 0.0933359
9.9991E-05 0.57895 0.256555 0.164396
9.9982E-05 0.533873 0.465927 9.9982E-05
9.9991E-05 0.274252 0.685748 0.0399001
9.9982E-05 0.240791 0.759009 9.9982E-05
0.1744 0.443814 0.381686 9.9991E-05
9.9991E-05 0.263242 0.723346 0.0133119
9.9982E-05 0.349376 0.650424 9.9982E-05
0.107331 0.869163 0.0234062 9.9991E-05
0.0449339 0.28455 0.648992 0.0215241
9.9982E-05 0.394163 0.605637 9.9982E-05
0.397334 0.137552 0.465014 9.9991E-05
0.251725 0.446419 0.301756 9.9991E-05
0.0486978 0.270454 0.667582 0.0132668
0.585976 0.148017 0.265907 9.9991E-05
9.9991E-05 0.472427 0.500136 0.0273368
0.364267 0.267699 0.367934 9.9991E-05
0.0491423 0.113674 0.71121 0.125974
0.143863 0.782545 0.073492 9.9991E-05
0.290326 0.236205 0.251501 0.221968
0.500554 0.405674 0.0742582 0.0195138
0.0272774 0.403416 0.569207 9.9991E-05
9.9982E-05 0.423295 0.576505 9.9982E-05
0.307758 0.224782 0.46736 9.9991E-05
0.00948862 0.371573 0.541979 0.0769596
9.9991E-05 0.231079 0.714633 0.0541879
0.883555 9.9982E-05 0.116245 9.9982E-05
9.9991E-05 0.444888 0.503852 0.0511595
9.9991E-05 0.31325 0.674052 0.0125982
0.00289867 0.197954 0.799047 9.9991E-05
0.0277321 0.327762 0.644406 9.9991E-05
0.0188974 0.258802 0.722201 9.9991E-05
0.0276705 0.186269 0.785961 9.9991E-05
0.0445882 0.27975 0.675562 9.9991E-05
0.14736 0.30117 0.479848 0.0716225
0.553163 0.239269 0.207468 9.9991E-05
9.9982E-05 0.274563 0.725237 9.9982E-05
9.9991E-05 0.0958003 0.808629 0.0954706
0.148842 0.390648 0.397688 0.0628217
0.43714 0.166269 0.396491 9.9991E-05
9.9991E-05 0.222089 0.630092 0.147719
0.240265 0.291475 0.468161 9.9991E-05
9.9982E-05 0.221443 0.778357 9.9982E-05
0.327453 0.34658 0.325867 9.9991E-05
0.137878 0.346728 0.367463 0.147931
0.422982 0.463637 0.113281 9.9991E-05
0.249739 0.0894753 0.649996 0.0107894
9.9991E-05 0.493965 0.377745 0.12819
0.270461 0.0662448 0.593542 0.0697523
9.9982E-05 0.39251 0.60729 9.9982E-05
0.0158384 0.402401 0.581661 9.9991E-05
9.9991E-05 0.65037 0.347584 0.00194551
0.276635 0.407283 0.161303 0.154779
9.9982E-05 0.589489 0.410311 9.9982E-05
9.9991E-05 0.203739 0.638698 0.157462
9.9991E-05 0.247078 0.708993 0.0438285
0.546935 0.0742134 0.179683 0.199168
0.920632 9.9991E-05 0.00784776 0.0714203
0.152253 0.178622 0.530957 0.138168
0.111206 0.227912 0.52798 0.132902
0.0608154 0.537949 0.274448 0.126787
0.156578 0.490431 0.352891 9.9991E-05
0.285631 0.288719 0.348693 0.0769564
0.125577 0.228998 0.645325 9.9991E-05
9.9991E-05 0.43312 0.436764 0.130015
0.00686072 0.174306 0.655189 0.163644
0.0509766 0.27013 0.678793 9.9991E-05
9.9991E-05 0.228974 0.718745 0.0521812
9.9982E-05 0.216268 0.783532 9.9982E-05
9.9991E-05 0.222962 0.758606 0.0183318
9.9991E-05 0.724416 0.206539 0.0689444
9.9991E-05 0.217506 0.663376 0.119018
0.0821467 0.239313 0.67844 9.9991E-05
9.9991E-05 0.412664 0.413919 0.173317
0.0465319 0.357865 0.493359 0.102244
0.166084 0.129556 0.669787 0.0345721
0.647978 0.0452709 0.152381 0.15437
0.423757 0.312055 0.264088 9.9991E-05
0.809835 9.9982E-05 0.189965 9.9982E-05
9.9991E-05 0.386361 0.608342 0.00519709
0.840297 9.9991E-05 0.15423 0.00537358
0.673061 0.326739 9.9982E-05 9.9982E-05
9.9991E-05 0.385357 0.490346 0.124197
9.9991E-05 0.0558811 0.757981 0.186037
9.9991E-05 0.227152 0.605232 0.167516
0.743483 0.073308 0.183109 9.9991E-05
9.9982E-05 0.242033 0.757767 9.9982E-05
0.415859 0.457843 0.126198 9.9991E-05
0.0825988 0.137098 0.745295 0.0350079
0.886624 9.9991E-05 0.00816514 0.105111
0.116213 0.371796 0.416628 0.0953636
9.9982E-05 0.304943 0.694857 9.9982E-05
9.9982E-05 0.0394427 0.960357 9.9982E-05
9.9991E-05 0.458184 0.451473 0.0902429
0.787402 9.9982E-05 0.212398 9.9982E-05
0.20813 0.364002 0.427768 9.9991E-05
0.355455 0.483805 0.0857788 0.0749609
9.9991E-05 0.270139 0.598724 0.131038
0.763015 0.13763 0.0992548 9.9991E-05
0.126924 0.174692 0.322577 0.375807
0.413838 0.32696 0.201995 0.0572068
0.00228398 0.226262 0.641038 0.130417
0.133863 0.692938 0.114996 0.0582033
0.653332 0.0396896 0.259178 0.0478001
9.9991E-05 0.237957 0.48334 0.278603
0.011526 0.209505 0.693877 0.0850922
9.9991E-05 0.338158 0.532559 0.129183
0.0195079 0.112474 0.65072 0.217298
0.425399 0.456375 0.118126 9.9991E-05
9.9991E-05 0.395154 0.510638 0.0941085
0.00140392 0.0179293 0.861009 0.119658
0.0521992 0.199976 0.747725 9.9991E-05
0.473841 0.326544 0.199515 9.9991E-05
0.204939 0.410617 0.313156 0.0712878
0.0412336 0.0202973 0.767553 0.170916
0.0957115 0.683323 0.113248 0.107717
0.180087 0.30873 0.363032 0.148151
9.9991E-05 0.38304 0.471169 0.145691
0.333574 0.399732 0.202951 0.0637427
0.058354 0.656682 0.259175 0.025789
0.435556 0.252106 0.278644 0.0336934
9.9991E-05 0.164584 0.706008 0.129309
9.9991E-05 0.117332 0.840075 0.0424927
9.9991E-05 0.250089 0.70067 0.0491402
9.9991E-05 0.209757 0.765611 0.0245322
9.9991E-05 0.437888 0.419495 0.142517
9.9991E-05 0.281878 0.550975 0.167046
0.278809 0.420794 0.300297 9.9991E-05
9.9982E-05 0.599194 0.400606 9.9982E-05
9.9982E-05 0.176002 0.823798 9.9982E-05
0.0386742 0.231877 0.729349 9.9991E-05
0.0744205 0.475576 0.449903 9.9991E-05
0.274253 0.417186 0.193081 0.115479
9.9991E-05 0.350439 0.470522 0.178938
9.9991E-05 0.202186 0.636254 0.16146
0.773702 0.157488 0.0687099 9.9991E-05
0.618628 0.0941373 0.287134 9.9991E-05
9.9991E-05 0.306804 0.587474 0.105621
9.9982E-05 9.9982E-05 0.51547 0.48433
0.0859153 9.9991E-05 0.0469943 0.86699
0.0294581 0.0671239 0.198488 0.70493
9.9991E-05 0.229897 0.602864 0.167139
9.9991E-05 0.0266832 0.159906 0.81331
0.0296759 9.9991E-05 0.203776 0.766448
0.0625897 0.0996324 0.106868 0.73091
0.0358384 9.9991E-05 0.125056 0.839006
0.00592036 0.0828445 0.223477 0.687758
9.9991E-05 0.253103 0.223798 0.522998
9.9991E-05 0.369696 0.257532 0.372672
0.0265279 0.0321244 0.1917 0.749648
9.9991E-05 0.235113 0.467999 0.296789
0.0127591 9.9991E-05 0.378808 0.608333
9.9982E-05 9.9982E-05 0.336699 0.663101
0.0817695 0.0755374 9.9991E-05 0.842593
9.9991E-05 0.168183 0.324536 0.507181
0.0194135 0.162772 0.262769 0.555046
0.831829 0.016045 9.9991E-05 0.152026
0.0232868 0.237846 0.281104 0.457763
0.0179635 0.185763 0.162033 0.634241
0.134633 0.198474 0.520429 0.146464
9.9982E-05 0.044745 9.9982E-05 0.955055
9.9982E-05 0.25318 9.9982E-05 0.74662
9.9991E-05 0.577196 0.243163 0.179541
0.0763632 0.010225 0.0780129 0.835399
9.9991E-05 0.217752 0.192046 0.590102
0.007372 0.0355484 0.311073 0.646007
0.0640334 0.0798217 0.101696 0.754448
0.0619991 0.138026 0.010651 0.789324
0.00455453 0.04569 0.0469731 0.902782
0.0922675 9.9982E-05 9.9982E-05 0.907533
0.0158653 0.1621 0.126488 0.695547
9.9982E-05 9.9982E-05 0.273738 0.726062
0.0511007 0.234486 9.9991E-05 0.714313
9.9991E-05 0.159194 0.0534617 0.787245
0.0707312 0.193498 0.0127052 0.723066
9.9991E-05 0.191493 0.667239 0.141168
0.0016122 0.0522745 0.0816102 0.864503
0.0588495 9.9991E-05 0.343288 0.597763
9.9991E-05 0.284892 0.137718 0.57729
9.9991E-05 0.0821578 0.275693 0.642049
9.998E-05 9.998E-05 9.998E-05 0.9997
9.9991E-05 0.190308 0.577372 0.23222
0.0239684 9.9991E-05 0.258802 0.717129
0.273393 0.492659 0.185706 0.0482423
9.9991E-05 0.278962 0.48651 0.234429
9.9991E-05 0.345455 0.440394 0.214051
0.0125231 0.11471 0.106839 0.765928
9.9991E-05 0.135226 0.189272 0.675402
0.0427829 9.9991E-05 0.107154 0.849963
9.9991E-05 0.201619 0.136681 0.661599
0.0807999 0.00775876 0.346289 0.565153
0.0413896 9.9991E-05 0.247993 0.710517
9.9982E-05 9.9982E-05 0.441079 0.558721
9.9982E-05 0.114125 9.9982E-05 0.885675
9.9991E-05 0.175161 0.0991826 0.725557
0.089232 0.125059 0.430458 0.355251
9.9982E-05 9.9982E-05 0.14211 0.85769
0.0189051 9.9991E-05 0.215552 0.765443
0.0578349 9.9991E-05 0.112174 0.829891
9.9991E-05 0.160571 0.0293215 0.810008
9.9991E-05 0.421273 0.486401 0.0922256
9.9982E-05 9.9982E-05 0.132209 0.867591
0.215527 0.312164 0.412611 0.0596987
9.9991E-05 0.102613 0.18623 0.711057
0.0256426 0.140711 0.04691 0.786736
0.129385 0.381839 0.324778 0.163998
0.0712657 9.9991E-05 0.250726 0.677909
9.9991E-05 0.161529 0.166856 0.671515
9.9982E-05 9.9982E-05 0.159153 0.840647
9.9991E-05 0.0812083 0.139933 0.778759
0.0603104 0.18001 0.239239 0.52044
9.9991E-05 0.033296 0.235303 0.731301
0.0985636 0.0294467 0.0972774 0.774712
0.0418952 9.9991E-05 0.3415 0.616505
9.9991E-05 0.239917 0.452166 0.307817
9.9991E-05 0.157775 0.139426 0.702698
9.9991E-05 0.202254 0.296357 0.501289
0.879839 0.0198684 9.9991E-05 0.100192
9.9991E-05 0.0114259 0.299302 0.689172
0.158348 0.161793 0.608152 0.0717073
0.0137172 0.307717 9.9991E-05 0.678466
9.9991E-05 0.265871 0.213008 0.521021
9.9991E-05 0.0829617 0.513647 0.403291
9.9991E-05 0.181402 0.59049 0.228008
9.9991E-05 0.176785 0.225455 0.59766
9.9991E-05 0.0496421 0.24704 0.703218
9.9991E-05 0.200772 0.0962719 0.702856
0.0442122 9.9991E-05 0.284686 0.671001
0.030484 0.263715 0.484995 0.220806
9.9991E-05 0.27747 0.0791209 0.643309
9.9991E-05 0.151309 0.235778 0.612813
9.9991E-05 0.180549 0.164993 0.654359
0.0100556 0.321833 0.638543 0.0295678
9.9991E-05 0.154975 0.0782867 0.766639
9.9982E-05 0.354157 9.9982E-05 0.645643
9.9991E-05 0.0412741 0.344995 0.61363
0.0105262 0.0365387 0.222626 0.730309
9.9982E-05 0.655275 0.344525 9.9982E-05
0.88037 0.0825048 0.0370248 9.9991E-05
9.9991E-05 0.05911 0.205453 0.735337
0.0629312 9.9991E-05 0.496802 0.440167
9.9991E-05 0.0126485 0.389846 0.597406
0.010786 0.158045 0.0902503 0.740919
0.0517315 9.9991E-05 0.0293623 0.918806
9.9991E-05 0.0216093 0.238877 0.739414
0.00455944 0.0494067 0.0815519 0.864482
0.0167362 9.9991E-05 0.067933 0.915231
0.0778769 9.9991E-05 0.100049 0.821974
9.9991E-05 0.264822 0.279603 0.455475
9.9991E-05 0.371681 0.427046 0.201172
9.9982E-05 9.9982E-05 0.150879 0.848921
0.0075194 9.9991E-05 0.33409 0.658291
9.9991E-05 0.0771034 0.815637 0.10716
9.9982E-05 0.280324 9.9982E-05 0.719476
9.9991E-05 0.471591 0.496183 0.0321253
0.0607383 0.142123 0.203189 0.593949
9.9991E-05 0.011435 0.239756 0.748709
9.9991E-05 0.377707 0.350077 0.272115
9.9991E-05 0.301923 0.0424669 0.65551
9.9991E-05 0.487105 0.163288 0.349507
0.0314615 0.215596 0.0858523 0.667091
0.659731 0.303389 9.9991E-05 0.0367796
0.0276176 0.101427 0.220332 0.650624
0.0184338 0.00749971 0.277336 0.69673
9.9991E-05 0.167181 0.0886987 0.744021
0.0704078 0.0716075 0.164669 0.693315
0.0197496 9.9991E-05 0.189499 0.790652
9.9991E-05 0.169435 0.0444536 0.786011
0.00935142 0.0605219 0.244635 0.685492
9.9982E-05 0.324527 0.675273 9.9982E-05
0.0471039 0.251425 0.125502 0.575969
0.00156584 0.0257772 0.190597 0.78206
0.0329124 9.9991E-05 0.0111962 0.955791
9.9991E-05 0.260866 0.0850361 0.653997
9.9991E-05 0.121989 0.345613 0.532298
0.048294 0.0787096 0.37913 0.493867
9.9982E-05 9.9982E-05 0.602785 0.397015
0.0634505 0.382609 0.0100417 0.543899
0.0311397 0.0385604 0.267037 0.663263
9.9982E-05 0.29115 9.9982E-05 0.70865
0.0490748 0.310663 0.640162 9.9991E-05
9.9982E-05 9.9982E-05 0.57963 0.42017
9.9982E-05 0.363366 9.9982E-05 0.636434
0.0341175 0.0653772 0.0889055 0.8116
9.9991E-05 0.212042 0.174563 0.613295
9.9991E-05 0.0486218 0.132671 0.818607
9.9991E-05 0.305129 0.0790569 0.615714
0.0126379 0.248122 0.734944 0.00429619
0.0621832 0.350032 0.44945 0.138335
0.0196284 9.9991E-05 0.311367 0.668904
9.9991E-05 0.112621 0.17293 0.714349
0.012246 9.9991E-05 0.193416 0.794238
9.9991E-05 0.131645 0.389436 0.478819
0.0175023 0.151555 0.0853757 0.745567
9.9982E-05 0.207597 9.9982E-05 0.792203
0.226233 0.547431 0.0689005 0.157436
0.028445 9.9991E-05 0.300122 0.671333
9.9991E-05 0.214452 0.10987 0.675577
0.290045 0.387365 0.0257406 0.29685
0.243716 0.237916 0.498258 0.020111
0.0162628 0.0367577 0.125268 0.821712
0.0708041 0.122804 0.289957 0.516435
9.9991E-05 0.0917753 0.136628 0.771497
9.99869E-05 9.99869E-05 0.840578 0.159222
0.00127847 0.15475 0.212201 0.631771
0.00702394 9.9991E-05 0.30382 0.689056
0.248562 0.506082 0.131736 0.11362
0.0185887 0.165751 0.107471 0.708189
0.0490378 9.9991E-05 0.23262 0.718242
0.0476804 9.9991E-05 0.204063 0.748156
0.0246669 0.124517 0.18593 0.664886
9.9991E-05 0.12013 0.0313701 0.8484
9.9991E-05 0.147086 0.115479 0.737335
0.0472018 9.9991E-05 0.136061 0.816638
0.00242249 0.0140534 0.492953 0.490571
0.00184349 9.9991E-05 0.248143 0.749913
9.9991E-05 0.256487 0.0660857 0.677327
0.640772 0.333128 9.9991E-05 0.0260007
9.9982E-05 0.292076 9.9982E-05 0.707724
0.0309224 9.9991E-05 0.0850732 0.883904
9.9991E-05 0.426678 0.297494 0.275728
9.9982E-05 9.9982E-05 0.0298552 0.969945
0.00845415 0.129781 0.202622 0.659143
0.0264882 0.0699658 0.129989 0.773557
0.0466173 0.430608 0.244051 0.278723
9.9991E-05 0.14839 0.160248 0.691262
0.0143184 9.9991E-05 0.170549 0.815033
0.0752621 0.156421 0.0785785 0.689739
0.00881817 0.155109 0.188317 0.647756
0.0168684 0.0897313 0.358815 0.534586
0.998119 9.9982E-05 9.9982E-05 0.00168152
9.9991E-05 0.170908 0.172267 0.656725
9.9991E-05 0.177501 0.339108 0.48329
9.9991E-05 0.217803 0.168988 0.613108
9.9991E-05 0.209325 0.0599829 0.730592
0.0304421 0.143602 9.9991E-05 0.825856
9.9991E-05 0.285756 0.0355883 0.678556
0.641869 0.357932 9.9982E-05 9.9982E-05
9.9991E-05 0.0229657 0.209901 0.767034
9.9991E-05 0.257997 0.0809108 0.660992
9.9991E-05 0.0436431 0.359458 0.596799
9.9991E-05 0.0373939 0.272595 0.689911
9.9991E-05 0.261923 0.0373884 0.700589
9.9991E-05 0.110286 0.105095 0.784519
9.9991E-05 0.149896 0.226798 0.623206
0.0225119 9.9991E-05 0.315375 0.662013
9.9991E-05 0.323218 0.0451662 0.631516
0.0298336 0.0531534 0.26196 0.655052
9.9982E-05 0.149637 9.9982E-05 0.850163
9.9991E-05 0.0511648 0.439788 0.508948
0.00081515 0.107097 0.278866 0.613221
0.0410401 0.0271232 0.209007 0.72283
9.9991E-05 0.0110006 0.342491 0.646408
0.0479712 9.9991E-05 0.468938 0.48299
9.9991E-05 0.143794 0.192727 0.663379
0.0454519 9.9982E-05 9.9982E-05 0.954348
0.0593141 9.9991E-05 0.179628 0.760958
9.9991E-05 0.160576 0.229911 0.609413
9.9991E-05 0.264893 0.318018 0.416988
9.9982E-05 9.9982E-05 0.0283608 0.971439
0.0129401 0.0357041 0.439545 0.511811
9.9991E-05 0.0132933 0.339864 0.646743
0.936622 0.0631782 9.9982E-05 9.9982E-05
0.321406 0.413567 0.206646 0.0583811
0.126458 0.410863 0.288863 0.173816
0.490817 0.421422 0.0395577 0.0482038
9.9991E-05 0.485074 0.265718 0.249108
9.9991E-05 0.308533 0.45241 0.238957
0.0275554 0.623927 0.25 0.0985169
9.9982E-05 0.350758 9.9982E-05 0.649043
0.04821 9.9991E-05 0.392931 0.558759
0.0237974 0.0479009 0.03433 0.893972
9.9991E-05 0.186882 0.476719 0.336299
0.100266 9.9991E-05 0.25057 0.649064
0.0728389 9.9991E-05 0.327719 0.599342
0.0181911 0.178728 0.268926 0.534156
9.9982E-05 9.9982E-05 0.381413 0.618387
0.00211721 0.014626 0.326569 0.656688
0.0511204 0.0699936 0.175043 0.703843
9.9991E-05 0.304236 0.0954781 0.600186
0.0355147 0.411901 0.25098 0.301605
0.0941214 0.0800635 0.129561 0.696254
0.00415181 0.0446846 0.0626807 0.888483
0.00284398 0.203173 0.247271 0.546713
0.791675 0.0975607 9.9991E-05 0.110664
0.158203 0.39862 0.311135 0.132042
9.9982E-05 9.9982E-05 0.253892 0.745908
9.9991E-05 0.148662 0.11169 0.739548
0.140972 0.44157 0.309093 0.108364
0.00783245 0.0600406 0.140078 0.792049
0.0068048 9.9991E-05 0.128711 0.864385
9.9991E-05 0.592279 0.404162 0.00345828
9.9991E-05 0.0535537 0.140935 0.805412
0.00517212 0.0960964 0.0843639 0.814368
9.9991E-05 0.144329 0.340498 0.515073
9.9991E-05 0.0407702 0.265607 0.693522
0.101174 0.0724957 0.192673 0.633658
9.9991E-05 0.156724 0.132247 0.71093
0.272128 0.457858 0.0213701 0.248644
9.9982E-05 9.9982E-05 0.423143 0.576657
0.0529911 9.9991E-05 0.282332 0.664577
9.9982E-05 0.146384 9.9982E-05 0.853416
0.0697364 0.654221 0.0737331 0.202309
9.9991E-05 0.365813 0.387269 0.246818
9.9991E-05 0.451877 0.338086 0.209937
9.9982E-05 9.9982E-05 0.329321 0.670479
9.9991E-05 0.365376 0.467726 0.166798
0.0114706 9.9991E-05 0.194055 0.794375
9.9991E-05 0.135167 0.368568 0.496165
9.9991E-05 0.123723 0.0766225 0.799554
0.0623435 0.0938914 0.180927 0.662838
0.206088 0.40755 0.199098 0.187264
0.043239 9.9991E-05 0.298109 0.658552
0.833145 0.137285 0.0212362 0.00833346
9.9991E-05 0.295092 0.0885401 0.616267
0.00382301 0.0712263 0.0784164 0.846534
0.9997 9.998E-05 9.998E-05 9.998E-05
0.88919 9.9982E-05 9.9982E-05 0.110611
9.9991E-05 0.2894 0.134839 0.575661
9.9991E-05 0.396284 0.252412 0.351204
0.0328527 9.9991E-05 0.223493 0.743555
0.0486381 0.0241113 0.146694 0.780557
0.00629713 9.9991E-05 0.454883 0.53872
9.9982E-05 9.9982E-05 0.103651 0.896149
9.9991E-05 0.303605 0.13732 0.558975
0.255142 0.307313 0.278762 0.158783
9.9991E-05 0.159357 0.214002 0.626541
0.0719237 9.9982E-05 9.9982E-05 0.927876
9.9991E-05 0.416171 0.177385 0.406344
9.9991E-05 0.195802 0.237121 0.566977
0.10459 0.133796 0.342585 0.419029
9.9991E-05 0.103615 0.146651 0.749634
0.0375652 9.9991E-05 0.385454 0.576881
9.9991E-05 0.231551 0.252546 0.515803
0.0738848 0.194895 0.15861 0.572611
0.228206 0.550131 0.195752 0.0259112
0.022932 0.0391722 0.389162 0.548734
9.9982E-05 9.9982E-05 0.444623 0.555177
0.0313165 9.9991E-05 0.335834 0.632749
9.9991E-05 0.0441866 0.405048 0.550665
0.0173393 0.106042 0.339355 0.537263
9.9982E-05 9.9982E-05 0.466506 0.533294
0.00401495 0.313174 0.00280558 0.680005
9.9991E-05 0.0626716 0.109008 0.82822
9.9991E-05 0.0494684 0.347251 0.603181
9.9991E-05 0.173866 0.0750936 0.750941
0.000394378 0.414005 0.463759 0.121841
0.111113 0.026548 0.247852 0.614488
0.0357536 0.155433 0.172698 0.636116
9.9991E-05 0.366925 0.54177 0.0912052
0.0182218 9.9991E-05 0.325606 0.656072
0.0349642 9.9991E-05 0.293516 0.67142
0.00213384 0.163598 0.229125 0.605142
9.9991E-05 0.30191 0.0599034 0.638087
9.9991E-05 0.179944 0.162692 0.657264
9.9991E-05 0.233055 0.653072 0.113772
9.9982E-05 0.182521 9.9982E-05 0.817279
9.9991E-05 0.515174 0.318082 0.166644
