0.0100591 0.425979 9.9991E-05 0.563862
0.0529824 0.181878 0.0115788 0.753561
0.0960828 0.153586 0.0400306 0.710301
0.135066 0.116927 9.9991E-05 0.747907
0.0387292 0.0229775 0.0762232 0.86207
0.882268 0.0304948 0.0840161 0.00322073
9.999E-05 0.321132 0.0216808 0.657087
0.951127 0.0391141 0.00965937 9.9991E-05
0.0213261 0.263553 9.9991E-05 0.715021
0.0183856 0.0686218 9.9991E-05 0.912893
0.0590862 0.173118 9.9991E-05 0.767696
0.268223 9.9991E-05 0.0654513 0.666225
9.9982E-05 0.0878639 9.9982E-05 0.911936
0.0679657 0.0372394 0.0126554 0.882139
0.674465 0.0571685 9.9991E-05 0.268267
0.100951 9.9991E-05 0.0229756 0.875973
0.22741 0.0640067 9.9991E-05 0.708484
9.9991E-05 0.0112984 0.18821 0.800391
0.0287772 0.0311167 0.00996658 0.93014
9.9982E-05 0.146526 9.9982E-05 0.853274
9.9991E-05 0.0684806 0.0474588 0.883961
0.0865924 9.9991E-05 0.129679 0.783628
0.00835313 0.10101 9.9991E-05 0.890537
0.685791 0.141997 9.9991E-05 0.172112
9.9991E-05 0.181422 0.088306 0.730172
0.70927 9.9991E-05 0.0348135 0.255816
0.537713 0.246777 9.9991E-05 0.21541
0.29327 0.12281 9.9991E-05 0.58382
0.732918 0.123024 9.9991E-05 0.143958
0.137268 0.0151655 9.9991E-05 0.847467
0.546883 0.108702 9.9991E-05 0.344315
0.0176007 0.186303 0.0569149 0.739181
0.257697 0.0254002 9.9991E-05 0.716803
0.896617 9.9982E-05 9.9982E-05 0.103183
0.906928 9.9982E-05 0.0928722 9.9982E-05
0.0897561 0.080869 0.077624 0.751751
0.132935 9.9982E-05 9.9982E-05 0.866865
9.9991E-05 0.222364 0.0620656 0.715471
0.757987 9.9982E-05 9.9982E-05 0.241813
0.465697 0.0251047 0.142308 0.36689
0.288196 0.155188 0.0164637 0.540153
9.9982E-05 9.9982E-05 0.0270196 0.97278
0.15114 0.0573551 9.9991E-05 0.791404
0.639651 0.203527 0.0123292 0.144493
9.9982E-05 0.343453 9.9982E-05 0.656347
0.023477 0.207375 0.110301 0.658846
0.0677641 0.236254 0.00705256 0.68893
0.126434 0.0647095 0.0384735 0.770383
0.0522864 0.19135 9.9991E-05 0.756264
0.581626 0.0765392 9.9991E-05 0.341735
9.9982E-05 9.9982E-05 0.0399417 0.959858
0.470722 0.164834 0.0506974 0.313746
0.00913711 0.228159 0.0449542 0.71775
0.9997 9.998E-05 9.998E-05 9.998E-05
0.503837 9.9991E-05 0.0164961 0.479567
9.9982E-05 0.16766 9.9982E-05 0.83214
9.9982E-05 0.370297 9.9982E-05 0.629503
0.205243 9.9991E-05 0.0556693 0.738988
0.371323 0.192855 9.9991E-05 0.435721
0.345837 0.145462 9.9991E-05 0.508601
0.930596 0.0653066 0.00399706 9.9991E-05
0.989536 0.0102643 9.9982E-05 9.9982E-05
0.0453846 0.211947 0.0110213 0.731647
0.9997 9.998E-05 9.998E-05 9.998E-05
0.0339682 0.0621171 0.0539419 0.849973
0.907538 9.9991E-05 0.00474444 0.0876175
9.9991E-05 0.0250593 0.0389121 0.935929
0.194531 9.9991E-05 0.138022 0.667347
9.9991E-05 0.260204 0.009756 0.72994
0.854914 0.0769574 0.0215166 0.0466116
0.0029054 0.37567 9.9991E-05 0.621324
0.00727488 0.100838 9.9991E-05 0.891787
0.311425 0.152518 0.0104314 0.525626
0.00759321 0.236923 0.0506138 0.70487
0.0838794 0.053703 0.0721761 0.790242
0.344201 0.0802675 0.0497276 0.525804
0.0256827 9.9991E-05 0.0156999 0.958517
0.205146 0.39499 9.9991E-05 0.399763
0.164113 0.00324587 0.0840533 0.748588
0.0434538 0.118474 0.0655977 0.772474
9.9991E-05 0.0387899 0.0202227 0.940887
0.0844791 9.9991E-05 0.0883696 0.827051
0.0778295 0.202422 9.9991E-05 0.719649
9.9982E-05 0.304767 9.9982E-05 0.695033
9.998E-05 9.998E-05 9.998E-05 0.9997
0.165837 0.0870895 0.028398 0.718676
0.356155 9.9982E-05 9.9982E-05 0.643645
0.270123 9.9982E-05 9.9982E-05 0.729677
0.934819 9.9991E-05 0.0580686 0.00701223
0.256663 0.0474062 0.0984952 0.597435
0.0920791 0.0962855 0.0580319 0.753603
0.619113 9.9991E-05 0.0560099 0.324777
0.00882794 0.169008 9.9991E-05 0.822064
0.29621 0.0171044 9.9991E-05 0.686586
0.610083 0.0866102 9.9991E-05 0.303207
0.972711 9.9991E-05 0.0267159 0.000473363
0.165479 0.00758094 0.0763511 0.750589
0.104451 0.216605 0.0205431 0.6584
0.0675215 0.303394 9.9991E-05 0.628984
0.250094 0.101292 9.9991E-05 0.648514
0.49758 0.135085 0.0214764 0.345859
0.0672927 0.0957409 9.9991E-05 0.836866
9.9991E-05 0.139952 0.0533883 0.80656
9.9982E-05 0.151756 9.9982E-05 0.848044
9.9982E-05 0.24666 9.9982E-05 0.75314
0.76449 9.9982E-05 9.9982E-05 0.23531
0.522339 0.157248 0.0126803 0.307733
0.00964179 0.243415 9.9991E-05 0.746843
0.0569998 0.180141 9.9991E-05 0.762759
0.0141227 9.9982E-05 9.9982E-05 0.985677
0.55255 9.9991E-05 0.0404368 0.406914
0.9997 9.998E-05 9.998E-05 9.998E-05
0.477724 9.9982E-05 9.9982E-05 0.522076
0.0323395 0.066753 0.00604995 0.894858
0.121859 0.101055 9.9991E-05 0.776986
0.0193692 0.394963 9.9991E-05 0.585568
9.9982E-05 0.242827 9.9982E-05 0.756973
0.9997 9.998E-05 9.998E-05 9.998E-05
0.0153215 0.0390927 0.0817994 0.863786
9.9982E-05 0.225778 9.9982E-05 0.774022
0.12096 0.145733 9.9991E-05 0.733207
0.654856 9.9991E-05 0.00422254 0.340821
9.9982E-05 0.0225946 9.9982E-05 0.977205
0.0547688 0.341782 9.9991E-05 0.603349
9.9982E-05 9.9982E-05 0.126759 0.873041
0.0942042 0.00152175 0.0703261 0.833948
0.701593 9.9991E-05 0.0384349 0.259872
0.913686 0.0861142 9.9982E-05 9.9982E-05
9.9991E-05 0.196017 0.0330413 0.770841
0.0336314 0.117222 0.154337 0.69481
0.042036 0.0459125 0.0930023 0.819049
0.00276974 0.151218 0.109601 0.736411
0.459847 9.9991E-05 0.00480255 0.53525
0.0645436 0.366395 0.0591073 0.509954
0.205438 9.9991E-05 0.0899867 0.704475
0.0571639 0.0228 0.142222 0.777814
0.580056 9.9991E-05 0.0521488 0.367695
0.345203 0.0454684 0.0571886 0.55214
0.218774 9.9991E-05 0.115363 0.665763
0.63524 0.00809004 0.00340101 0.353269
0.177161 0.113324 9.9991E-05 0.709415
0.422651 0.0970368 0.0832534 0.397059
0.348798 9.9991E-05 0.10996 0.541143
0.241532 0.233636 9.9991E-05 0.524731
0.819241 0.0160255 0.0690603 0.0956735
0.32797 0.119678 0.00254727 0.549804
0.256839 0.21837 9.9991E-05 0.524691
9.9991E-05 0.0629783 0.109812 0.82711
9.9982E-05 0.285408 9.9982E-05 0.714392
9.9991E-05 0.195429 0.141243 0.663228
0.0689607 9.9991E-05 0.0565487 0.874391
0.352873 0.219239 9.9991E-05 0.427788
0.786901 0.0828902 9.9991E-05 0.130109
0.508187 0.129546 0.0261219 0.336145
0.0607064 0.0838085 0.090366 0.765119
0.0260089 0.189517 0.0930701 0.691404
0.86492 0.13488 9.9982E-05 9.9982E-05
9.9982E-05 9.9982E-05 0.126451 0.873349
0.0227444 0.261457 9.9991E-05 0.715699
0.188503 0.212678 9.9991E-05 0.598719
9.9991E-05 0.0166354 0.120722 0.862543
0.212194 0.0658106 0.106335 0.61566
0.083376 9.9991E-05 0.0773558 0.839168
0.0799113 9.9991E-05 0.101182 0.818806
9.9982E-05 0.13676 9.9982E-05 0.86304
9.9982E-05 0.190752 9.9982E-05 0.809048
0.18442 9.9991E-05 0.140734 0.674746
0.563222 0.0306778 0.0921926 0.313908
0.301526 9.9991E-05 0.0324626 0.665912
0.128342 0.0871598 0.0952752 0.689223
0.201516 9.9991E-05 0.127234 0.671151
0.137738 9.9982E-05 9.9982E-05 0.862062
0.9997 9.998E-05 9.998E-05 9.998E-05
0.123723 0.0455496 9.9991E-05 0.830627
0.394811 0.208786 9.9991E-05 0.396303
0.0377297 0.392198 9.9991E-05 0.569972
0.26175 0.180625 9.9991E-05 0.557525
0.615693 9.9991E-05 0.061553 0.322654
0.477477 0.267929 9.9991E-05 0.254494
0.574364 9.9982E-05 9.9982E-05 0.425436
9.998E-05 9.998E-05 9.998E-05 0.9997
0.850737 9.9991E-05 0.0864268 0.0627358
0.403348 0.114319 9.9991E-05 0.482233
0.0092655 9.9991E-05 0.126264 0.86437
0.9997 9.998E-05 9.998E-05 9.998E-05
0.6165 0.110205 9.9991E-05 0.273195
0.126906 0.27043 9.9991E-05 0.602565
0.49432 9.9991E-05 0.0206697 0.484911
0.239461 9.9982E-05 9.9982E-05 0.760339
9.9991E-05 0.0676781 0.122276 0.809945
0.307364 0.00886769 0.0682133 0.615555
9.9982E-05 0.250914 9.9982E-05 0.748886
9.9982E-05 0.0859185 9.9982E-05 0.913882
0.0311178 0.203063 0.039356 0.726463
0.274883 0.230046 0.082167 0.412905
0.296991 0.0734548 9.9991E-05 0.629454
9.9991E-05 0.179814 0.186619 0.633466
0.11405 0.3331 9.9991E-05 0.55275
0.0334034 0.172745 0.166928 0.626924
9.9982E-05 0.320009 9.9982E-05 0.679791
0.340782 0.176033 9.9991E-05 0.483085
9.9982E-05 0.134255 9.9982E-05 0.865546
0.0342482 0.351338 9.9991E-05 0.614313
0.000614916 0.138967 0.220907 0.63951
9.9991E-05 0.274713 0.295879 0.429308
0.3252 0.0935827 0.0785089 0.502708
9.9991E-05 0.275811 0.08344 0.640649
0.221641 0.0809493 9.9991E-05 0.69731
0.00664806 0.0489681 0.0758778 0.868506
9.9982E-05 0.267237 9.9982E-05 0.732563
0.00596412 0.372716 9.9991E-05 0.62122
0.42833 0.0284109 0.00453591 0.538724
0.502066 0.0692678 0.0435684 0.385098
9.9982E-05 9.9982E-05 0.0114351 0.988365
9.9991E-05 0.185769 0.0541441 0.759987
9.9982E-05 9.9982E-05 0.139171 0.860629
0.0426071 0.0936383 0.024342 0.839412
0.400984 9.9991E-05 0.0420408 0.556875
0.230449 0.0986611 9.9991E-05 0.67079
9.9991E-05 0.344612 0.0436982 0.61159
0.587499 9.9991E-05 0.157674 0.254728
0.215878 0.0777016 0.00339391 0.703026
0.228123 0.39705 0.00578893 0.369038
0.800754 9.9991E-05 0.00753776 0.191608
0.0198673 0.116203 0.0577732 0.806157
0.0719727 0.0807387 0.0804612 0.766827
0.010713 9.9982E-05 9.9982E-05 0.989087
9.9991E-05 0.043068 0.0043605 0.952472
0.0149932 0.440759 0.0427794 0.501469
0.0239304 0.117339 9.9991E-05 0.858631
9.9982E-05 0.141903 9.9982E-05 0.857897
9.9982E-05 0.159421 9.9982E-05 0.840379
0.271533 9.9991E-05 0.0634226 0.664944
9.9991E-05 0.0117633 0.0994762 0.888661
9.9982E-05 0.178705 9.9982E-05 0.821095
0.281351 0.387937 9.9991E-05 0.330612
0.00687229 0.098788 0.00102198 0.893318
0.00879418 0.252276 9.9991E-05 0.738829
0.388689 0.12801 9.9991E-05 0.4832
0.295242 9.9982E-05 9.9982E-05 0.704558
0.0206544 0.087388 9.9991E-05 0.891858
0.622368 9.9991E-05 0.033235 0.344297
0.013742 0.025942 0.0263508 0.933965
0.372008 0.0130993 9.9991E-05 0.614793
0.0244359 0.167974 0.0159359 0.791654
0.268557 0.0239139 0.0437912 0.663738
0.319134 0.275039 0.0184207 0.387406
0.550491 0.134243 9.9991E-05 0.315166
0.0404106 0.22356 9.9991E-05 0.735929
9.9982E-05 0.138779 9.9982E-05 0.861021
0.381327 0.0566335 9.9991E-05 0.56194
0.0428456 0.26359 0.0088004 0.684764
0.0381506 0.186674 9.9991E-05 0.775075
0.887717 9.9991E-05 0.0622447 0.0499387
0.0235694 0.0549246 9.9991E-05 0.921406
9.9982E-05 0.0998658 9.9982E-05 0.899934
9.9982E-05 0.139559 9.9982E-05 0.860241
0.0346706 9.9991E-05 0.0475057 0.917724
0.0223117 0.0738946 9.9991E-05 0.903694
0.0303681 9.9982E-05 9.9982E-05 0.969432
0.0088354 0.0103311 0.00936194 0.971472
0.121242 0.0503984 9.9991E-05 0.82826
0.618877 0.0498033 0.0600148 0.271305
9.9982E-05 0.166422 9.9982E-05 0.833378
9.9982E-05 0.19256 9.9982E-05 0.80724
0.209442 0.110087 0.00836697 0.672104
0.483575 9.9991E-05 0.012181 0.504144
9.9991E-05 0.0695212 0.0542776 0.876101
0.279522 9.9982E-05 9.9982E-05 0.720278
0.00964369 0.0430198 0.0169623 0.930374
0.314813 9.9982E-05 9.9982E-05 0.684987
0.14669 0.147527 0.0427658 0.663017
0.509444 9.9991E-05 0.0833346 0.407121
0.293463 0.132942 9.9991E-05 0.573495
0.0833934 0.274103 0.0278947 0.614609
0.226343 0.0520618 9.9991E-05 0.721495
9.9982E-05 9.9982E-05 0.0103564 0.989444
0.0810721 9.9991E-05 0.0350454 0.883783
0.0836325 0.063789 9.9991E-05 0.852478
0.318444 0.101715 0.0087164 0.571125
0.0495726 0.265725 9.9991E-05 0.684603
9.9991E-05 0.0510662 0.142647 0.806187
9.9982E-05 0.105522 9.9982E-05 0.894278
0.595338 0.174941 9.9991E-05 0.22962
0.963862 9.9982E-05 0.035938 9.9982E-05
0.134262 0.0934302 0.0789358 0.693372
0.0818676 0.177941 0.00829479 0.731897
0.15767 9.9991E-05 0.226322 0.615908
0.26404 0.166495 9.9991E-05 0.569366
0.271844 0.175632 0.00156609 0.550958
0.0706164 9.9991E-05 0.0425335 0.88675
9.9991E-05 0.194977 0.0525847 0.752338
0.0013468 0.300472 0.0110817 0.6871
0.0205108 0.116384 0.0164666 0.846639
9.9982E-05 0.286228 9.9982E-05 0.713572
9.9982E-05 0.168307 9.9982E-05 0.831493
9.9982E-05 0.133152 9.9982E-05 0.866648
0.0940882 0.415826 9.9991E-05 0.489986
9.9982E-05 0.299939 9.9982E-05 0.699861
0.118506 0.111482 9.9991E-05 0.769912
0.00406446 0.0641679 0.177797 0.753971
0.0734575 9.9991E-05 0.0833264 0.843116
0.111407 9.9991E-05 0.110521 0.777972
0.65022 0.200061 0.00951313 0.140206
0.480187 0.171805 0.013478 0.33453
0.870162 9.9991E-05 0.101166 0.0285717
9.9991E-05 0.120592 0.0290768 0.850231
0.807169 9.9991E-05 0.0188386 0.173892
0.81155 0.172611 9.9991E-05 0.015739
0.00607984 9.9991E-05 0.150331 0.843489
0.028581 0.0252788 0.1803 0.76584
0.000988258 0.30163 9.9991E-05 0.697282
0.843464 9.9982E-05 9.9982E-05 0.156336
9.9982E-05 0.222347 9.9982E-05 0.777453
0.502814 9.9991E-05 0.101258 0.395828
9.9991E-05 0.0475013 0.0760088 0.87639
0.950413 9.9982E-05 0.0493875 9.9982E-05
0.154671 0.33727 9.9991E-05 0.50796
0.020368 0.104276 9.9991E-05 0.875256
9.9982E-05 0.341249 9.9982E-05 0.658551
9.9982E-05 0.264333 9.9982E-05 0.735467
0.746326 0.0053087 0.0131858 0.235179
0.18832 9.9991E-05 0.0271484 0.784431
0.451886 0.336936 9.9991E-05 0.211078
0.0142552 0.0683454 0.128847 0.788553
0.842254 0.143732 0.0139134 9.9991E-05
0.103665 0.288512 0.16564 0.442183
0.426383 0.0283284 0.118454 0.426835
9.9982E-05 0.353414 9.9982E-05 0.646386
0.212661 0.0902285 0.0556995 0.641411
0.52942 9.9991E-05 0.026348 0.444132
9.9991E-05 0.219783 0.090291 0.689826
0.00145424 0.0638112 0.0396826 0.895052
9.9982E-05 0.348836 9.9982E-05 0.650964
9.9991E-05 0.119232 0.105712 0.774956
0.505766 9.9991E-05 0.0580252 0.436108
0.0201651 0.132585 0.0317643 0.815486
9.9991E-05 0.0027659 0.0783955 0.918739
0.0444228 0.200316 9.9991E-05 0.755162
0.505726 0.0596471 0.0278047 0.406823
0.25811 0.159322 9.9991E-05 0.582468
9.9991E-05 0.124627 0.0824108 0.792863
0.215865 0.376985 0.0388901 0.368259
0.228483 9.9991E-05 0.120486 0.650931
0.0219232 0.186839 0.0228308 0.768407
0.437009 0.0526145 0.0734395 0.436937
0.0998007 0.182057 9.9991E-05 0.718042
0.497852 0.0136561 0.0491496 0.439342
9.9982E-05 0.271354 9.9982E-05 0.728446
9.9982E-05 0.128165 9.9982E-05 0.871635
9.9982E-05 0.0939915 9.9982E-05 0.905809
9.9982E-05 9.9982E-05 0.0483019 0.951498
9.9991E-05 0.278183 0.0163113 0.705406
9.9982E-05 0.258318 9.9982E-05 0.741482
0.350069 9.9982E-05 9.9982E-05 0.649731
0.0823893 0.225741 9.9991E-05 0.69177
9.998E-05 9.998E-05 9.998E-05 0.9997
0.0182086 0.0185675 9.9991E-05 0.963124
0.15648 9.9991E-05 0.122402 0.721017
0.370372 0.0275926 0.178383 0.423653
9.9991E-05 0.321894 0.0162314 0.661775
9.9991E-05 0.190485 0.020508 0.788907
0.874668 0.0205391 9.9991E-05 0.104693
0.688192 0.208609 9.9991E-05 0.103099
9.9991E-05 0.119421 0.0144668 0.866012
9.9991E-05 0.322161 0.219805 0.457934
0.0599594 0.263918 0.592061 0.0840612
0.029737 0.433207 0.385452 0.151605
9.9991E-05 0.354227 0.0191968 0.626476
9.9991E-05 0.415878 0.497497 0.0865242
0.0485611 0.814236 0.0918635 0.0453393
0.0244417 0.530243 0.352164 0.0931517
0.0422494 0.500237 0.457414 9.9991E-05
0.0173095 0.266351 0.486029 0.23031
0.0240525 0.471571 0.217159 0.287217
9.9991E-05 0.224821 0.281266 0.493814
0.0371784 0.499795 0.291894 0.171133
9.9991E-05 0.193561 0.277925 0.528414
0.00561737 0.311545 0.391425 0.291413
9.9991E-05 0.341746 0.408429 0.249725
0.137684 0.222537 0.578651 0.0611285
9.9991E-05 0.276981 0.360629 0.362289
0.00778067 0.311317 0.336023 0.34488
0.814859 9.9982E-05 0.184941 9.9982E-05
0.0515349 0.439502 0.308815 0.200147
0.000383398 0.387307 0.336384 0.275926
0.111861 0.0368173 0.0777532 0.773569
9.9982E-05 0.467621 0.532179 9.9982E-05
9.9982E-05 0.502448 0.497352 9.9982E-05
0.063443 0.291912 0.0458191 0.598826
0.0498965 0.479262 0.441758 0.0290832
0.0101051 0.283573 0.416523 0.289799
9.9991E-05 0.316671 0.363952 0.319277
0.031058 0.318709 0.504511 0.145722
0.0685032 0.34322 0.51546 0.0728173
9.9982E-05 0.47071 0.52909 9.9982E-05
0.050409 9.9991E-05 0.948335 0.00115565
0.0218676 0.246657 0.547572 0.183904
9.9991E-05 0.178536 0.581671 0.239693
0.108368 0.478701 0.412831 9.9991E-05
0.0116911 0.519691 0.324032 0.144585
0.124567 0.494352 0.379179 0.00190299
9.9991E-05 0.0952729 0.147539 0.757088
9.9991E-05 0.405106 0.593568 0.00122612
9.9991E-05 0.0591773 0.510583 0.43014
0.0165582 0.636982 0.183832 0.162628
9.9991E-05 0.260692 0.363269 0.375939
9.9982E-05 9.9982E-05 0.982154 0.0176456
9.9991E-05 0.284421 0.0638259 0.651653
9.9991E-05 0.355112 0.502704 0.142085
0.377116 0.259056 0.00479089 0.359036
9.9991E-05 0.0621871 0.235138 0.702575
0.0274889 0.236815 0.0263142 0.709382
0.0301319 0.466617 0.363348 0.139902
0.0192256 0.659328 0.191675 0.129772
0.0452975 0.469981 0.484621 9.9991E-05
9.9991E-05 0.414798 0.244484 0.340618
0.0525276 0.367524 0.287255 0.292694
9.9991E-05 0.51771 0.360372 0.121818
9.9991E-05 0.353592 0.261136 0.385171
9.9982E-05 0.49886 0.50094 9.9982E-05
9.9991E-05 0.293485 0.441011 0.265404
0.032147 9.9991E-05 0.3807 0.587053
9.9982E-05 0.459728 0.540072 9.9982E-05
9.9982E-05 0.498258 0.501542 9.9982E-05
0.0482815 0.468684 0.482934 9.9991E-05
9.9982E-05 0.736776 0.263024 9.9982E-05
9.9991E-05 0.265374 0.0428396 0.691687
0.00384094 0.390361 0.590261 0.0155375
0.242416 0.0415959 0.045747 0.670241
9.9991E-05 0.367165 0.402256 0.230479
0.0778611 0.313371 0.504728 0.10404
0.164662 9.9991E-05 0.157708 0.67753
0.0589834 0.300261 0.460635 0.18012
0.0413632 0.342348 0.402497 0.213792
9.9991E-05 0.147524 0.703767 0.148609
0.00795829 0.289598 0.47154 0.230904
0.0413445 0.253731 0.260325 0.4446
9.9991E-05 0.22854 0.503031 0.268328
0.0426857 0.601568 0.355647 9.9991E-05
0.0140306 0.599793 0.300326 0.085851
9.9991E-05 0.493995 0.00423871 0.501666
9.9991E-05 0.640556 0.325761 0.0335829
0.00980612 0.315159 0.315617 0.359418
0.89651 9.9982E-05 0.10329 9.9982E-05
9.9991E-05 0.271097 0.424534 0.30427
0.104591 0.176292 9.9991E-05 0.719018
0.0649579 0.51114 0.423802 9.9991E-05
0.00977878 0.446403 0.268787 0.275031
9.9991E-05 0.413428 0.160976 0.425496
9.9991E-05 0.135301 0.129479 0.73512
9.9991E-05 0.283884 0.372309 0.343708
9.9991E-05 0.128756 0.544761 0.326383
9.9991E-05 0.354016 0.411004 0.23488
0.00370288 0.0810532 0.580112 0.335132
0.0339499 0.257972 0.0384394 0.669639
0.0207671 0.539371 0.345769 0.094093
9.9991E-05 0.532232 0.290302 0.177366
9.9991E-05 0.503287 0.268995 0.227619
0.0296501 0.154437 9.9991E-05 0.815813
9.9991E-05 0.348509 0.491346 0.160045
0.0367343 0.274632 0.520637 0.167997
9.9991E-05 0.393291 0.421169 0.18544
9.9991E-05 0.335584 0.38303 0.281286
9.9982E-05 0.0249987 9.9982E-05 0.974801
0.954559 9.9982E-05 0.0452409 9.9982E-05
9.9991E-05 0.272028 0.478781 0.24909
9.9991E-05 0.387587 0.302816 0.309497
9.9991E-05 0.590475 0.225198 0.184226
0.0200522 0.178218 0.56265 0.239079
0.042158 0.349217 0.543767 0.0648575
9.9991E-05 0.522123 0.368414 0.109364
0.0630685 0.218836 0.594847 0.123248
0.0554009 0.424509 0.51999 9.9991E-05
0.0512599 0.557705 0.380623 0.0104116
9.9991E-05 0.0791999 0.411737 0.508963
9.9982E-05 0.272613 9.9982E-05 0.727187
9.9991E-05 0.409853 0.528453 0.0615946
0.00240926 0.555008 0.294777 0.147806
9.9991E-05 0.0953636 0.0449141 0.859622
0.0431703 0.530897 0.360427 0.0655055
0.0243613 0.199495 9.9991E-05 0.776044
0.0401655 0.616576 0.282117 0.061142
9.9991E-05 0.296151 0.45672 0.247029
9.9991E-05 0.261974 0.105326 0.6326
0.00318555 0.809163 0.161354 0.026297
0.0300238 0.542601 0.103655 0.32372
0.0227858 9.9991E-05 0.804216 0.172898
0.58354 9.9982E-05 0.41626 9.9982E-05
9.9991E-05 0.284458 0.597052 0.11839
9.9991E-05 0.384627 0.373068 0.242205
9.9991E-05 0.308178 0.549778 0.141944
0.079927 0.320076 0.360034 0.239963
0.0406392 0.515021 0.44424 9.9991E-05
0.0109533 0.445344 0.451112 0.0925901
9.9991E-05 0.55501 0.309841 0.13505
9.998E-05 9.998E-05 9.998E-05 0.9997
0.0573927 0.213659 0.508924 0.220024
9.9991E-05 0.426621 0.472696 0.100583
0.0141003 0.34292 0.642879 9.9991E-05
0.0164413 0.48241 0.369624 0.131525
0.00814842 0.298599 0.365408 0.327844
0.00382491 0.407048 0.239116 0.350011
9.9991E-05 0.362658 0.209227 0.428015
0.0673117 0.278064 0.212643 0.441981
9.9991E-05 0.237003 0.448408 0.314489
9.9991E-05 0.287155 0.52474 0.188005
0.0665558 0.055205 9.9991E-05 0.878139
9.9991E-05 0.157101 0.328253 0.514547
0.0163764 0.41101 0.561271 0.0113428
0.05454 0.602151 0.343209 9.9991E-05
0.0176894 0.364221 0.392304 0.225786
9.9982E-05 0.493649 0.506151 9.9982E-05
0.0328854 0.580443 0.225059 0.161613
0.0371661 9.9991E-05 0.0427687 0.919965
0.0682939 0.115162 0.133482 0.683062
0.0477186 0.299715 0.436473 0.216093
9.9982E-05 0.713562 0.286238 9.9982E-05
9.9991E-05 0.523353 0.374447 0.1021
9.9991E-05 0.228975 0.37288 0.398045
0.0521686 0.44527 0.480214 0.0223471
0.0362676 0.121031 0.70649 0.136211
0.287113 0.0739309 0.109653 0.529302
9.9991E-05 0.49813 0.381753 0.120017
9.9991E-05 0.154157 0.437438 0.408305
0.377092 0.26655 0.130626 0.225731
0.254807 9.9991E-05 0.133999 0.611094
0.0344284 0.55055 0.414921 9.9991E-05
0.0707071 0.226505 0.301787 0.401001
9.9991E-05 0.411683 0.448779 0.139438
9.9991E-05 0.175947 0.113706 0.710246
9.9991E-05 0.454395 0.305601 0.239904
0.00118885 0.458832 0.404649 0.13533
0.320712 0.0431794 0.146614 0.489494
9.9991E-05 0.45831 0.380329 0.161261
0.0533212 0.541856 0.366442 0.0383806
0.0252369 0.380527 0.425923 0.168313
0.0167518 0.122804 0.555463 0.304981
9.9991E-05 0.382742 0.550014 0.0671438
0.0123996 0.393516 0.552131 0.0419535
0.0347365 0.32952 0.471172 0.164572
9.9991E-05 0.159608 0.403077 0.437214
9.9991E-05 0.37333 0.455364 0.171206
0.0411844 0.34137 0.405914 0.211532
0.728428 0.271372 9.9982E-05 9.9982E-05
9.9991E-05 0.310729 0.652779 0.0363912
9.9982E-05 0.583952 0.415848 9.9982E-05
9.9991E-05 0.267843 0.123659 0.608397
9.9982E-05 0.570823 0.428977 9.9982E-05
0.00130223 0.517216 0.230017 0.251465
0.00179444 0.263884 0.568578 0.165744
0.125589 0.461087 0.079925 0.333399
9.9991E-05 0.576887 0.371887 0.0511259
0.000523702 0.368759 0.590519 0.040198
0.0306721 0.452202 0.438751 0.0783754
9.9991E-05 0.495233 0.400987 0.10368
0.0186341 0.631713 0.0700109 0.279642
0.988324 9.9982E-05 0.011476 9.9982E-05
9.9982E-05 9.9982E-05 0.627044 0.372756
9.9991E-05 0.502977 0.211495 0.285428
9.9991E-05 0.395132 0.307841 0.296927
9.9991E-05 0.567769 0.361747 0.0703831
0.0496819 0.503976 0.446242 9.9991E-05
0.0672402 0.375113 0.440388 0.117259
0.771002 0.119348 0.0767144 0.032936
9.9991E-05 0.524078 0.460804 0.0150181
0.0264693 0.401255 0.416101 0.156175
9.9991E-05 0.335036 0.406856 0.258008
9.9991E-05 0.557181 0.242517 0.200202
9.9991E-05 0.324285 0.49576 0.179855
9.9991E-05 0.610117 0.357133 0.0326506
9.9991E-05 0.286172 0.402466 0.311263
9.9991E-05 0.20389 0.496736 0.299274
0.0161641 0.429149 0.326582 0.228104
0.0252271 0.513935 0.208773 0.252066
0.0339455 0.267187 0.597876 0.100992
9.9991E-05 0.395328 0.284693 0.319879
9.9991E-05 0.173533 0.388414 0.437953
0.0644165 0.28332 0.548795 0.103468
9.9991E-05 0.314277 0.268223 0.4174
9.9991E-05 0.287822 0.2612 0.450878
9.9991E-05 0.670669 0.273226 0.056005
0.106697 0.295348 0.597856 9.9991E-05
0.0298724 0.370956 0.378739 0.220432
0.0274094 0.465484 0.26416 0.242946
9.9991E-05 0.407315 0.146873 0.445711
9.9991E-05 0.205834 0.684995 0.109071
9.9991E-05 0.519893 0.170499 0.309508
9.9991E-05 0.308159 0.375947 0.315793
0.959997 0.0398027 9.9982E-05 9.9982E-05
0.380658 9.9991E-05 0.127088 0.492154
0.280535 0.393114 0.035774 0.290577
0.643314 0.0717943 0.015745 0.269147
9.9991E-05 0.400887 0.00995884 0.589054
9.9991E-05 0.167818 0.17656 0.655522
0.226302 0.240062 0.0167639 0.516872
9.9991E-05 0.429835 0.520134 0.0499311
0.018933 0.363309 0.326785 0.290973
9.9991E-05 0.449125 0.512671 0.0381035
9.9991E-05 0.155248 0.252433 0.592219
0.102041 0.288785 0.414896 0.194277
0.0163094 0.382362 0.341781 0.259548
0.000606869 0.300761 0.334601 0.364031
9.9991E-05 0.628682 0.275708 0.0955103
9.9991E-05 0.396061 0.434376 0.169463
9.9991E-05 0.527684 0.31853 0.153685
9.9991E-05 0.713178 0.184471 0.102251
0.0768414 0.287724 0.107451 0.527984
0.125808 0.238797 0.456759 0.178636
9.9991E-05 0.211014 0.628509 0.160377
0.0576097 0.375236 0.325419 0.241735
0.811265 0.0901119 0.0875991 0.0110243
0.177027 0.116642 0.00499412 0.701336
9.9991E-05 0.234834 0.532244 0.232823
9.9991E-05 0.672947 0.277638 0.0493152
0.197699 0.0589491 0.105547 0.637805
9.9991E-05 0.320221 0.508269 0.17141
0.00514565 0.624465 0.370289 9.9991E-05
0.0404532 0.215834 9.9991E-05 0.743613
9.9991E-05 0.513392 0.443486 0.0430221
0.0421763 0.282886 0.610534 0.0644039
9.9991E-05 0.313392 0.372485 0.314023
9.9991E-05 0.342182 0.450255 0.207464
0.0466923 0.460807 0.210812 0.281689
9.9991E-05 0.313843 0.532314 0.153743
0.344288 0.155475 0.103774 0.396463
9.9991E-05 0.438994 0.364013 0.196893
0.0287853 0.375993 0.367965 0.227256
9.9982E-05 0.550116 0.449684 9.9982E-05
0.238184 0.19012 0.133163 0.438532
9.9991E-05 0.409222 0.124807 0.465871
0.0293309 0.334153 0.0417001 0.594816
9.9991E-05 0.48792 0.362013 0.149967
0.00919696 0.234422 0.0825938 0.673787
9.9991E-05 0.559962 0.430316 0.00962203
0.0244191 0.576949 0.105147 0.293485
0.00137842 0.635546 0.339008 0.0240677
0.00948622 0.700615 0.181561 0.108338
0.303987 0.203442 0.114226 0.378345
9.9991E-05 0.430587 0.334391 0.234922
0.853608 9.9991E-05 0.127567 0.0187251
0.024398 0.517927 0.297491 0.160184
0.039667 0.513697 0.391074 0.0555623
0.9997 9.998E-05 9.998E-05 9.998E-05
0.87183 0.0524519 0.0756181 9.9991E-05
9.9991E-05 0.476932 0.269299 0.253669
0.0496316 0.39538 0.215622 0.339367
0.0377211 0.371384 0.444088 0.146807
0.0696841 0.491938 0.438277 9.9991E-05
9.9991E-05 0.35423 0.360013 0.285658
9.9982E-05 0.394612 0.605188 9.9982E-05
0.0376824 0.360086 0.320809 0.281423
0.361408 0.315267 9.9991E-05 0.323225
0.000540898 0.323756 0.41938 0.256323
0.0443833 0.476698 0.478819 9.9991E-05
9.9991E-05 0.687775 0.0465937 0.265531
9.9991E-05 0.237608 0.412264 0.350028
0.11237 0.280855 0.190978 0.415797
9.9991E-05 0.554765 0.370963 0.0741717
0.0130564 0.306351 0.306715 0.373877
0.0404405 0.0514144 0.454159 0.453986
0.063093 0.434847 0.18646 0.3156
0.251476 0.14142 0.0265292 0.580574
9.9991E-05 0.45063 0.261592 0.287679
9.9982E-05 9.9982E-05 0.602697 0.397103
9.9991E-05 0.037361 0.719494 0.243045
9.9991E-05 0.407311 0.305821 0.286769
9.9991E-05 0.288901 0.273729 0.43727
9.9991E-05 0.542091 0.242487 0.215322
0.0345975 0.506677 0.308868 0.149857
9.9991E-05 0.5611 0.426773 0.0120265
9.9991E-05 0.236049 0.395167 0.368684
0.0380058 0.127278 0.495368 0.339348
0.0356724 0.47789 9.9991E-05 0.486337
0.0254924 0.277679 0.374016 0.322812
0.0804932 0.397037 0.349759 0.172711
9.9991E-05 0.0510192 0.0179367 0.930944
9.9991E-05 0.308274 0.466447 0.225179
0.0415866 0.594843 0.253798 0.109772
9.9991E-05 0.306371 0.380272 0.313257
0.00260472 0.307209 0.440495 0.249691
9.9991E-05 0.341847 0.414489 0.243564
9.9991E-05 0.0938961 0.0688345 0.837169
9.9991E-05 0.638639 0.356316 0.004945
0.0614621 0.0218402 0.194116 0.722581
