0.499623 9.9991E-05 0.208412 0.291866
0.420535 0.0520883 0.0158555 0.511521
0.354386 0.0630385 9.9991E-05 0.582476
0.570166 0.168526 9.9991E-05 0.261209
0.668214 0.0158956 9.9991E-05 0.315791
9.9982E-05 0.794465 9.9982E-05 0.205335
0.598947 9.9991E-05 0.145503 0.255449
9.9982E-05 0.954645 9.9982E-05 0.0451554
0.550059 9.9991E-05 0.0774768 0.372365
0.554243 9.9991E-05 0.0156161 0.430041
0.581892 9.9982E-05 9.9982E-05 0.417908
0.442517 0.259944 9.9991E-05 0.297439
0.594942 9.9982E-05 9.9982E-05 0.404858
0.621534 0.058166 0.0525008 0.2678
0.0968737 0.669844 9.9991E-05 0.233182
0.529213 0.0728539 0.0025105 0.395423
0.314643 0.154401 9.9991E-05 0.530856
0.834884 9.9982E-05 0.164916 9.9982E-05
0.606177 0.0130975 0.0583614 0.322364
0.692151 9.9982E-05 9.9982E-05 0.307649
0.795744 9.9991E-05 0.0753445 0.128812
0.44384 0.152994 0.0806687 0.322498
0.556129 9.9982E-05 9.9982E-05 0.443671
0.0504933 0.615899 9.9991E-05 0.333508
0.563542 9.9991E-05 0.0796632 0.356695
0.228983 0.681673 9.9991E-05 0.0892441
0.192661 0.473568 9.9991E-05 0.333671
0.647608 0.352192 9.9982E-05 9.9982E-05
9.9982E-05 0.708583 9.9982E-05 0.291217
0.732896 0.193348 9.9991E-05 0.0736559
0.269297 0.495339 9.9991E-05 0.235264
0.594105 0.00714782 0.108729 0.290018
0.256126 0.190975 9.9991E-05 0.552799
0.0668826 0.932917 9.9982E-05 9.9982E-05
9.9982E-05 0.889406 0.110394 9.9982E-05
0.696968 0.127157 0.103997 0.071878
0.653705 0.135315 9.9991E-05 0.21088
0.533917 9.9991E-05 0.146308 0.319676
0.171094 0.76663 0.00403525 0.0582409
0.189992 0.408482 0.0650157 0.336511
0.258923 0.20824 0.108572 0.424265
0.485188 9.9982E-05 9.9982E-05 0.514612
0.73593 0.147505 9.9991E-05 0.116465
0.149807 0.70433 0.12926 0.0166034
0.427365 9.9991E-05 0.142866 0.429669
0.370473 9.9991E-05 0.172393 0.457034
0.520938 0.0360615 0.0684933 0.374507
0.310217 0.0544881 9.9991E-05 0.635195
0.543384 9.9991E-05 0.0152169 0.441299
0.0258208 0.491292 9.9991E-05 0.482787
0.619934 0.00890884 0.0843524 0.286804
0.181856 0.423868 0.108831 0.285445
0.400038 9.9991E-05 0.136205 0.463658
0.0214164 0.978384 9.9982E-05 9.9982E-05
0.196203 0.3927 9.9991E-05 0.410996
0.823064 9.9991E-05 0.020626 0.15621
0.741273 9.9991E-05 0.0692776 0.189349
0.483767 0.101854 0.0565442 0.357835
0.142218 0.32013 9.9991E-05 0.537552
0.590749 0.406046 9.9991E-05 0.00310462
9.9991E-05 0.841385 0.0156887 0.142826
9.9982E-05 0.899156 9.9982E-05 0.100644
0.651746 0.00261993 0.106586 0.239048
9.9982E-05 0.86147 9.9982E-05 0.13833
0.422704 0.00129537 0.0812248 0.494776
0.0569173 0.865573 0.033895 0.0436151
0.745907 9.9991E-05 0.0181113 0.235882
0.283156 0.109475 9.9991E-05 0.607269
0.462451 9.9991E-05 0.0482149 0.489234
9.9982E-05 0.691403 9.9982E-05 0.308397
0.43477 9.9991E-05 0.139698 0.425433
0.656157 0.0665736 0.0804007 0.196869
0.316685 0.327153 0.166971 0.189191
0.306885 9.9991E-05 0.0691526 0.623863
0.500812 0.0788365 0.171577 0.248775
0.482902 0.433971 9.9991E-05 0.0830263
0.592113 0.0700643 0.01166 0.326163
0.338555 0.0936454 9.9991E-05 0.5677
0.267405 0.127065 0.0108193 0.594711
0.498491 0.0115123 0.195791 0.294205
0.388377 9.9991E-05 0.00118415 0.610339
0.535547 0.0128675 0.0698761 0.38171
0.570282 0.0571728 0.0205333 0.352012
0.594014 9.9991E-05 0.0200819 0.385804
0.663467 9.9982E-05 9.9982E-05 0.336334
0.278484 0.121621 9.9991E-05 0.599795
0.377381 0.311748 9.9991E-05 0.310771
0.302683 0.234569 0.0140831 0.448665
0.0127472 0.932174 9.9991E-05 0.0549784
0.288433 0.23988 0.12928 0.342407
0.249751 9.9991E-05 0.0506928 0.699456
0.230548 0.512112 9.9991E-05 0.25724
0.645774 0.0466002 0.0571906 0.250435
0.629633 0.259462 9.9991E-05 0.110806
0.120523 0.457419 9.9991E-05 0.421958
0.0204931 0.939847 9.9991E-05 0.03956
0.580774 0.132604 0.0584026 0.22822
0.291657 0.0829076 0.0196987 0.605737
0.494597 0.0366134 0.0286668 0.440123
0.682309 0.251217 0.0236457 0.0428287
0.000216405 0.432531 0.0340916 0.533161
0.591699 0.0519923 9.9991E-05 0.356209
0.562392 9.9991E-05 0.203177 0.23433
0.588301 9.9991E-05 0.111788 0.299811
0.501947 9.9991E-05 0.145732 0.352221
0.035529 0.799422 9.9991E-05 0.164949
0.0658167 0.484867 0.140243 0.309074
0.629356 9.9982E-05 9.9982E-05 0.370444
0.503057 9.9982E-05 9.9982E-05 0.496743
0.78523 9.9982E-05 9.9982E-05 0.21457
0.157867 0.457515 9.9991E-05 0.384518
9.9982E-05 0.973972 9.9982E-05 0.0258284
0.152505 0.454841 9.9991E-05 0.392553
0.786737 0.00335666 0.0641411 0.145765
0.669099 0.120082 9.9991E-05 0.210718
0.756607 9.9991E-05 0.0902516 0.153041
0.774811 0.00340963 0.00264998 0.21913
9.998E-05 0.9997 9.998E-05 9.998E-05
0.851088 0.0441796 0.0552768 0.0494553
0.590641 9.9991E-05 0.0172671 0.391992
0.750872 0.0919457 0.0107795 0.146403
0.15267 0.688437 9.9991E-05 0.158793
0.726444 9.9982E-05 9.9982E-05 0.273356
0.362037 0.0558699 0.117442 0.464651
0.742682 9.9991E-05 0.093116 0.164102
0.638441 0.0402965 0.0345237 0.286739
0.300155 0.699645 9.9982E-05 9.9982E-05
9.9982E-05 0.984103 9.9982E-05 0.0156965
0.355471 9.9991E-05 0.196466 0.447963
0.472429 9.9991E-05 0.143097 0.384374
0.647685 9.9991E-05 0.0807872 0.271427
0.390872 9.9991E-05 0.121343 0.487685
0.35509 0.397465 9.9991E-05 0.247345
0.38499 0.0176261 0.182715 0.414669
0.558214 0.24765 0.048694 0.145441
9.998E-05 9.998E-05 9.998E-05 0.9997
0.289607 0.557319 0.0789285 0.0741457
0.50586 0.306124 0.0237662 0.16425
9.998E-05 9.998E-05 9.998E-05 0.9997
0.156178 0.653241 9.9991E-05 0.190481
0.613149 0.211068 9.9991E-05 0.175683
0.306033 0.33005 0.071464 0.292453
0.342727 0.358699 9.9991E-05 0.298474
0.186261 0.223864 0.0331428 0.556733
9.9991E-05 0.824555 0.0301756 0.14517
0.348188 0.318299 0.0628799 0.270633
0.33924 0.250781 9.9991E-05 0.409879
0.577075 9.9991E-05 0.0668204 0.356005
0.629351 9.9991E-05 0.0516231 0.318926
0.248395 9.9991E-05 0.279775 0.47173
0.592427 9.9982E-05 9.9982E-05 0.407373
0.556698 0.378439 0.0647625 9.9991E-05
0.101917 0.890704 9.9991E-05 0.00727898
0.274211 0.478455 0.102037 0.145297
0.345384 9.9991E-05 0.125 0.529516
0.34258 9.9991E-05 0.107051 0.550269
9.9982E-05 0.888784 9.9982E-05 0.111016
0.457122 9.9991E-05 0.14234 0.400438
0.4875 9.9991E-05 0.0897336 0.422667
0.55041 0.222929 0.0262178 0.200443
0.506814 0.0119217 0.0927929 0.388472
0.232951 0.128931 0.0737613 0.564357
0.275022 0.0459947 9.9991E-05 0.678883
0.36802 0.0135543 0.049771 0.568655
0.797125 9.99975E-05 0.0363902 0.166385
0.746999 9.9991E-05 0.0682643 0.184637
0.192027 0.123072 0.0819855 0.602915
0.178013 0.56263 9.9991E-05 0.259257
0.291889 0.207326 9.9991E-05 0.500685
0.0904415 0.00046608 0.183591 0.725502
0.273492 0.112139 0.0589122 0.555457
0.445637 0.0811414 9.9991E-05 0.473122
9.998E-05 0.9997 9.998E-05 9.998E-05
0.275315 0.043565 9.9991E-05 0.68102
0.0790808 0.294519 9.9991E-05 0.6263
0.19393 9.9991E-05 0.0974211 0.708549
0.435535 0.275615 9.9991E-05 0.28875
0.151763 0.592362 9.9991E-05 0.255775
0.331912 0.496721 9.9991E-05 0.171268
0.335541 0.664259 9.9982E-05 9.9982E-05
0.586868 9.9982E-05 9.9982E-05 0.412932
9.9982E-05 0.778413 9.9982E-05 0.221387
0.49566 0.496608 9.9991E-05 0.00763231
0.623151 9.9991E-05 0.148669 0.22808
9.998E-05 0.9997 9.998E-05 9.998E-05
9.9982E-05 0.47549 9.9982E-05 0.52431
0.350527 9.9982E-05 9.9982E-05 0.649273
0.332678 0.430028 9.9991E-05 0.237194
0.53211 0.18075 9.9991E-05 0.28704
0.54306 9.9991E-05 0.116256 0.340584
0.497502 0.367007 0.135392 9.9991E-05
0.645953 0.0147064 9.9991E-05 0.339241
0.650249 9.9982E-05 9.9982E-05 0.349551
0.456551 0.0275487 0.11899 0.396911
0.11564 0.27411 0.182471 0.427778
0.618005 0.284857 0.0137118 0.0834259
0.533824 9.9991E-05 0.224003 0.242073
0.532726 0.143694 0.0928648 0.230715
0.2396 9.9991E-05 0.172984 0.587315
0.377719 9.9991E-05 0.036929 0.585252
0.354265 0.361587 0.051178 0.232971
0.743991 9.9982E-05 9.9982E-05 0.255809
0.406412 0.000900528 0.11277 0.479917
0.256308 9.9991E-05 0.33371 0.409882
0.414965 9.9991E-05 0.374502 0.210433
0.139404 0.272674 0.0958311 0.492091
0.686882 0.015207 0.148059 0.149852
0.343059 0.163509 9.9991E-05 0.493332
0.540519 9.9991E-05 0.0203402 0.439041
0.670708 9.9991E-05 0.163723 0.165469
0.557996 9.9991E-05 0.13406 0.307844
0.375572 0.386022 9.9991E-05 0.238306
0.336736 0.405349 9.9991E-05 0.257815
0.857038 9.9982E-05 9.9982E-05 0.142762
0.720693 9.9991E-05 0.159456 0.119751
0.622921 9.9991E-05 0.0584692 0.31851
0.428449 0.00432337 0.00155687 0.565671
0.0716425 0.265025 9.9991E-05 0.663233
0.397252 0.199965 9.9991E-05 0.402683
0.346179 9.9991E-05 0.202423 0.451299
0.117975 0.556601 9.9991E-05 0.325324
0.610738 0.148818 9.9991E-05 0.240345
0.156379 0.0942434 0.153 0.596378
9.9982E-05 0.781414 9.9982E-05 0.218386
0.335608 9.9991E-05 0.0123743 0.651918
0.409502 9.9982E-05 9.9982E-05 0.590298
0.684231 0.053975 9.9991E-05 0.261694
0.72272 9.9991E-05 0.126448 0.150732
0.261707 9.9991E-05 0.170594 0.567599
0.477694 0.00287459 0.0602257 0.459205
0.805279 9.9982E-05 9.9982E-05 0.194521
0.704224 0.0017586 9.9991E-05 0.293917
0.364589 0.228075 9.9991E-05 0.407236
0.549791 9.9991E-05 0.0259119 0.424197
0.588088 9.9982E-05 9.9982E-05 0.411712
9.9982E-05 0.0706797 9.9982E-05 0.92912
0.586202 9.9991E-05 0.0206274 0.393071
0.638356 9.9982E-05 9.9982E-05 0.361444
0.43732 0.365689 9.9991E-05 0.196891
0.428959 0.326001 9.9991E-05 0.24494
0.70532 0.0225769 9.9991E-05 0.272003
0.221842 0.611079 9.9991E-05 0.16698
0.481809 9.9982E-05 9.9982E-05 0.517991
0.415086 0.329472 9.9991E-05 0.255342
0.722613 0.0258401 0.16168 0.0898668
9.9982E-05 0.171635 9.9982E-05 0.828165
0.188672 0.339996 0.221279 0.250053
0.222566 0.538 0.0131002 0.226334
0.538318 0.0370474 9.9991E-05 0.424534
0.587158 9.9982E-05 9.9982E-05 0.412642
0.47886 0.287139 9.9991E-05 0.233901
0.536248 9.9991E-05 0.0623455 0.401306
0.702457 0.0101732 0.0723171 0.215052
0.0711552 0.907091 0.00899337 0.0127604
0.577936 9.9991E-05 0.0372702 0.384694
0.669844 9.9991E-05 0.128058 0.201998
0.763149 9.9982E-05 9.9982E-05 0.236651
0.521855 0.0433233 9.9991E-05 0.434722
0.574554 0.0599993 9.9991E-05 0.365347
0.641931 9.9982E-05 9.9982E-05 0.35787
0.746732 0.0206395 9.9991E-05 0.232528
0.704464 0.113864 0.0569341 0.124738
0.164333 0.528447 0.0635853 0.243635
0.636999 0.0326764 9.9991E-05 0.330224
0.823083 9.9982E-05 9.9982E-05 0.176717
0.401129 0.180261 0.0493791 0.369231
0.341482 0.38495 9.9991E-05 0.273468
0.522105 9.9991E-05 0.121403 0.356392
0.529265 0.267594 9.9991E-05 0.203042
0.773342 0.00768035 0.0304592 0.188519
0.445686 0.399039 0.0110607 0.144214
0.330907 0.096861 0.13934 0.432891
0.103093 0.503086 0.00773654 0.386084
0.698875 0.298512 9.9991E-05 0.00251266
0.347738 0.0142029 0.127229 0.51083
0.535094 0.295083 0.0124084 0.157414
0.479306 9.9982E-05 9.9982E-05 0.520494
0.608315 0.0433951 9.9991E-05 0.34819
0.352354 0.0031567 0.0374973 0.606992
0.239057 0.29708 0.0663621 0.397501
0.342849 9.9982E-05 9.9982E-05 0.656951
0.623623 9.9991E-05 0.152053 0.224224
0.736479 9.9991E-05 0.00315091 0.26027
0.228044 0.598167 0.151573 0.022216
9.9982E-05 0.914211 0.0855892 9.9982E-05
0.504572 0.094167 0.0656755 0.335585
0.367325 0.11333 0.156638 0.362707
0.232538 0.0816121 0.144432 0.541418
0.354991 0.179791 9.9991E-05 0.465118
0.399871 0.268675 0.130273 0.201181
0.733933 0.148183 9.9991E-05 0.117784
0.414785 9.9991E-05 0.174637 0.410478
0.503679 9.9991E-05 0.119731 0.37649
0.606111 0.011714 0.0930866 0.289088
0.860826 9.9991E-05 0.125837 0.0132368
0.759418 9.9982E-05 9.9982E-05 0.240382
0.699937 9.9982E-05 9.9982E-05 0.299863
0.241835 0.00837411 0.0202329 0.729558
0.53509 9.9991E-05 0.148135 0.316675
0.655145 0.0747253 0.0308838 0.239246
0.460529 9.9991E-05 0.190567 0.348804
0.505912 0.0178176 0.097205 0.379066
0.690553 0.172886 0.0633349 0.0732264
0.306993 0.590089 0.102818 9.9991E-05
0.217928 0.47779 0.0331835 0.271099
0.109383 0.890417 9.9982E-05 9.9982E-05
0.563613 9.9982E-05 9.9982E-05 0.436187
0.102091 0.864937 0.0328724 9.9991E-05
9.9982E-05 0.681798 9.9982E-05 0.318002
0.476131 9.9991E-05 0.0692547 0.454514
0.526259 9.9991E-05 0.157715 0.315927
0.626978 9.9991E-05 0.107107 0.265815
0.12347 0.776249 9.9991E-05 0.100181
0.61612 9.9991E-05 0.0267534 0.357026
0.00395407 0.40552 9.9991E-05 0.590426
0.716975 0.0198059 0.054074 0.209145
0.107912 0.854484 0.0375044 9.9991E-05
0.315002 0.125 0.089694 0.470304
0.695822 0.043462 9.9991E-05 0.260616
0.886073 9.9982E-05 9.9982E-05 0.113727
0.446774 9.9991E-05 0.000195755 0.55293
0.266958 0.732842 9.9982E-05 9.9982E-05
0.41848 0.195198 9.9991E-05 0.386222
0.188824 0.367819 0.177078 0.266279
0.449727 9.9991E-05 0.121889 0.428285
0.0898125 0.76174 0.0872673 0.0611804
0.288097 0.132647 0.298127 0.281128
0.171628 0.392494 0.00490049 0.430978
0.51296 0.0138916 0.0545355 0.418613
0.0774153 0.124967 0.0707015 0.726916
0.270394 0.579535 0.0259345 0.124137
0.519688 9.9991E-05 0.184821 0.295391
0.63303 0.0109627 0.0796533 0.276354
0.570821 9.9991E-05 0.0771165 0.351963
0.640634 0.0334416 0.235865 0.0900596
0.280887 0.430029 9.9991E-05 0.288984
0.413081 9.9991E-05 0.0737528 0.513067
0.866272 9.9991E-05 0.093728 0.0399003
0.687905 0.0531392 0.0220318 0.236924
0.259095 0.525108 9.9991E-05 0.215697
0.22485 0.218568 0.109283 0.447299
0.78954 9.9991E-05 0.00306522 0.207294
0.103614 0.0893591 0.119269 0.687757
0.285114 0.169273 0.110448 0.435165
0.421914 9.9991E-05 0.0679686 0.510017
0.144814 0.389431 0.0515014 0.414254
0.39832 0.0283986 9.9991E-05 0.573181
0.276358 0.422127 9.9991E-05 0.301416
0.743853 9.9991E-05 0.0718235 0.184223
0.750837 9.9991E-05 0.0425754 0.206488
0.70947 9.9991E-05 0.0214746 0.268955
0.671001 9.9991E-05 0.0442416 0.284658
0.477844 9.9991E-05 0.194686 0.32737
0.573102 9.9991E-05 0.137828 0.288969
0.451059 0.320787 9.9991E-05 0.228054
0.200932 9.9982E-05 9.9982E-05 0.798868
0.745398 9.9982E-05 9.9982E-05 0.254402
0.647495 0.0648964 9.9991E-05 0.287508
0.470309 0.0771662 0.0318146 0.42071
0.137837 0.305387 0.108783 0.447993
0.49851 9.9991E-05 0.26542 0.23597
0.651281 0.00922587 0.175858 0.163635
9.9982E-05 0.846155 9.9982E-05 0.153645
0.239582 0.672939 0.044595 0.0428838
0.638783 9.9991E-05 0.0207802 0.340337
0.459401 0.0178925 0.522607 9.9991E-05
9.9991E-05 0.0219143 0.738645 0.23934
0.264831 0.00833117 0.658126 0.0687121
0.613037 9.9991E-05 0.227997 0.158866
0.136568 9.9982E-05 0.863232 9.9982E-05
0.155942 9.9991E-05 0.765689 0.0782687
0.0569602 9.9991E-05 0.688319 0.25462
0.165153 0.0185162 0.808538 0.00779281
0.177482 0.0290699 0.773997 0.0194512
0.345878 0.0167589 0.50061 0.136754
0.363223 9.9991E-05 0.404718 0.231959
0.192629 0.0400622 0.702383 0.0649264
0.386973 9.9991E-05 0.360826 0.2521
0.195584 0.0174479 0.576535 0.210433
0.28025 0.0103389 0.66665 0.0427614
9.9991E-05 0.0921824 0.765405 0.142312
0.365279 9.9991E-05 0.520491 0.114129
0.163002 9.9991E-05 0.477388 0.35951
9.9991E-05 0.834964 0.108909 0.0560262
0.312799 0.0262753 0.544668 0.116258
0.280754 0.00695463 0.619428 0.0928638
0.529588 0.116968 0.106952 0.246491
0.0171546 9.9982E-05 0.982645 9.9982E-05
9.9982E-05 9.9982E-05 0.749958 0.249842
0.243794 0.0155258 0.241978 0.498702
0.254083 0.00446882 0.741348 9.9991E-05
0.278614 0.013568 0.631708 0.0761099
0.292195 0.00214513 0.505604 0.200056
0.0920782 0.0490449 0.78164 0.077237
0.148359 0.0673596 0.760028 0.0242535
0.038482 9.9991E-05 0.874455 0.0869631
0.0425952 0.0650327 0.796506 0.095866
0.223022 0.021592 0.665981 0.0894058
0.248173 9.9991E-05 0.64163 0.110097
9.9991E-05 0.130818 0.767633 0.101448
0.0226706 9.9991E-05 0.724412 0.252817
9.9991E-05 0.0917986 0.728988 0.179113
0.765732 9.9991E-05 0.125064 0.109104
0.0662495 0.0361598 0.875326 0.0222649
0.366847 0.0320413 0.601012 9.9991E-05
0.158283 9.9991E-05 0.605759 0.235858
0.313195 9.9991E-05 0.496751 0.189954
9.9982E-05 0.0258809 0.973919 9.9982E-05
0.591152 0.00737121 0.159142 0.242335
0.24293 0.0251327 0.731838 9.9991E-05
0.27643 0.292613 0.0744617 0.356496
0.524045 9.9991E-05 0.23155 0.244304
0.474692 0.040986 0.202949 0.281373
0.182936 0.0387481 0.771949 0.00636749
0.286916 0.0143447 0.638023 0.0607161
0.214444 0.00724051 0.778216 9.9991E-05
0.193009 9.9991E-05 0.679167 0.127723
0.389975 0.0511303 0.545471 0.0134232
0.243588 0.0444946 0.711817 9.9991E-05
0.275052 9.9991E-05 0.560859 0.163989
0.0186575 9.9991E-05 0.882629 0.0986131
0.27713 0.0135476 0.648149 0.0611727
0.339892 0.10515 0.380235 0.174723
0.0468464 9.9982E-05 0.952954 9.9982E-05
0.208302 9.9982E-05 0.791498 9.9982E-05
0.132639 0.0438501 0.793243 0.0302678
0.0454546 9.9991E-05 0.837599 0.116846
0.470358 0.016189 0.12609 0.387363
0.179381 9.9982E-05 0.820419 9.9982E-05
0.34541 0.247125 9.9991E-05 0.407365
0.216794 0.0024044 0.599967 0.180835
0.0365443 0.100617 0.841548 0.0212901
0.422542 0.0786018 0.104861 0.393995
0.281683 0.0559097 0.662307 9.9991E-05
0.134935 9.9991E-05 0.655726 0.209239
0.14798 9.9982E-05 0.85182 9.9982E-05
0.170952 9.9991E-05 0.697397 0.131551
0.34394 0.01214 0.50191 0.14201
0.320539 0.0469458 0.632415 9.9991E-05
0.0369724 0.037389 0.736341 0.189297
0.347825 0.000924517 0.602577 0.0486734
0.37432 9.9991E-05 0.280879 0.344701
0.127789 9.9991E-05 0.743401 0.128711
0.256959 0.00406934 0.564307 0.174665
9.9991E-05 0.828179 0.0647234 0.106998
0.289291 0.0252592 0.68535 9.9991E-05
0.621762 0.126723 0.0896645 0.161851
9.9991E-05 0.0118882 0.911779 0.0762328
0.261065 0.0145508 0.556231 0.168153
0.398777 9.9991E-05 0.475058 0.126065
0.700497 9.9991E-05 0.21106 0.0883426
0.190474 9.9991E-05 0.641806 0.16762
0.309675 9.9991E-05 0.650835 0.0393906
0.159342 9.9991E-05 0.706256 0.134302
0.295527 0.00629745 0.698075 9.9991E-05
0.511314 0.0441115 0.142932 0.301642
0.0534927 0.0123515 0.684494 0.249661
0.270335 9.9991E-05 0.575906 0.153659
0.248921 9.9991E-05 0.638786 0.112194
0.450816 0.0169516 0.0421659 0.490066
0.043828 9.9991E-05 0.728277 0.227795
0.0323071 9.9991E-05 0.722692 0.244901
0.377152 9.9991E-05 0.622638 0.000110229
0.427548 0.0165981 0.489124 0.0667299
0.291488 9.9982E-05 9.9982E-05 0.708312
0.0662686 0.933531 9.9982E-05 9.9982E-05
0.0284942 9.9991E-05 0.589248 0.382158
0.482095 0.0513137 0.466492 9.9991E-05
0.279 9.9991E-05 0.511552 0.209348
0.188763 0.0159448 0.648963 0.146329
0.141253 0.0427856 0.815861 9.9991E-05
0.127052 9.9991E-05 0.752291 0.120556
0.0130105 9.9991E-05 0.810716 0.176174
0.060532 0.0999208 0.832665 0.00688168
0.118068 0.0497865 0.725607 0.106539
0.296475 9.9991E-05 0.452633 0.250792
0.493047 9.9991E-05 0.117269 0.389584
0.162546 9.9982E-05 0.837254 9.9982E-05
0.243851 9.9991E-05 0.639562 0.116486
0.788799 9.9991E-05 0.0468294 0.164271
9.9982E-05 9.9982E-05 0.719651 0.280149
0.414169 9.9982E-05 9.9982E-05 0.585631
0.210988 0.0143936 0.632482 0.142137
0.272071 0.0301185 0.697711 9.9991E-05
0.54506 9.9991E-05 0.192018 0.262822
0.107803 0.0269977 0.632883 0.232316
0.304889 9.9991E-05 0.354166 0.340844
0.314326 0.0573645 0.62821 9.9991E-05
0.274266 0.70827 0.0173643 9.9991E-05
0.309337 0.0187938 0.671769 9.9991E-05
0.191512 9.9991E-05 0.708771 0.0996177
0.0404207 9.9991E-05 0.797211 0.162268
0.107969 0.00421951 0.608714 0.279097
0.242871 0.0790847 0.677944 9.9991E-05
0.122535 9.9991E-05 0.759235 0.11813
0.368935 9.9991E-05 0.587933 0.0430318
0.697269 9.9982E-05 9.9982E-05 0.302531
0.0735439 0.142144 0.649116 0.135196
0.0948947 9.9991E-05 0.749883 0.155122
0.0419866 0.0136509 0.887331 0.0570317
0.0272174 9.9991E-05 0.656414 0.316269
0.272622 9.9991E-05 0.479831 0.247448
0.34081 0.018422 0.445885 0.194883
0.644833 9.9982E-05 0.354967 9.9982E-05
0.0955736 9.9991E-05 0.404337 0.49999
0.216424 9.9991E-05 0.683791 0.0996849
9.9982E-05 9.9982E-05 0.660651 0.339149
0.626596 0.0585828 9.9991E-05 0.314721
0.540314 0.0131845 0.446402 9.9991E-05
9.9982E-05 9.9982E-05 0.677507 0.322293
0.063205 0.0123726 0.675338 0.249084
0.246838 9.9991E-05 0.577636 0.175426
0.150861 9.9982E-05 0.848939 9.9982E-05
0.0304717 9.9991E-05 0.59088 0.378548
0.642143 0.0155019 0.0283124 0.314043
0.496624 0.101021 0.196917 0.205437
0.312063 0.000528817 0.552813 0.134595
0.205659 9.9991E-05 0.751945 0.0422965
0.255189 0.0143155 0.715696 0.0147994
0.227924 9.9991E-05 0.49124 0.280736
0.139693 0.00747005 0.81223 0.0406075
9.9991E-05 0.0375374 0.670072 0.292291
0.101479 0.245136 0.135243 0.518141
0.282171 0.0322899 0.685439 9.9991E-05
0.150225 9.9991E-05 0.657438 0.192237
0.0380346 0.328959 0.146123 0.486883
0.563968 0.261319 9.9991E-05 0.174613
0.0356126 0.0207519 0.857584 0.0860513
0.123678 0.0938856 0.500859 0.281578
0.0894771 9.9991E-05 0.81995 0.0904728
0.832191 9.9991E-05 0.139435 0.0282736
0.350977 9.9991E-05 0.590007 0.0589162
0.305426 0.0197044 0.674769 9.9991E-05
0.190896 0.296241 0.0839898 0.428873
0.233864 0.0244315 0.722342 0.019362
0.135489 0.0559322 0.808479 9.9991E-05
0.176517 9.9991E-05 0.727307 0.0960761
0.208241 0.0100703 0.645716 0.135973
0.1497 9.9991E-05 0.792662 0.057538
0.138264 9.9991E-05 0.731905 0.129731
0.213887 0.00688919 0.774895 0.00432858
0.21758 9.9991E-05 0.64277 0.139551
0.16311 0.019984 0.816806 9.9991E-05
0.153611 9.9991E-05 0.616284 0.230005
9.9991E-05 0.629967 0.0748941 0.295039
9.9982E-05 9.9982E-05 0.811771 0.188029
0.201029 0.0149262 0.783945 9.9991E-05
0.227826 9.9991E-05 0.322432 0.449642
0.037576 9.9982E-05 0.962224 9.9982E-05
0.0745458 9.9991E-05 0.63059 0.294764
9.9982E-05 9.9982E-05 0.750564 0.249236
0.210614 0.00462014 0.254185 0.53058
0.0739245 9.9991E-05 0.753692 0.172283
0.134205 0.0455147 0.820181 9.9991E-05
0.0632444 0.0460105 0.648637 0.242108
0.110193 9.9991E-05 0.717211 0.172496
0.282816 0.0153331 0.509277 0.192574
9.998E-05 0.9997 9.998E-05 9.998E-05
0.149645 9.9991E-05 0.680073 0.170182
0.4372 9.9991E-05 0.556415 0.00628544
0.186431 9.9991E-05 0.648261 0.165208
0.00647951 9.9991E-05 0.789808 0.203612
9.9991E-05 0.0587715 0.911203 0.0299259
0.225073 0.0435761 0.565352 0.165999
9.9982E-05 0.62239 9.9982E-05 0.37741
0.146745 9.9991E-05 0.654614 0.198541
0.146311 9.9991E-05 0.640097 0.213492
0.317408 9.9991E-05 0.58327 0.0992215
0.263659 0.0125861 0.682369 0.0413856
0.0908249 9.9991E-05 0.651928 0.257147
0.0608765 9.9991E-05 0.767166 0.171858
0.233738 9.9991E-05 0.662736 0.103426
0.318702 0.037902 0.643296 9.9991E-05
0.122167 9.9991E-05 0.616322 0.26141
0.345831 0.00417027 0.612987 0.0370117
9.9982E-05 9.9982E-05 0.780305 0.219495
0.40233 9.9991E-05 0.545501 0.0520689
0.381375 9.9991E-05 0.588216 0.0303093
0.127847 0.0735448 0.798508 9.9991E-05
0.204828 9.9991E-05 0.712503 0.0825688
0.449438 0.0840752 0.466387 9.9991E-05
0.128311 9.9991E-05 0.639441 0.232148
0.0198678 0.118466 0.861566 9.9991E-05
0.253528 0.0263138 0.678074 0.0420841
0.210591 9.9991E-05 0.5775 0.211809
0.322701 9.9991E-05 0.461694 0.215504
0.0871596 9.9982E-05 0.91264 9.9982E-05
0.417611 9.9991E-05 0.462525 0.119764
0.293869 9.9991E-05 0.684006 0.0220256
9.9982E-05 0.935252 9.9982E-05 0.0645479
0.330992 0.297271 0.0313299 0.340407
0.354737 0.208795 0.0769651 0.359502
9.9982E-05 0.53476 9.9982E-05 0.46504
0.235498 9.9991E-05 0.185102 0.5793
0.450857 9.9991E-05 0.18693 0.362113
0.161515 0.0154569 0.0713156 0.751713
9.9982E-05 9.9982E-05 0.704784 0.295016
0.301679 0.00614556 0.486333 0.205842
0.0354383 9.9991E-05 0.846269 0.118193
0.448159 9.9991E-05 0.265256 0.286485
0.389072 0.0511923 0.559636 9.9991E-05
0.334209 0.0441903 0.605885 0.0157155
0.215301 0.0114247 0.522581 0.250693
0.211543 9.9991E-05 0.579195 0.209162
0.30578 0.00345382 0.690667 9.9991E-05
0.144272 0.0141094 0.772951 0.068667
0.153918 0.0493144 0.623904 0.172863
0.218329 0.0206496 0.237342 0.523679
0.112847 0.0624144 0.631353 0.193385
0.107737 0.0184796 0.79666 0.0771238
0.133906 0.060846 0.508365 0.296883
0.0492376 0.782761 0.167901 9.9991E-05
0.310636 0.133864 0.0863671 0.469133
0.286057 9.9982E-05 0.713743 9.9982E-05
0.107379 9.9991E-05 0.720569 0.171953
0.425384 0.256304 0.0482311 0.270081
0.284134 9.9991E-05 0.692753 0.023013
0.0838157 9.9982E-05 0.915984 9.9982E-05
0.428277 9.9991E-05 0.00840909 0.563214
0.199747 9.9991E-05 0.781519 0.0186343
0.0308785 0.0575636 0.868042 0.0435158
0.434259 9.9991E-05 0.53443 0.0312104
0.325646 9.9982E-05 0.674154 9.9982E-05
0.269263 0.0575779 0.453111 0.220047
0.112752 9.9991E-05 0.743251 0.143896
0.00695623 0.249964 0.15751 0.58557
0.380758 9.9982E-05 0.619043 9.9982E-05
0.345448 9.9982E-05 0.654352 9.9982E-05
9.9982E-05 9.9982E-05 0.856404 0.143396
0.0567963 0.100192 0.16895 0.674062
0.331351 9.9991E-05 0.293344 0.375205
0.34724 9.9991E-05 0.213963 0.438697
0.271194 0.00220089 0.726505 9.9991E-05
0.398566 9.9991E-05 0.113827 0.487507
0.207751 0.019823 0.772326 9.9991E-05
0.495604 9.9991E-05 0.447517 0.0567784
0.111044 9.9991E-05 0.779802 0.109054
0.293712 0.0716746 0.612995 0.0216191
0.226564 0.261969 0.217027 0.29444
0.133846 9.9991E-05 0.651423 0.214631
9.9991E-05 0.806162 0.0128487 0.180889
0.0160047 9.9991E-05 0.641908 0.341987
0.142041 9.9991E-05 0.814678 0.0431801
9.998E-05 0.9997 9.998E-05 9.998E-05
9.9982E-05 0.872938 0.126862 9.9982E-05
0.174595 9.9991E-05 0.592185 0.23312
0.330358 0.0168501 0.39399 0.258802
0.255251 0.017517 0.727132 9.9991E-05
0.185217 0.0269032 0.78778 9.9991E-05
0.363385 9.9991E-05 0.601102 0.035413
9.9982E-05 9.9982E-05 0.992054 0.00774566
0.159148 0.0397633 0.560346 0.240743
0.258996 0.348751 0.155986 0.236267
0.266775 9.9991E-05 0.632872 0.100253
9.9991E-05 0.085481 0.905556 0.00886342
0.185155 9.9991E-05 0.528339 0.286406
0.14363 9.9991E-05 0.591693 0.264577
0.38405 0.057556 0.306827 0.251567
0.144336 9.9991E-05 0.804041 0.0515232
0.374175 0.0365426 0.589183 9.9991E-05
0.283033 9.9991E-05 0.550722 0.166145
0.277241 0.15085 0.545929 0.0259798
0.293129 0.215273 0.122766 0.368832
0.389622 0.0535883 0.553948 0.00284113
0.276553 9.9991E-05 0.495518 0.227829
0.134288 9.9991E-05 0.665849 0.199764
0.450256 9.9991E-05 0.545119 0.00452538
0.431261 0.000469788 0.472297 0.0959726
0.340785 0.0035899 0.655525 9.9991E-05
0.00496223 9.9991E-05 0.598301 0.396637
0.20944 9.9991E-05 0.755707 0.034753
0.372053 9.9991E-05 0.577799 0.0500484
0.0333648 9.9991E-05 0.659674 0.306861
0.41944 9.9991E-05 0.126061 0.454399
0.2471 0.0946223 0.607661 0.0506166
0.223973 0.100514 0.662854 0.0126595
0.444389 9.9991E-05 0.0573607 0.49815
0.171927 9.9991E-05 0.705416 0.122557
0.254581 0.0152333 0.632933 0.0972523
0.35549 9.9982E-05 0.64431 9.9982E-05
0.0439965 9.9991E-05 0.605598 0.350306
0.156815 9.9991E-05 0.674757 0.168329
0.654649 9.9991E-05 0.100427 0.244824
9.9982E-05 9.9982E-05 0.879684 0.120116
0.332252 9.9991E-05 0.150462 0.517186
