0.0336966 0.0486339 0.0586823 9.9973E-05 0.013177 0.190618 9.9973E-05 9.9973E-05 0.654892
0.153176 0.0715975 9.9982E-05 0.114824 0.0491043 0.235804 9.9982E-05 0.0254711 0.349823
9.9955E-05 0.307461 9.9955E-05 0.134567 9.9955E-05 0.528593 9.9955E-05 0.0288789 9.9955E-05
0.0392784 0.174108 9.9973E-05 0.00460059 0.111299 0.481942 9.9973E-05 9.9973E-05 0.188472
0.0722917 0.127142 9.9973E-05 9.9973E-05 0.00174105 0.383201 9.9973E-05 0.0465711 0.368753
9.9946E-05 0.379237 0.0434644 9.9946E-05 0.576699 9.9946E-05 9.9946E-05 9.9946E-05 9.9946E-05
9.9973E-05 0.0633279 0.052266 9.9973E-05 9.9973E-05 0.473103 0.0504868 0.0435337 0.316983
9.9955E-05 0.148997 9.9955E-05 9.9955E-05 0.732327 9.9955E-05 9.9955E-05 0.019306 0.0988708
0.00246149 0.318462 0.0505497 9.9982E-05 9.9982E-05 0.373106 0.00649702 0.0242427 0.224482
0.156289 0.223567 0.0206368 0.0152215 9.9973E-05 0.387521 9.9973E-05 9.9973E-05 0.196464
0.00879229 0.126512 9.9982E-05 0.0840794 0.0176007 0.551225 9.9982E-05 0.0132161 0.198374
0.116137 0.13422 0.0838724 9.9982E-05 0.184329 0.296148 9.9982E-05 0.0218007 0.163293
0.0696519 0.110334 9.9973E-05 0.00739742 9.9973E-05 0.491423 9.9973E-05 0.0796669 0.241226
9.9982E-05 0.110973 0.0371388 0.0820028 0.0562964 0.544726 9.9982E-05 0.0113579 0.157305
0.126789 0.404391 0.0227621 9.9955E-05 0.445558 9.9955E-05 9.9955E-05 9.9955E-05 9.9955E-05
9.9973E-05 0.274611 0.00360511 0.10913 9.9973E-05 0.229253 9.9973E-05 0.0941179 0.288984
9.9973E-05 0.257351 0.10471 9.9973E-05 0.0853774 0.253059 9.9973E-05 0.0164337 0.282769
0.0430916 9.9973E-05 9.9973E-05 0.026268 9.9973E-05 0.602912 0.107408 0.0596933 0.160327
0.0300789 0.131846 9.9973E-05 9.9973E-05 0.019587 0.379782 9.9973E-05 0.0513603 0.387045
0.0720919 9.9964E-05 0.0409382 0.0754382 9.9964E-05 0.462211 9.9964E-05 9.9964E-05 0.348921
0.0541324 9.9964E-05 0.00259341 9.9964E-05 9.9964E-05 0.715586 9.9964E-05 0.0760341 0.151254
0.156104 0.0257702 0.00902918 9.9982E-05 0.0611665 0.524237 9.9982E-05 0.0576605 0.165832
9.9973E-05 0.127814 0.0655143 0.15317 0.0133517 0.51047 9.9973E-05 9.9973E-05 0.12938
0.116948 0.216738 9.9964E-05 9.9964E-05 0.50744 0.00921349 9.9964E-05 9.9964E-05 0.149261
9.9982E-05 0.00752762 0.0538382 0.0328133 9.9982E-05 0.397098 0.0362057 0.0933398 0.378978
0.18425 0.204133 9.9964E-05 9.9964E-05 0.473258 9.9964E-05 9.9964E-05 0.0264651 0.111494
9.9973E-05 0.229359 9.9973E-05 0.0506644 0.348161 9.9973E-05 0.0606883 0.0409013 0.269926
9.9964E-05 9.9964E-05 0.0117682 9.9964E-05 0.313802 0.481507 9.9964E-05 0.0200058 0.172517
0.065709 0.413107 0.0147693 9.9964E-05 0.491434 0.0145815 9.9964E-05 9.9964E-05 9.9964E-05
0.00403247 9.9955E-05 9.9955E-05 9.9955E-05 0.181174 0.671325 9.9955E-05 9.9955E-05 0.142969
9.9973E-05 0.0659263 0.0449748 9.9973E-05 0.378791 0.113416 9.9973E-05 0.034258 0.362334
0.0349124 0.0489217 0.00491896 0.0547273 0.022992 0.536921 0.0882883 0.0359989 0.172319
9.9982E-05 0.371035 0.0100986 0.113977 0.137639 0.309139 9.9982E-05 0.0447589 0.0131517
9.9964E-05 0.0725822 9.9964E-05 9.9964E-05 0.791783 0.115311 0.0105876 0.0093361 9.9964E-05
9.9955E-05 0.090958 9.9955E-05 9.9955E-05 0.744374 9.9955E-05 0.11558 0.0485877 9.9955E-05
0.0552229 0.214793 0.0195077 0.0585315 0.0786613 0.564603 9.9982E-05 0.00848061 9.9982E-05
0.0931427 0.174083 9.9973E-05 9.9973E-05 0.0921587 0.373684 9.9973E-05 0.0666325 0.199999
0.0511732 0.0657799 9.9982E-05 0.0923863 9.9982E-05 0.332447 0.046799 0.107471 0.303743
0.187257 0.0139521 9.9973E-05 0.0541854 0.662966 0.0612052 9.9973E-05 9.9973E-05 0.0201351
0.0593583 0.14805 0.0528869 0.0801753 0.334492 0.0270433 0.00958592 9.9991E-05 0.288308
0.166921 0.2213 9.9982E-05 0.0176858 0.138518 0.201533 9.9982E-05 0.062704 0.191139
9.9955E-05 0.387145 9.9955E-05 9.9955E-05 9.9955E-05 0.401328 9.9955E-05 0.0747583 0.136268
9.9982E-05 0.0955778 0.0421013 0.0125101 0.100078 0.524151 9.9982E-05 0.0242817 0.2011
0.0938613 0.16001 0.0113407 0.0904272 0.430043 0.0168404 0.0181645 0.100776 0.0785373
0.122419 0.0623286 9.9973E-05 9.9973E-05 9.9973E-05 0.29567 0.0700153 0.00682714 0.44244
0.175898 0.0350103 9.9982E-05 0.141356 9.9982E-05 0.274428 0.0118811 0.0497614 0.311466
0.0509463 0.0754455 0.101542 0.0596235 0.0569035 0.416834 9.9991E-05 0.0198364 0.218769
0.024847 0.336512 0.0309349 0.0408149 0.010183 0.23183 0.00045396 9.9991E-05 0.324324
0.0185156 0.120272 9.9982E-05 0.168739 0.0267199 0.169805 9.9982E-05 0.0893561 0.406393
0.00797969 0.345832 0.0255514 9.9973E-05 0.323318 9.9973E-05 9.9973E-05 0.0579938 0.239025
0.0108194 0.134438 0.027925 0.0249387 9.9982E-05 0.664076 0.093207 9.9982E-05 0.0443959
0.0420803 0.112858 0.113701 0.0129917 0.354315 0.150309 9.9982E-05 9.9982E-05 0.213545
0.185644 0.185374 0.0501533 0.0386478 9.9982E-05 0.319679 9.9982E-05 0.0571337 0.163168
9.9973E-05 0.0799898 9.9973E-05 0.0405892 0.792397 0.0461892 9.9973E-05 0.0121502 0.0283845
9.9982E-05 0.324469 0.00168569 0.0215912 0.272691 0.195685 9.9982E-05 0.0962028 0.0874752
0.0637166 9.9964E-05 0.0636511 9.9964E-05 9.9964E-05 0.409587 9.9964E-05 0.047378 0.415268
9.9973E-05 9.9973E-05 0.0332196 0.0415313 0.000218521 0.645849 9.9973E-05 0.00730505 0.271576
9.9973E-05 9.9973E-05 0.0864015 0.0286664 0.130905 0.420614 9.9973E-05 0.100759 0.232355
0.025113 0.348462 9.9982E-05 0.0793677 0.227972 0.0873038 9.9982E-05 0.0242324 0.207348
9.9955E-05 9.9955E-05 0.00192445 9.9955E-05 0.321733 0.432139 9.9955E-05 9.9955E-05 0.243704
9.9982E-05 0.0605794 0.0204918 0.0409019 0.702673 9.9982E-05 0.0445239 0.0572663 0.0733641
0.0371513 0.293948 9.9946E-05 9.9946E-05 0.668301 9.9946E-05 9.9946E-05 9.9946E-05 9.9946E-05
9.9982E-05 0.0344737 0.00240351 9.9982E-05 0.0416207 0.299236 0.0593397 0.0919041 0.470822
9.9955E-05 0.0256961 9.9955E-05 9.9955E-05 0.868703 9.9955E-05 9.9955E-05 0.0315835 0.0735173
0.0480108 0.254656 0.144135 9.9973E-05 9.9973E-05 0.34628 9.9973E-05 0.00549654 0.201121
0.231534 9.9946E-05 9.9946E-05 9.9946E-05 0.744083 9.9946E-05 9.9946E-05 0.0237838 9.9946E-05
0.0532366 9.9973E-05 0.0154162 0.0376001 9.9973E-05 0.575104 9.9973E-05 0.106075 0.212268
0.0744117 0.249642 0.0417669 0.0860201 0.08999 0.203578 9.9991E-05 0.000641205 0.25385
0.0472853 0.0970781 0.0328751 0.0687977 9.9982E-05 0.251643 9.9982E-05 0.053545 0.448576
9.9955E-05 0.370512 9.9955E-05 9.9955E-05 0.567738 9.9955E-05 0.0227271 0.038523 9.9955E-05
0.101419 0.0451758 0.0879748 0.0561295 9.9982E-05 0.0440996 9.9982E-05 0.0393574 0.625644
0.0252198 0.0437056 0.0522973 0.0322634 0.0328885 0.287636 0.0188956 0.0742171 0.432877
9.9982E-05 0.057818 9.9982E-05 0.107541 0.244406 0.222545 0.0233407 0.0161629 0.327986
0.0437225 0.138675 0.0856153 0.0152034 0.00158704 0.475792 9.9991E-05 0.00204289 0.237262
9.9973E-05 9.9973E-05 0.0451521 0.082869 0.0559244 0.317932 9.9973E-05 0.0821246 0.415698
9.9955E-05 9.9955E-05 9.9955E-05 9.9955E-05 0.357325 0.345504 9.9955E-05 0.0889149 0.207756
0.158511 0.0767045 9.9973E-05 0.124453 9.9973E-05 0.569892 9.9973E-05 0.0111421 0.0589976
0.127361 0.14952 9.9982E-05 0.132753 0.109338 0.22195 9.9982E-05 0.0315537 0.227323
9.9982E-05 0.304354 0.0990765 0.0883738 0.0610306 0.258688 9.9982E-05 0.00342594 0.18485
0.0677907 0.0345181 0.00154057 0.0519388 0.0189906 0.380819 0.051362 0.0703118 0.322728
0.216607 0.0988724 0.106685 0.0546654 9.9982E-05 0.289795 9.9982E-05 0.0223017 0.210874
0.0225339 0.197512 9.9982E-05 0.0798639 9.9982E-05 0.462714 0.0477913 0.0920756 0.0973093
0.16474 0.0557699 0.0364315 0.0102868 0.0498196 0.281896 9.9991E-05 0.0257706 0.375186
0.176715 9.9964E-05 0.0104083 9.9964E-05 0.0299718 0.38761 9.9964E-05 9.9964E-05 0.394895
0.0709309 0.195429 9.9964E-05 0.0587357 9.9964E-05 0.531806 9.9964E-05 9.9964E-05 0.142699
0.173463 0.168376 0.0702124 0.0454312 0.0839864 0.240349 9.9991E-05 0.0858491 0.132233
0.0520758 0.202423 9.9973E-05 0.158655 0.235753 0.244132 9.9973E-05 9.9973E-05 0.106661
0.127775 0.311875 9.9955E-05 9.9955E-05 0.107896 0.451955 9.9955E-05 9.9955E-05 9.9955E-05
9.9973E-05 0.0525539 0.00404524 0.00833988 0.752161 0.094662 9.9973E-05 0.0879382 9.9973E-05
0.0690186 0.324782 9.9973E-05 0.0428595 0.136112 0.266463 9.9973E-05 9.9973E-05 0.160465
9.9973E-05 0.275835 0.0319306 0.230199 9.9973E-05 0.179156 9.9973E-05 0.0497725 0.232807
0.056536 0.297941 0.00371316 9.9982E-05 0.430893 0.00552427 9.9982E-05 0.047054 0.15814
9.9973E-05 0.186433 0.0161356 0.0584109 9.9973E-05 0.433218 9.9973E-05 0.00723159 0.298271
0.0267393 0.0381426 9.9964E-05 9.9964E-05 0.260145 0.471745 9.9964E-05 9.9964E-05 0.202829
9.9964E-05 0.345906 0.119918 9.9964E-05 0.344913 0.0836025 9.9964E-05 9.9964E-05 0.10526
9.9946E-05 0.111972 0.114134 9.9946E-05 0.773294 9.9946E-05 9.9946E-05 9.9946E-05 9.9946E-05
0.133783 0.0593441 9.9982E-05 0.084146 0.0992178 0.469072 9.9982E-05 0.0664903 0.0877466
0.0888251 0.340743 9.99777E-05 9.99777E-05 9.99777E-05 0.214334 0.0141278 0.0869064 0.254763
0.193432 0.0829423 0.0587186 0.14731 0.0329651 0.175578 9.9991E-05 0.0176911 0.291262
0.0298536 0.0272144 0.0258995 9.9982E-05 0.206815 0.504639 9.9982E-05 0.022052 0.183326
9.9955E-05 0.392506 9.9955E-05 9.9955E-05 0.298267 9.9955E-05 9.9955E-05 0.0840179 0.22471
0.102906 0.117637 9.9982E-05 0.0600109 0.120394 0.494747 9.9982E-05 0.00811395 0.0959912
0.031799 9.9982E-05 0.0214615 0.119121 9.9982E-05 0.552432 0.0510718 0.0269458 0.196968
0.0411468 0.0998349 0.129703 0.0197182 9.9982E-05 0.262494 9.9982E-05 0.00315543 0.443748
9.9973E-05 0.120944 9.9973E-05 0.0945514 9.9973E-05 0.415227 0.0552018 0.0163963 0.297379
0.0115447 0.222434 0.0156689 0.0968703 0.632883 0.0194328 9.9982E-05 0.000966508 9.9982E-05
0.0824734 0.370577 0.0392716 0.0456953 0.332508 0.106292 0.022983 9.9982E-05 9.9982E-05
0.0406288 0.034847 9.9964E-05 0.10455 9.9964E-05 0.354502 9.9964E-05 9.9964E-05 0.465072
9.9955E-05 0.126808 9.9955E-05 9.9955E-05 9.9955E-05 0.404283 9.9955E-05 0.0549397 0.413469
9.9973E-05 0.0303381 0.0807109 0.106494 9.9973E-05 0.684007 9.9973E-05 0.0459037 0.0522467
0.0115866 0.293284 9.9982E-05 0.0302253 0.355685 0.224407 9.9982E-05 0.0472295 0.037382
9.9955E-05 0.0542708 9.9955E-05 9.9955E-05 0.882988 9.9955E-05 0.0147684 9.9955E-05 0.0474735
9.9973E-05 0.241511 9.9973E-05 0.0529347 0.374992 0.188663 9.9973E-05 0.037714 0.103886
9.9964E-05 0.0839301 0.0790947 0.0943455 9.9964E-05 0.684634 9.9964E-05 9.9964E-05 0.0575959
0.102605 0.0416993 9.9982E-05 0.0257578 0.0415035 0.35784 9.9982E-05 0.0515355 0.378859
0.132011 9.9973E-05 9.9973E-05 0.0050624 0.0203703 0.21417 0.0181857 9.9973E-05 0.609901
9.9964E-05 9.9964E-05 0.0163207 0.0851735 9.9964E-05 0.477313 9.9964E-05 0.00849649 0.412297
9.9973E-05 0.12452 9.9973E-05 0.0248586 0.718215 9.9973E-05 0.0237079 0.107546 0.000852088
0.0349011 9.9973E-05 0.130341 9.9973E-05 0.0667553 0.547323 9.9973E-05 0.0672925 0.153087
9.9973E-05 0.0452806 0.025726 0.126162 9.9973E-05 0.456353 0.032647 9.9973E-05 0.313532
0.0326175 9.9973E-05 9.9973E-05 0.00755183 0.083468 0.681452 9.9973E-05 0.104876 0.0897347
9.99639E-05 0.263128 0.0617639 9.99639E-05 0.511589 0.109207 9.99639E-05 0.0539123 9.99639E-05
9.99731E-05 0.0263456 0.0447975 0.0894368 0.000439197 0.725266 9.99731E-05 9.99731E-05 0.113415
9.9973E-05 0.211451 9.9973E-05 0.0306193 0.000371761 0.403338 0.114826 9.9973E-05 0.239094
0.0567547 9.9973E-05 9.9973E-05 0.0233809 9.9973E-05 0.667759 0.00163857 0.038784 0.211383
0.1508 0.108338 0.086759 9.9973E-05 9.9973E-05 0.280184 9.9973E-05 0.0252347 0.348384
0.000825186 9.9964E-05 0.117092 9.9964E-05 0.542853 0.205859 9.9964E-05 0.132971 9.9964E-05
9.9946E-05 0.252142 9.9946E-05 9.9946E-05 0.708491 9.9946E-05 9.9946E-05 0.0387667 9.9946E-05
0.132545 0.354595 0.00725171 0.147338 9.9982E-05 0.268209 9.9982E-05 0.0350879 0.0547745
0.12663 0.0125373 0.0242022 0.165609 0.0283787 0.345526 0.0670049 9.9991E-05 0.230013
0.0189321 0.14635 9.9982E-05 0.0170891 9.9982E-05 0.420263 0.0105001 0.0800367 0.306629
0.104674 0.349129 0.0767687 9.9982E-05 9.9982E-05 0.360849 0.0199049 0.064391 0.0240838
9.9982E-05 0.208235 0.0433694 0.0307914 0.319425 0.221003 9.9982E-05 0.0343323 0.142645
0.012712 0.214821 0.00825819 0.0263345 9.9982E-05 0.213446 0.184284 9.9982E-05 0.339943
0.0812636 0.0720432 0.0181969 9.9973E-05 0.200351 0.501516 9.9973E-05 9.9973E-05 0.126329
9.993E-05 9.993E-05 9.993E-05 0.999201 9.993E-05 9.993E-05 9.993E-05 9.993E-05 9.993E-05
0.0564713 9.9973E-05 0.0609784 0.0174127 0.516506 0.303545 9.9973E-05 0.0447867 9.9973E-05
0.000258288 0.168169 9.9982E-05 9.9982E-05 0.223307 0.360222 0.0889861 0.0319797 0.126877
9.99369E-05 9.99369E-05 9.99369E-05 0.928309 0.0709915 9.99369E-05 9.99369E-05 9.99369E-05 9.99369E-05
0.120373 0.191318 0.0932114 0.0146076 0.501919 0.0480631 9.9991E-05 0.0185205 0.0118878
9.9973E-05 0.26774 0.00518916 9.9973E-05 0.10495 0.466134 0.0135698 9.9973E-05 0.142116
0.0484338 0.165495 0.147667 0.0632796 0.329136 0.164177 9.9982E-05 9.9982E-05 0.0816117
0.0386601 0.309325 9.9973E-05 9.9973E-05 0.0910575 0.342911 9.9973E-05 0.135511 0.0822352
0.0873408 0.509669 9.9973E-05 0.0110357 0.0181079 9.9973E-05 9.9973E-05 0.125693 0.247853
0.057885 0.256979 9.9982E-05 9.9982E-05 0.521846 0.0151279 0.0340095 0.0394454 0.0745072
0.0730725 0.124439 9.9991E-05 0.0315895 0.238748 0.0528826 0.0387911 0.0679025 0.372475
9.9973E-05 0.387494 0.0385785 0.13772 0.0812514 0.0946854 9.9973E-05 9.9973E-05 0.25997
0.0748209 0.05008 0.0568133 0.131492 9.9982E-05 0.281227 9.9982E-05 0.0853595 0.320008
0.156101 9.9973E-05 0.0355881 0.0437725 9.9973E-05 0.259157 9.9973E-05 0.00900531 0.496076
0.105839 0.0259852 0.118883 0.0239912 0.0118576 0.366256 0.0776812 9.9991E-05 0.269407
0.0652771 0.360146 9.9973E-05 0.00366627 9.9973E-05 0.50017 0.0223148 0.0481253 9.9973E-05
9.9982E-05 0.109287 0.0348127 9.9982E-05 0.286994 0.406197 0.0016691 0.0203452 0.140494
9.9964E-05 0.128143 9.9964E-05 9.9964E-05 0.629303 0.0608356 9.9964E-05 0.050258 0.131061
0.130729 0.275622 9.9991E-05 0.00394639 0.311732 0.0905058 0.0274169 0.039006 0.120942
0.0804775 0.179852 0.0401808 0.199164 9.9982E-05 0.315015 9.9982E-05 0.103273 0.0818379
0.09403 0.144159 9.9982E-05 0.0740255 9.9982E-05 0.266307 0.101324 0.114533 0.205422
0.0311547 0.18077 9.9955E-05 0.0631749 0.7244 9.9955E-05 9.9955E-05 9.9955E-05 9.9955E-05
0.0431589 0.0922143 9.9982E-05 0.0864155 9.9982E-05 0.434225 0.0686339 0.0570787 0.218074
0.0543464 0.175782 0.0208586 9.9973E-05 9.9973E-05 0.264313 9.9973E-05 0.104457 0.379943
0.0480518 0.125382 0.0882471 0.0570563 0.107607 0.479772 9.9991E-05 0.00868191 0.0851016
0.00926713 0.12683 0.0751852 0.130784 9.9982E-05 0.419949 0.0267098 9.9982E-05 0.211075
9.9973E-05 0.282352 0.0782968 9.9973E-05 0.063707 0.208232 9.9973E-05 0.123484 0.243628
0.0922557 0.18773 0.115426 0.193222 0.0757478 0.335319 9.9973E-05 9.9973E-05 9.9973E-05
0.230596 9.9982E-05 0.0808919 0.102197 0.073226 0.386784 9.9982E-05 0.0346397 0.0914658
0.0881469 9.9964E-05 9.9964E-05 0.0845692 9.9964E-05 0.52514 9.9964E-05 0.00918255 0.292561
9.9964E-05 9.9964E-05 0.0790363 0.072163 9.9964E-05 0.597329 0.0130459 9.9964E-05 0.238026
0.108466 0.258386 0.0440337 9.9982E-05 0.112241 0.0734986 9.9982E-05 0.0709867 0.332188
0.020451 0.263787 0.0444271 0.0698995 0.433407 0.167728 9.9973E-05 9.9973E-05 9.9973E-05
0.119809 0.23435 0.0288586 0.00783594 0.219766 0.193294 9.9982E-05 9.9982E-05 0.195886
0.0302894 0.351783 9.9982E-05 0.121746 0.0297372 0.0541195 0.0470323 9.9982E-05 0.365093
0.0212193 0.186644 0.135182 0.100597 0.0914884 0.231784 9.9991E-05 0.0146402 0.218345
9.9973E-05 0.339303 0.0690565 9.9973E-05 0.0597018 0.422203 9.9973E-05 0.0145374 0.0948988
0.0418672 0.0750426 9.99461E-05 9.99461E-05 0.88249 9.99461E-05 9.99461E-05 9.99461E-05 9.99461E-05
9.9973E-05 0.513784 0.00813902 0.117072 9.9973E-05 0.295557 9.9973E-05 0.0475453 0.0176031
9.9955E-05 0.372827 9.9955E-05 0.0363925 0.198051 9.9955E-05 9.9955E-05 9.9955E-05 0.39223
9.9982E-05 0.228958 0.0797454 0.160575 9.9982E-05 0.150256 0.0337147 0.049487 0.297064
0.072304 0.42713 9.9964E-05 9.9964E-05 0.0927086 0.0859331 9.9964E-05 9.9964E-05 0.321524
0.0192015 0.314107 9.9982E-05 0.0830484 0.442726 0.049271 0.0270982 0.0643477 9.9982E-05
9.9955E-05 0.159052 9.9955E-05 9.9955E-05 0.329697 9.9955E-05 9.9955E-05 0.0599081 0.450843
9.9964E-05 0.0942373 0.112111 9.9964E-05 0.475814 0.30708 9.9964E-05 9.9964E-05 0.0103579
9.9964E-05 0.254462 0.00046975 9.9964E-05 9.9964E-05 0.648107 9.9964E-05 0.026555 0.0700066
9.9946E-05 0.338617 9.9946E-05 0.113863 0.546921 9.9946E-05 9.9946E-05 9.9946E-05 9.9946E-05
0.100288 0.289137 9.9973E-05 0.057925 0.287354 0.159051 9.9973E-05 9.9973E-05 0.105946
9.9982E-05 0.08924 0.133127 0.0305025 0.00629669 0.36052 9.9982E-05 0.0943459 0.285768
9.99461E-05 0.131833 0.0283393 9.99461E-05 0.839228 9.99461E-05 9.99461E-05 9.99461E-05 9.99461E-05
0.00055669 0.440848 0.00125989 0.00195953 0.366051 0.11249 9.9982E-05 0.076635 9.9982E-05
9.9982E-05 0.249779 0.0503216 0.100209 0.0165047 0.309211 9.9982E-05 0.0369621 0.236812
9.9973E-05 0.310851 0.0235809 9.9973E-05 0.311581 0.0990912 9.9973E-05 0.0401368 0.214459
9.9973E-05 0.110544 9.9973E-05 0.0502729 0.0716788 0.596483 9.9973E-05 0.0534222 0.117299
0.00817408 0.153005 9.9964E-05 9.9964E-05 9.9964E-05 0.634115 0.112486 9.9964E-05 0.0918197
0.0815083 0.27857 9.9973E-05 9.9973E-05 0.251622 0.325218 0.0125498 0.0502317 9.9973E-05
0.0140609 0.103151 0.0328043 9.9964E-05 9.9964E-05 0.446961 9.9964E-05 9.9964E-05 0.402623
9.9955E-05 0.192154 9.9955E-05 9.9955E-05 9.9955E-05 0.636643 9.9955E-05 0.0358596 0.134844
0.122062 0.187797 0.0403278 0.0850501 9.9991E-05 0.387073 0.107051 0.0281389 0.0423997
0.122396 0.393437 0.0311188 0.0544583 0.130935 0.218516 0.0218249 0.0227847 0.00452834
9.9964E-05 9.9964E-05 9.9964E-05 0.0091836 0.262882 0.485337 9.9964E-05 0.00689714 0.2353
0.180485 0.0624808 0.0733634 0.0291303 9.9991E-05 0.442775 0.0976717 0.0126304 0.101364
0.0499955 0.242956 9.9991E-05 0.0106905 0.0890126 0.4053 0.0578984 0.00693578 0.137111
0.0350346 0.252573 0.0393317 0.0691855 9.9991E-05 0.237586 0.135775 0.0700752 0.160339
0.0151323 0.26109 9.9982E-05 0.154661 9.9982E-05 0.27778 0.0114165 0.011085 0.268635
0.0605754 0.203243 9.9982E-05 0.0470559 0.235666 9.9982E-05 0.0277616 0.0438716 0.381627
0.140192 0.0628119 9.9964E-05 9.9964E-05 9.9964E-05 0.722181 0.00417291 9.9964E-05 0.0702429
9.9964E-05 0.274573 9.9964E-05 0.10562 9.9964E-05 0.130399 0.0339192 9.9964E-05 0.455089
0.0859326 0.124144 0.0191303 0.166715 9.9991E-05 0.366623 0.152685 0.0119825 0.0726869
0.121346 0.0200863 0.0501239 9.9982E-05 9.9982E-05 0.237323 0.164493 0.0612735 0.345154
0.193652 0.130916 9.9982E-05 0.039994 0.24412 0.0632408 9.9982E-05 0.0283481 0.29953
0.02959 9.9973E-05 0.091119 9.9973E-05 0.0277169 0.683594 0.0248847 9.9973E-05 0.142795
9.9982E-05 0.400406 0.0271458 0.0525649 0.0291399 0.299624 9.9982E-05 0.0266239 0.164295
9.9973E-05 0.118747 0.0189454 0.0287672 9.9973E-05 0.463337 9.9973E-05 0.115206 0.254698
0.204458 9.9955E-05 0.0268816 9.9955E-05 9.9955E-05 0.555737 9.9955E-05 9.9955E-05 0.212423
9.9964E-05 0.214619 9.9964E-05 9.9964E-05 9.9964E-05 0.186913 0.0953892 0.0160386 0.486641
0.114741 0.135094 0.10545 9.9973E-05 0.299511 0.106369 9.9973E-05 9.9973E-05 0.238535
0.0546305 0.275563 9.9964E-05 9.9964E-05 0.305672 0.155051 9.9964E-05 9.9964E-05 0.208682
9.9955E-05 9.9955E-05 9.9955E-05 0.0207655 9.9955E-05 0.768861 9.9955E-05 0.0629898 0.146884
9.9973E-05 9.9973E-05 0.00544054 0.183871 9.9973E-05 0.483103 0.0527218 0.0106052 0.263959
0.0259757 0.138836 0.142699 9.9973E-05 9.9973E-05 0.550192 9.9973E-05 0.0465471 0.0954505
0.0320571 0.317799 0.0257299 0.038041 9.9982E-05 0.408365 0.0202091 9.9982E-05 0.157599
9.9982E-05 0.190612 0.0292074 0.167341 0.284869 0.268595 9.9982E-05 0.0251147 0.0340608
0.147711 0.3531 0.045665 0.0448076 0.0536136 0.168652 9.9991E-05 0.00174373 0.184607
0.127015 0.142651 0.00118112 0.0471744 9.9982E-05 0.23911 0.103829 9.9982E-05 0.338839
0.117277 0.072185 9.9982E-05 0.0428037 0.473489 0.111141 9.9982E-05 0.0964681 0.0864357
9.9973E-05 0.195035 0.0443171 9.9973E-05 0.0964603 0.471085 9.9973E-05 0.0652034 0.1276
0.0569806 0.273064 0.0708287 0.00520548 0.0942219 0.108552 0.0429799 9.9991E-05 0.348068
9.9964E-05 0.211891 0.0548052 0.0646493 0.643912 9.9964E-05 9.9964E-05 0.024343 9.9964E-05
9.9973E-05 0.368808 9.9973E-05 0.0457659 9.9973E-05 0.188211 0.0193566 0.0678316 0.309727
0.132274 0.137074 0.00162807 0.100572 0.000741718 0.378612 9.9991E-05 0.051298 0.1977
0.0425918 0.063631 9.9982E-05 0.0507529 0.0575076 0.51961 9.9982E-05 0.0496463 0.21606
0.0852677 0.0725978 0.0740207 0.0587758 9.9982E-05 0.440476 9.9982E-05 0.00926063 0.259402
0.0622107 0.282955 0.115224 0.0669073 9.9982E-05 0.0917912 0.0695127 9.9982E-05 0.311199
0.0384489 0.237973 0.032598 0.0974592 9.9982E-05 0.472379 9.9982E-05 0.0415608 0.0793807
0.024305 0.122064 0.0316388 0.0579871 9.9982E-05 0.650825 9.9982E-05 0.0652502 0.0477298
0.00407268 0.0772314 0.021274 0.0741885 9.9973E-05 0.493854 9.9973E-05 9.9973E-05 0.32908
9.9982E-05 0.249858 0.00602078 0.12785 0.14086 0.252474 9.9982E-05 0.12239 0.100347
0.0224623 0.121504 0.068958 0.0179941 9.9982E-05 0.477575 0.0127375 9.9982E-05 0.278569
0.133878 0.000694637 9.9964E-05 0.123647 9.9964E-05 0.437835 9.9964E-05 9.9964E-05 0.303545
9.99461E-05 0.755566 9.99461E-05 0.0681435 9.99461E-05 9.99461E-05 9.99461E-05 9.99461E-05 0.17569
0.107239 0.182923 9.9964E-05 0.0154077 9.9964E-05 0.334403 9.9964E-05 9.9964E-05 0.359627
9.9973E-05 0.0928032 0.0462254 0.0705115 9.9973E-05 0.345353 9.9973E-05 0.01064 0.434167
9.9964E-05 9.9964E-05 0.0442807 9.9964E-05 0.311634 0.260818 9.9964E-05 0.0589838 0.323883
9.9982E-05 0.162665 0.0619135 0.0583096 0.262897 0.2763 9.9982E-05 0.0389024 0.138812
0.0207988 0.112993 0.0154627 0.051826 0.0213633 0.673598 0.00633027 9.9991E-05 0.0975282
0.00369704 0.0554906 0.0533263 0.0313009 0.492686 0.136895 9.9991E-05 0.0478699 0.178635
0.045861 0.298162 0.0177882 0.101289 9.9973E-05 0.246801 9.9973E-05 9.9973E-05 0.289798
9.9964E-05 0.224859 9.9964E-05 0.026722 0.255214 0.162887 9.9964E-05 9.9964E-05 0.329918
0.0683025 0.145229 0.0425199 0.0167359 9.9991E-05 0.562208 0.0611513 0.040761 0.0629925
0.0373086 0.627312 0.0775912 0.00115446 0.028087 9.9973E-05 9.9973E-05 9.9973E-05 0.228247
9.9973E-05 0.264657 0.0558789 9.9973E-05 0.194571 0.269443 0.0738795 9.9973E-05 0.14127
0.0753509 0.240116 9.9982E-05 0.0278426 0.417221 0.0079189 9.9982E-05 0.0661209 0.16523
0.0518912 0.280649 9.9964E-05 9.9964E-05 9.9964E-05 0.499572 9.9964E-05 0.0355198 0.131969
9.9973E-05 0.110937 0.0443192 0.0539516 9.9973E-05 0.111323 9.9973E-05 0.0692748 0.609894
9.9973E-05 0.234579 9.9973E-05 0.020805 0.244318 0.0874666 9.9973E-05 0.0310868 0.381445
0.186096 0.166576 9.9973E-05 9.9973E-05 0.020002 0.0867443 0.0251648 9.9973E-05 0.515117
0.0807901 0.0990199 9.9973E-05 9.9973E-05 0.0140749 0.661795 0.00394121 9.9973E-05 0.140079
0.0799135 9.9964E-05 0.00922544 9.9964E-05 0.776508 0.0679144 9.9964E-05 0.0660385 9.9964E-05
0.128009 0.181153 0.0329944 0.0424327 9.9982E-05 0.443163 9.9982E-05 0.00965615 0.162392
9.9964E-05 0.287356 0.0123887 0.00723443 9.9964E-05 0.501639 9.9964E-05 9.9964E-05 0.190981
0.0842797 0.18118 9.9964E-05 9.9964E-05 9.9964E-05 0.644389 9.9964E-05 0.0412955 0.0484559
0.0522545 0.123867 0.0479397 0.164278 0.000349836 0.570993 9.9982E-05 0.0401171 9.9982E-05
0.0974434 0.0751313 0.025468 0.0152417 0.0266947 0.376699 9.9991E-05 0.0277534 0.355468
0.0294924 0.124874 0.0501547 9.99789E-05 9.99789E-05 0.528554 9.99789E-05 0.025623 0.241003
9.9982E-05 0.103149 0.036421 0.104664 0.0316979 0.581716 9.9982E-05 0.0525281 0.0896242
0.0271937 0.15234 0.0884067 0.0193908 0.0755036 0.375626 9.9991E-05 0.0298531 0.231587
0.172343 0.125319 0.00792997 9.9973E-05 0.47891 9.9973E-05 9.9973E-05 0.00240279 0.212795
9.9964E-05 0.203347 0.00702261 9.9964E-05 9.9964E-05 0.584178 9.9964E-05 0.00331078 0.201742
9.9955E-05 9.9955E-05 0.0591615 9.9955E-05 9.9955E-05 0.407892 9.9955E-05 0.0106895 0.521758
0.0967964 0.355068 0.0513672 0.0366868 0.0934214 0.298731 9.9991E-05 0.0429315 0.0248971
0.0515589 0.12832 0.0560948 0.00569821 0.346645 0.337829 9.9991E-05 0.00344184 0.0703128
0.114447 9.9973E-05 9.9973E-05 0.048141 9.9973E-05 0.349832 0.0431597 0.0079973 0.436123
9.9964E-05 0.229353 0.00167061 9.9964E-05 0.2145 0.542774 9.9964E-05 0.0113026 9.9964E-05
0.0600617 0.0144356 0.0148254 0.00706518 9.9982E-05 0.444046 9.9982E-05 0.0605619 0.398804
0.000641442 0.280884 0.0227365 9.9991E-05 0.198492 0.229027 0.0210808 0.0301763 0.216861
0.0528114 0.1377 0.000226896 0.00693686 0.0823007 0.484458 0.0837308 0.0237904 0.128045
0.189468 0.31282 9.9973E-05 9.9973E-05 0.333722 0.0344566 9.9973E-05 0.0557593 0.0734744
0.0605522 9.9973E-05 0.0110267 9.9973E-05 0.196428 0.289872 9.9973E-05 0.00876336 0.433058
9.9982E-05 0.182408 0.0393692 0.175605 9.9982E-05 0.132426 0.0548468 0.00259901 0.412545
0.131727 0.244522 9.9973E-05 0.0528084 0.196494 0.117785 9.9973E-05 9.9973E-05 0.256362
0.197331 0.168402 0.00663954 0.00602227 9.9973E-05 0.470587 9.9973E-05 9.9973E-05 0.150719
9.9982E-05 0.0149155 0.0238676 0.0760101 0.0253049 0.551887 9.9982E-05 0.0276527 0.280162
0.0127081 0.270403 0.0492533 0.155145 9.9982E-05 0.401396 9.9982E-05 0.0108133 0.100081
0.0575866 0.163906 0.05723 0.10953 0.188482 0.417536 9.9982E-05 0.00552945 9.9982E-05
9.9955E-05 0.413312 9.9955E-05 0.0485981 9.9955E-05 0.242388 9.9955E-05 9.9955E-05 0.295202
0.139245 0.130732 9.9982E-05 0.0157803 9.9982E-05 0.334765 0.034924 0.121752 0.222603
9.9973E-05 0.00667202 9.9973E-05 0.0705493 9.9973E-05 0.413458 0.0560019 0.00926782 0.443751
0.0351436 0.0841745 9.9973E-05 9.9973E-05 0.521494 0.145434 0.0610591 9.9973E-05 0.152394
0.0233249 9.9973E-05 0.0557418 9.9973E-05 0.858546 0.0435934 0.0114546 0.00703966 9.9973E-05
0.136536 0.0561767 0.0251721 0.0784608 0.0748625 0.518129 0.0111566 9.9991E-05 0.0994066
0.13488 0.246546 9.9991E-05 0.0176252 0.0134387 0.378654 0.0446745 0.0390579 0.125024
0.0657031 0.448322 9.9973E-05 9.9973E-05 9.9973E-05 0.116012 0.116031 0.0738477 0.179785
9.9973E-05 0.560517 9.9973E-05 0.0108476 0.0229503 0.0930084 9.9973E-05 0.0415688 0.270808
0.0420049 0.209355 0.0418282 0.081952 0.148776 0.472518 0.00336598 9.9982E-05 9.9982E-05
0.131396 0.0382194 0.033252 0.0202087 0.0956498 0.37012 9.9991E-05 0.0303332 0.280721
9.9982E-05 0.0999216 0.0620873 0.102808 9.9982E-05 0.516949 0.056912 0.0379586 0.123164
0.0110213 0.12197 9.9982E-05 0.00277431 9.9982E-05 0.489927 0.158564 0.00401304 0.211531
0.031312 0.00339329 0.000361212 0.0637975 0.0371187 0.560316 9.9991E-05 0.0986983 0.204904
9.9973E-05 0.0924329 9.9973E-05 0.0613849 9.9973E-05 0.46949 0.0640956 0.0508917 0.261405
9.9946E-05 9.9946E-05 9.9946E-05 9.9946E-05 0.00532242 0.508373 9.9946E-05 9.9946E-05 0.485705
9.9973E-05 0.0678855 0.028397 0.0523723 9.9973E-05 0.423214 9.9973E-05 0.0424332 0.385398
9.9964E-05 0.331128 0.0255156 0.177424 9.9964E-05 0.0125755 9.9964E-05 9.9964E-05 0.452957
0.0169158 0.0616944 9.9973E-05 0.0036776 9.9973E-05 0.615326 0.151976 9.9973E-05 0.15011
0.1987 0.00939321 9.9982E-05 0.114438 0.0606038 0.457867 9.9982E-05 0.0245843 0.134214
0.0990703 0.186441 9.9982E-05 0.0557571 9.9982E-05 0.240978 0.137086 0.0325174 0.24795
0.0748611 0.288939 9.9964E-05 9.9964E-05 9.9964E-05 0.550513 0.038282 0.047005 9.9964E-05
0.0725056 9.9982E-05 0.0102204 0.0870905 0.0958501 0.489116 9.9982E-05 0.0491664 0.195851
0.115517 9.9991E-05 0.0669368 0.0515732 0.484943 0.0978142 0.00853292 0.000367367 0.174215
0.0623501 0.182692 9.9973E-05 9.9973E-05 0.343589 0.107805 9.9973E-05 0.0627303 0.240534
9.9973E-05 0.0238153 0.0325647 9.9973E-05 0.779085 0.0617027 0.0178125 0.0847199 9.9973E-05
0.113209 0.149515 9.9973E-05 0.132754 0.000904187 0.473971 9.9973E-05 9.9973E-05 0.129346
9.9955E-05 9.9955E-05 9.9955E-05 9.9955E-05 0.718595 0.0582931 9.9955E-05 0.0542802 0.168332
9.9955E-05 0.236187 9.9955E-05 0.0663039 0.651485 9.9955E-05 0.0455252 9.9955E-05 9.9955E-05
0.191635 0.161708 0.0434829 0.0898763 9.9982E-05 0.42047 9.9982E-05 0.042683 0.0499445
0.0873272 0.0238629 0.0444377 0.0937389 0.0333789 0.606203 0.0916801 0.0151669 0.00420438
0.202054 9.9964E-05 0.0718864 0.0292533 9.9964E-05 0.382481 9.9964E-05 9.9964E-05 0.313925
9.9964E-05 0.308143 0.0437854 9.9964E-05 0.563707 0.0793687 9.9964E-05 0.00459612 9.9964E-05
9.9964E-05 9.9964E-05 0.0510345 0.0222154 9.9964E-05 0.511371 9.9964E-05 0.00336817 0.411611
0.0123668 0.292846 0.0851407 0.031699 0.318752 9.9982E-05 9.9982E-05 0.0752092 0.183787
0.0858543 9.9964E-05 9.9964E-05 0.204986 0.0421589 0.547015 9.9964E-05 9.9964E-05 0.119586
0.0432563 0.150716 9.9973E-05 0.0384585 0.622512 0.0451197 9.9973E-05 0.0996375 9.9973E-05
0.0442537 0.273347 0.00556986 9.9982E-05 0.0515161 0.30863 0.0278763 9.9982E-05 0.288607
9.9991E-05 0.0438732 0.0706779 0.009938 0.0366367 0.527562 0.0503418 0.00207021 0.2588
9.99371E-05 9.99371E-05 9.99371E-05 9.99371E-05 9.99371E-05 0.501512 9.99371E-05 9.99371E-05 0.497788
0.0539915 0.173201 9.9982E-05 0.0327345 9.9982E-05 0.346028 0.0389772 0.00142078 0.353447
0.0981228 0.0922937 9.9964E-05 9.9964E-05 0.652702 0.151902 9.9964E-05 9.9964E-05 0.00457904
0.0382176 0.276945 0.0262123 0.0781984 0.108613 0.433848 9.9991E-05 0.0347854 0.00307964
9.9982E-05 0.242279 0.024962 9.9982E-05 0.282346 0.13623 0.0966712 0.0677873 0.149525
0.156501 9.9973E-05 0.086797 0.0166318 9.9973E-05 0.479073 9.9973E-05 0.0315717 0.229126
0.0453715 0.123591 0.00474349 0.0386382 0.62123 0.000719955 0.0274846 0.0257559 0.112465
0.0489364 0.214986 9.9982E-05 9.9982E-05 0.0321328 0.337048 0.159606 0.0952548 0.111836
9.9973E-05 0.458845 9.9973E-05 0.014592 0.202141 0.193114 0.0530923 0.0779155 9.9973E-05
9.9964E-05 0.0899512 9.9964E-05 0.0685276 9.9964E-05 0.420803 0.0801213 9.9964E-05 0.340197
9.9973E-05 0.459376 0.166989 0.0494243 0.0592639 0.23352 9.9973E-05 0.0311269 9.9973E-05
0.0273862 0.13411 0.00391913 9.9982E-05 0.470561 0.186979 9.9982E-05 0.0500603 0.126785
0.206912 9.9973E-05 0.000285837 0.0711133 9.9973E-05 0.211975 9.9973E-05 0.0119193 0.497495
0.133361 0.0780606 0.0566716 0.0839406 9.9973E-05 0.436625 9.9973E-05 9.9973E-05 0.211042
0.0558754 0.179445 0.039346 0.0641342 9.9991E-05 0.208386 0.0286292 0.00944674 0.414638
0.0808352 0.0925518 9.9982E-05 0.0225718 9.9982E-05 0.468627 0.067669 0.0524824 0.215063
0.0468116 0.390959 0.0136199 9.9973E-05 0.268613 0.251039 9.9973E-05 0.0286577 9.9973E-05
0.044424 0.219358 9.9982E-05 0.0544088 9.9982E-05 0.355916 0.0614056 0.0563101 0.207978
0.101027 0.00173045 0.0677763 0.00229798 9.9982E-05 0.652267 9.9982E-05 0.056945 0.117756
0.0830502 0.0358978 9.9973E-05 9.9973E-05 0.0258446 0.591824 0.0198199 9.9973E-05 0.243264
9.9973E-05 0.229346 0.0848376 0.0511396 0.405581 0.178511 9.9973E-05 9.9973E-05 0.0502847
0.0144236 0.215277 0.0363692 0.0425441 0.230153 0.237433 9.9991E-05 0.00333378 0.220367
0.0739371 0.0735589 0.015357 9.9973E-05 9.9973E-05 0.578092 9.9973E-05 0.0821593 0.176596
0.16999 0.416762 0.00188974 0.0941956 9.9964E-05 9.9964E-05 9.9964E-05 9.9964E-05 0.316763
0.111015 0.237662 0.0617429 0.125959 0.145456 0.253025 9.9982E-05 0.0649409 9.9982E-05
0.0983858 0.136357 0.0304896 0.061924 9.9982E-05 0.204213 9.9982E-05 0.00420903 0.464221
0.0388079 0.259609 0.0633247 0.110076 0.27457 0.225294 9.9982E-05 0.0281191 9.9982E-05
9.9973E-05 0.420073 9.9973E-05 0.191926 9.9973E-05 0.297237 0.021743 0.018077 0.050644
0.000462003 0.285873 0.00209558 0.0465325 0.341788 0.283193 9.9982E-05 0.0398561 9.9982E-05
9.9964E-05 0.0258739 0.146271 9.9964E-05 9.9964E-05 0.521099 9.9964E-05 0.026014 0.280343
0.0189637 0.0529605 9.9973E-05 0.0900574 9.9973E-05 0.579594 9.9973E-05 0.00580118 0.252324
9.9982E-05 0.0332996 0.0170279 0.0827358 9.9982E-05 0.696253 0.0434268 0.0395053 0.0875512
0.106091 9.9964E-05 0.0426131 0.0122358 9.9964E-05 0.629521 9.9964E-05 9.9964E-05 0.20914
0.0123798 0.0121107 0.089214 0.130075 9.9991E-05 0.239725 0.0166608 0.0703756 0.429359
0.0905533 0.0806159 9.9982E-05 0.0720662 0.0031851 0.189204 9.9982E-05 0.0295252 0.53465
0.0362688 0.37396 9.9991E-05 0.0278808 0.140468 0.251712 0.00273957 0.106615 0.0602565
9.9955E-05 0.518461 0.0731416 9.9955E-05 9.9955E-05 0.25901 9.9955E-05 9.9955E-05 0.148888
0.0435023 0.125241 9.9973E-05 0.0225784 9.9973E-05 0.582903 9.9973E-05 0.00706426 0.218411
9.9973E-05 0.107093 0.110464 9.9973E-05 0.0592846 0.535572 9.9973E-05 0.0392234 0.148063
0.12139 0.333493 9.9973E-05 9.9973E-05 0.0198188 0.332438 9.9973E-05 0.0772593 0.115302
9.9964E-05 0.5695 9.9964E-05 9.9964E-05 0.138561 9.9964E-05 0.0746554 0.123486 0.0933973
0.132062 0.042268 0.0216637 0.124081 9.9991E-05 0.372506 0.0560358 0.0151617 0.236122
0.0694502 0.0278789 0.109567 0.0362139 9.9982E-05 0.480142 9.9982E-05 0.00767291 0.268875
9.9946E-05 9.9946E-05 9.9946E-05 9.9946E-05 0.678773 9.9946E-05 9.9946E-05 0.0361676 0.284459
0.012096 0.0513568 9.9973E-05 9.9973E-05 0.617269 0.0319984 9.9973E-05 0.00549419 0.281486
0.0965121 0.0672049 0.0324462 0.22768 9.9982E-05 0.529897 9.9982E-05 0.0277307 0.0183294
0.0258571 9.9973E-05 9.9973E-05 0.0561239 9.9973E-05 0.438873 0.358063 0.0220996 0.0986836
0.279844 0.0890288 0.156276 9.9982E-05 0.0384955 0.115267 0.3161 0.00478786 9.9982E-05
0.163146 0.0860513 0.0378956 9.9982E-05 9.9982E-05 0.0576808 0.355375 0.0227574 0.276894
0.00233679 9.9973E-05 0.00426956 0.0129369 9.9973E-05 0.377923 0.115671 9.9973E-05 0.486562
0.139822 9.99639E-05 0.0909413 9.99639E-05 9.99639E-05 9.99639E-05 0.357587 0.0745684 0.336682
9.9964E-05 9.9964E-05 0.0879599 9.9964E-05 0.0184378 9.9964E-05 0.378492 0.0213253 0.493385
9.9964E-05 0.178532 0.0513854 0.0865151 9.9964E-05 0.208144 0.475023 9.9964E-05 9.9964E-05
0.154262 9.9982E-05 0.0384029 0.134583 0.000572922 9.9982E-05 0.355787 0.0329416 0.28325
0.10977 0.157161 0.0594108 0.016748 9.9982E-05 0.187344 0.420321 0.0490449 9.9982E-05
0.0100398 9.9982E-05 0.0707838 0.127536 9.9982E-05 0.0978818 0.268671 0.0275795 0.397308
0.0146296 0.145362 0.142562 0.0934054 9.9991E-05 0.186396 0.168894 0.0867282 0.161922
0.130396 0.0531061 0.124845 9.9982E-05 9.9982E-05 0.109303 0.376325 0.0168608 0.188964
0.106517 9.9973E-05 0.0319804 9.9973E-05 9.9973E-05 0.368292 0.16391 0.118732 0.210268
0.200139 9.9964E-05 9.9964E-05 0.130997 9.9964E-05 9.9964E-05 0.221891 0.0421523 0.404421
0.202825 9.9982E-05 0.0461921 0.0566939 9.9982E-05 0.205368 0.340103 0.0614991 0.0871191
0.129959 0.0877237 0.132644 9.9982E-05 0.020177 0.102602 0.444624 0.0820711 9.9982E-05
9.9964E-05 9.9964E-05 0.19265 9.9964E-05 9.9964E-05 0.22822 0.223931 0.0304752 0.324323
0.162901 0.117253 0.0825643 0.0499485 9.9991E-05 0.0575377 0.262188 0.0419101 0.225597
0.053469 0.0503944 0.0912487 0.0337968 0.679179 0.00492334 0.0653413 0.0215479 9.9991E-05
9.9982E-05 9.9982E-05 0.0945021 0.172409 0.00211941 0.302667 0.273729 0.00520425 0.149169
0.0754273 0.0164368 0.0937549 0.140504 9.9991E-05 0.182555 0.259735 0.0673784 0.164108
9.9991E-05 0.0487129 0.0463707 0.0131425 0.114408 0.484512 0.0668559 0.0131135 0.212784
0.129004 9.9964E-05 0.117911 9.9964E-05 0.024097 9.9964E-05 0.500851 9.9964E-05 0.227737
0.05523 9.9964E-05 0.107442 0.170627 9.9964E-05 9.9964E-05 0.407641 9.9964E-05 0.25866
0.0325315 0.298064 0.0415247 0.172038 9.9982E-05 0.283681 0.0791029 9.9982E-05 0.0928585
0.0934389 9.9973E-05 0.096242 0.0452748 9.9973E-05 0.305279 0.414677 0.0447884 9.9973E-05
0.135833 0.0510979 0.0772679 9.9973E-05 9.9973E-05 0.4278 0.240804 0.0668973 9.9973E-05
0.186898 0.0654921 0.102788 0.0888799 9.9991E-05 0.0799342 0.215097 0.0072945 0.253516
0.102155 9.9982E-05 0.148227 0.00134147 0.0395069 0.229536 0.437653 9.9982E-05 0.0413807
0.13941 0.0127301 0.14392 0.171581 0.00502113 0.111161 0.330815 0.085263 9.9991E-05
0.274357 9.9982E-05 0.0878624 0.0369203 9.9982E-05 0.0720973 0.462308 0.031333 0.0349225
9.993E-05 9.993E-05 0.999201 9.993E-05 9.993E-05 9.993E-05 9.993E-05 9.993E-05 9.993E-05
0.212032 0.026257 0.0816283 0.0484416 9.9991E-05 0.076138 0.268129 0.117785 0.169489
0.129617 9.9973E-05 0.031198 0.0794125 9.9973E-05 0.360195 0.342285 0.0569927 9.9973E-05
9.9991E-05 0.0724269 0.0880023 0.0192583 0.0617081 0.0882457 0.564516 0.0699562 0.0357869
0.0660423 0.102701 0.0584462 0.0845947 9.9991E-05 0.0676042 0.433176 0.0407625 0.146573
0.175218 9.9973E-05 0.017697 0.0856217 0.0715878 9.9973E-05 0.441668 9.9973E-05 0.207908
0.116438 9.9973E-05 0.0120892 0.141601 9.9973E-05 0.626353 9.9973E-05 0.0841126 0.0191063
0.0992558 9.9982E-05 0.0493032 0.0214271 9.9982E-05 0.00620383 0.423518 0.159098 0.240995
0.222415 9.9982E-05 0.0353538 0.00420245 0.0321729 0.331679 0.327831 0.046145 9.9982E-05
0.0384471 0.0814728 0.0660674 9.9973E-05 9.9973E-05 0.121186 0.352456 9.9973E-05 0.340072
0.284248 0.162918 9.9964E-05 0.0523782 9.9964E-05 0.230283 0.269772 9.9964E-05 9.9964E-05
9.993E-05 9.993E-05 0.999201 9.993E-05 9.993E-05 9.993E-05 9.993E-05 9.993E-05 9.993E-05
9.9973E-05 0.0798399 0.0832648 0.0380243 9.9973E-05 0.304361 0.0298114 9.9973E-05 0.464399
0.169983 9.9973E-05 0.112633 9.9973E-05 9.9973E-05 0.100153 0.32244 0.0371653 0.257326
0.0217087 0.385308 0.0562314 9.9982E-05 0.172433 0.280002 0.0350335 0.0490832 9.9982E-05
0.239897 0.11966 9.9982E-05 0.0402785 9.9982E-05 0.222314 0.00220693 0.0495885 0.325855
0.0455131 0.144411 9.9982E-05 0.0606366 9.9982E-05 0.431515 0.162113 0.0142975 0.141314
9.9982E-05 9.9982E-05 0.0493615 0.119936 0.0470554 0.130098 0.447893 0.0695562 0.1359
0.0584717 0.00043503 0.0155121 0.132992 9.9991E-05 0.115699 0.34165 0.0695379 0.265603
9.9982E-05 9.9982E-05 0.0713031 0.0475884 0.00883187 0.22066 0.509414 0.0415609 0.100442
0.0746397 0.102317 0.0930687 0.0651663 9.9982E-05 0.254075 0.303793 9.9982E-05 0.106739
0.123503 0.0380258 9.9982E-05 0.0630926 0.0452277 0.187154 0.443976 9.9982E-05 0.0988208
0.0756011 9.9982E-05 0.00181583 9.9982E-05 0.00343418 0.200719 0.41998 0.101085 0.197165
0.0424274 9.9964E-05 9.9964E-05 0.033739 9.9964E-05 0.395358 0.383954 9.9964E-05 0.144122
0.187951 0.0108877 0.176699 9.9973E-05 9.9973E-05 0.0903197 0.409357 9.9973E-05 0.124486
9.9964E-05 0.131426 0.234189 9.9964E-05 9.9964E-05 0.377207 0.19557 0.061208 9.9964E-05
0.999201 9.993E-05 9.993E-05 9.993E-05 9.993E-05 9.993E-05 9.993E-05 9.993E-05 9.993E-05
0.0460378 9.9964E-05 0.170903 9.9964E-05 9.9964E-05 0.292769 0.463316 0.0265752 9.9964E-05
0.12974 9.9991E-05 0.0598396 0.00194402 0.0268152 0.303995 0.419761 0.0176867 0.0401184
0.0830328 9.9982E-05 0.0862126 0.119571 0.011776 9.9982E-05 0.303491 0.0246394 0.371078
0.11774 0.11106 9.9973E-05 9.9973E-05 9.9973E-05 0.130784 0.451844 0.038457 0.149815
0.0323705 0.0164675 9.9982E-05 0.036831 0.0113815 0.370451 0.144628 9.9982E-05 0.387671
0.168366 9.9964E-05 0.061006 0.0658366 9.9964E-05 0.327095 0.377297 9.9964E-05 9.9964E-05
0.0225122 0.188899 9.9982E-05 9.9982E-05 0.118497 0.446779 0.116536 0.0424323 0.0641443
0.0592814 9.9982E-05 0.052359 0.152629 9.9982E-05 0.0408949 0.32401 0.0969765 0.273649
0.0681794 0.207644 0.0376559 0.0715878 0.0557396 0.121439 0.392769 0.0448852 9.9991E-05
0.123664 0.304872 0.0812777 0.0408093 0.0277415 0.341701 9.9982E-05 0.0797347 9.9982E-05
0.340222 9.9991E-05 0.13585 0.00233903 0.0237609 0.189127 0.199123 0.0731093 0.0363691
0.13137 0.0884061 0.139685 9.9982E-05 9.9982E-05 0.236595 0.336303 0.0559331 0.0115084
0.999007 9.9937E-05 0.000292984 9.9937E-05 9.9937E-05 9.9937E-05 9.9937E-05 9.9937E-05 9.9937E-05
0.171874 0.0687993 9.9982E-05 0.0648889 9.9982E-05 0.140395 0.511263 0.024252 0.0183273
9.9982E-05 9.9982E-05 0.0978117 0.205436 0.0294727 0.0653972 0.246621 0.0473075 0.307754
0.134131 9.9973E-05 0.0668694 9.9973E-05 9.9973E-05 0.185323 0.476228 0.0503686 0.0867811
0.134335 0.00143409 0.111661 9.9982E-05 0.010516 0.00890082 0.403621 9.9982E-05 0.329331
0.11848 9.9982E-05 0.0456707 0.105731 0.0303062 0.0948948 0.301289 9.9982E-05 0.303428
0.108866 0.217187 0.0525117 9.9973E-05 9.9973E-05 0.201405 0.112612 9.9973E-05 0.307118
0.151356 0.168472 0.0547368 0.111968 9.9982E-05 0.11838 0.31288 9.9982E-05 0.0820074
0.0269277 0.205027 0.105257 0.0747546 9.9982E-05 0.22306 0.277696 9.9982E-05 0.0870773
0.0486387 0.18487 9.9964E-05 9.9964E-05 0.745429 9.9964E-05 0.0182047 0.00245824 9.9964E-05
0.14866 0.0143141 0.060256 0.00281481 9.9991E-05 0.272928 0.328035 0.0557019 0.11719
9.9973E-05 0.15014 0.0195548 9.9973E-05 0.149946 0.592964 0.0723291 0.0147662 9.9973E-05
