9.9973E-05 0.00884298 0.138694 0.596975 9.9973E-05 0.217489 0.019457 9.9973E-05 0.0182421
9.9982E-05 0.120562 0.0307165 0.102735 0.0380306 0.357693 0.143851 9.9982E-05 0.206212
0.0446221 0.0248334 0.24489 9.9982E-05 0.0115536 0.368268 0.00194179 9.9982E-05 0.303691
9.9964E-05 0.098969 9.9964E-05 9.9964E-05 0.108177 0.496637 0.0792491 9.9964E-05 0.216568
0.0308031 0.0797277 0.140323 0.156216 9.9973E-05 0.5558 9.9973E-05 9.9973E-05 0.0368299
0.0046084 9.9964E-05 0.0165988 0.00188494 0.619935 9.9964E-05 9.9964E-05 9.9964E-05 0.356573
0.0219252 9.9964E-05 0.309219 0.317559 9.9964E-05 0.336391 0.0145062 9.9964E-05 9.9964E-05
9.9964E-05 0.0485364 9.9964E-05 9.9964E-05 0.79379 0.0132418 9.9964E-05 0.0195328 0.124499
0.0995187 9.9973E-05 0.378425 0.0772745 9.9973E-05 0.365264 9.9973E-05 0.0273354 0.051882
9.9973E-05 0.110725 0.152671 0.0117718 9.9973E-05 0.441588 0.0852285 9.9973E-05 0.197716
9.9964E-05 9.9964E-05 0.237461 0.104126 9.9964E-05 0.369712 0.102623 9.9964E-05 0.185678
0.039912 9.9982E-05 0.155503 0.143346 0.157559 0.266115 0.117598 9.9982E-05 0.119767
0.16003 9.9964E-05 0.217851 0.0634636 9.9964E-05 0.523082 0.0351729 9.9964E-05 9.9964E-05
0.0141149 9.9982E-05 0.168873 0.181819 0.0797797 0.4161 0.0493077 9.9982E-05 0.089805
0.0132125 0.0881097 0.0129977 9.9982E-05 0.555048 0.00950893 0.0987088 9.9982E-05 0.222215
0.133042 0.109854 0.184151 0.018375 9.9973E-05 0.350252 9.9973E-05 9.9973E-05 0.204027
0.00525522 9.9982E-05 0.0815204 0.236594 0.0507772 0.215578 0.0169602 9.9982E-05 0.393114
0.0650552 0.0948033 0.153702 9.9964E-05 9.9964E-05 0.608678 9.9964E-05 0.0773622 9.9964E-05
0.0573213 0.037001 0.0613123 0.159045 0.00472353 0.470907 0.0299064 0.0324321 0.147352
9.9973E-05 0.041908 0.0120826 0.405537 0.0058006 0.516958 0.0174133 9.9973E-05 9.9973E-05
0.110822 0.0750361 0.0758035 0.061211 9.9973E-05 0.659957 9.9973E-05 0.0168708 9.9973E-05
0.0711582 0.0517028 0.18929 0.130657 0.0670947 0.415772 0.0224547 0.00727963 0.0445907
9.9955E-05 9.9955E-05 0.0737293 9.9955E-05 9.9955E-05 0.491865 0.190003 9.9955E-05 0.243903
0.0201504 9.9973E-05 0.000323156 0.278392 0.539937 9.9973E-05 0.0315944 9.9973E-05 0.129303
0.0920053 0.106522 0.236834 0.217416 9.9973E-05 0.303695 9.9973E-05 9.9973E-05 0.0432279
0.0604736 0.0660304 9.9973E-05 9.9973E-05 0.504607 0.0917676 0.0403738 9.9973E-05 0.236447
0.0331386 0.046422 9.9973E-05 0.10111 0.383334 0.143793 9.9973E-05 9.9973E-05 0.291902
0.0301381 9.9964E-05 9.9964E-05 0.194842 0.31488 0.456985 9.9964E-05 9.9964E-05 0.00275591
9.9973E-05 0.0310089 0.0280612 9.9973E-05 0.559376 0.00167048 0.0323181 9.9973E-05 0.347266
0.0189005 9.9973E-05 0.198899 0.0718262 0.171151 0.508837 0.0300866 9.9973E-05 9.9973E-05
0.0457623 9.9973E-05 9.9973E-05 0.219247 0.435382 0.208417 9.9973E-05 0.0134266 0.0774649
0.0474134 0.0809061 0.230781 0.00141053 0.0415319 0.529602 0.0309144 9.9991E-05 0.0373406
0.0609146 9.9991E-05 0.0933515 0.0100146 0.124132 0.271218 0.0728897 0.026423 0.340956
0.0115971 9.9955E-05 0.00961683 9.9955E-05 0.803695 0.174592 9.9955E-05 9.9955E-05 9.9955E-05
0.0158955 9.9964E-05 0.115738 9.9964E-05 0.778742 9.9964E-05 0.0159471 0.0732783 9.9964E-05
0.0395827 0.027423 0.285431 9.9982E-05 0.0684414 0.465639 0.00135832 9.9982E-05 0.111924
0.104794 0.0331882 9.9982E-05 0.0218435 0.0639344 0.4658 0.0945815 9.9982E-05 0.215659
0.0927624 0.080511 0.174026 0.27118 9.9982E-05 0.271546 0.048149 9.9982E-05 0.0616261
9.9973E-05 0.168667 0.0546323 0.0246699 0.66518 9.9973E-05 0.0149089 9.9973E-05 0.0716423
0.00237244 9.9982E-05 9.9982E-05 0.169931 0.350307 0.0981564 0.0428773 0.12489 0.211265
0.070341 0.00298507 0.197463 0.287467 0.179615 0.0297904 0.0835701 9.9991E-05 0.148668
0.072253 9.9973E-05 0.184932 0.0285758 9.9973E-05 0.38028 0.00345266 9.9973E-05 0.330206
0.0540913 0.0248834 0.0251822 0.150427 0.146687 0.53321 0.00942329 9.9991E-05 0.055995
0.0715997 0.0965377 0.0765359 0.151981 0.531482 0.0715633 9.9973E-05 9.9973E-05 9.9973E-05
0.0268458 0.0575714 0.262577 0.339249 9.9982E-05 0.191006 0.00742198 9.9982E-05 0.115129
0.0818259 0.0375007 0.215165 0.272587 9.9982E-05 0.0920033 0.196311 9.9982E-05 0.104408
0.031436 0.0565494 0.114975 0.377798 0.0284286 0.300394 0.0195265 9.9991E-05 0.0707917
9.9973E-05 0.134715 0.0149613 0.122626 9.9973E-05 0.242451 0.00892313 9.9973E-05 0.476024
0.0761995 0.0505652 0.360176 0.358625 0.0179429 0.075189 0.0132196 9.9991E-05 0.0479833
0.034876 0.073303 9.9964E-05 0.2207 0.389517 9.9964E-05 9.9964E-05 9.9964E-05 0.281204
9.9964E-05 0.00537199 0.380861 9.9964E-05 9.9964E-05 0.506037 0.00223334 9.9964E-05 0.105097
9.9982E-05 9.9982E-05 0.174962 0.0145675 0.370082 0.106851 0.140154 0.0631885 0.129995
0.047077 0.0657666 0.222247 0.0883411 9.9982E-05 0.305596 0.113891 9.9982E-05 0.156881
0.0169628 0.0414727 9.9955E-05 9.9955E-05 0.779479 9.9955E-05 9.9955E-05 9.9955E-05 0.161585
0.058841 9.9973E-05 0.131649 9.9973E-05 0.328636 0.0955322 0.0290829 9.9973E-05 0.355958
0.047103 0.0314249 0.0640796 0.166667 9.9982E-05 0.617735 9.9982E-05 0.0280266 0.044764
9.9955E-05 9.9955E-05 0.278365 0.3153 9.9955E-05 0.349361 0.0564735 9.9955E-05 9.9955E-05
0.0891329 0.0091023 0.0964925 0.268267 0.141793 0.274477 0.069782 9.9991E-05 0.0508533
0.0199129 9.9973E-05 9.9973E-05 0.375921 0.215861 0.0743038 0.0543654 9.9973E-05 0.259335
0.00607459 9.9964E-05 9.9964E-05 0.164187 0.334606 0.456831 9.9964E-05 9.9964E-05 0.0379006
0.0430521 0.0419879 9.9973E-05 0.0340201 0.728717 9.9973E-05 9.9973E-05 0.0825532 0.06937
9.9955E-05 0.0290161 9.9955E-05 9.9955E-05 0.780912 9.9955E-05 0.0767823 9.9955E-05 0.112789
0.0900573 9.9973E-05 0.185707 0.0985547 9.9973E-05 0.42855 9.9973E-05 0.0742708 0.122559
0.0200615 9.9964E-05 9.9964E-05 0.126096 0.834678 9.9964E-05 0.00139738 9.9964E-05 0.0173672
0.000713855 0.0393198 0.190135 0.0744633 9.9991E-05 0.274245 0.0576853 0.056479 0.306859
0.00855973 0.0516354 9.9973E-05 9.9973E-05 0.744192 0.000158539 0.0570906 9.9973E-05 0.138064
0.111464 9.9964E-05 0.107972 0.178684 9.9964E-05 0.518316 0.0831637 9.9964E-05 9.9964E-05
9.9982E-05 0.0481422 0.171665 0.148068 0.141599 0.121302 0.0783948 9.9982E-05 0.290629
0.0616179 9.9973E-05 0.0481943 0.372473 9.9973E-05 0.328716 0.105456 9.9973E-05 0.0832423
0.016213 9.9946E-05 9.9946E-05 9.9946E-05 0.499874 9.9946E-05 9.9946E-05 9.9946E-05 0.483314
0.0645974 0.038408 0.0266621 0.548986 9.9973E-05 0.237832 0.0832149 9.9973E-05 9.9973E-05
0.105808 0.11119 9.9982E-05 0.19067 0.0676635 0.474638 9.9982E-05 0.0367369 0.0130944
9.9982E-05 9.9982E-05 0.0493655 0.252573 0.277227 0.295834 0.0492443 0.0358869 0.0396694
9.9973E-05 9.9973E-05 0.187111 0.135027 9.9973E-05 0.301238 0.0812021 0.032804 0.262318
0.0987014 0.062047 9.9982E-05 0.0850581 9.9982E-05 0.430184 0.0499304 0.0701313 0.203748
0.106625 9.9964E-05 9.9964E-05 0.085935 0.318931 0.378056 0.110054 9.9964E-05 9.9964E-05
9.9982E-05 0.029663 0.142456 9.9982E-05 0.0206498 0.619201 0.111481 0.0140602 0.0622893
0.0705166 0.106597 0.112826 0.353402 0.0685296 0.0111526 9.9982E-05 9.9982E-05 0.276776
0.0156246 0.0398623 0.143521 0.112147 0.0746948 0.194618 0.0325711 9.9991E-05 0.38686
0.00819935 0.113783 0.317426 0.156327 9.9973E-05 0.268534 9.9973E-05 9.9973E-05 0.135431
9.9973E-05 0.0591641 0.139371 0.278016 9.9973E-05 0.310914 0.155244 9.9973E-05 0.0569921
0.0928737 9.9982E-05 0.11172 0.0758166 9.9982E-05 0.428058 0.0340004 0.0677381 0.189593
0.0370286 0.000634494 9.9991E-05 0.32196 0.0558423 0.450732 0.12585 0.00364894 0.00420328
9.9964E-05 0.0623304 9.9964E-05 0.146143 9.9964E-05 0.568974 0.119181 9.9964E-05 0.102972
9.9964E-05 0.0441028 0.251962 9.9964E-05 9.9964E-05 0.500069 0.0350972 9.9964E-05 0.168369
0.127468 0.02151 0.261615 0.212025 0.077985 0.13037 0.0994717 9.9991E-05 0.069455
0.00427281 0.0487366 0.140069 9.9982E-05 0.271295 0.351178 0.028171 9.9982E-05 0.156077
9.9973E-05 9.9973E-05 0.213171 0.00350919 0.112816 0.217982 0.0579073 9.9973E-05 0.394315
0.172616 9.9964E-05 0.00949245 9.9964E-05 0.741974 0.0458234 9.9964E-05 9.9964E-05 0.0296949
9.9991E-05 0.0163052 0.11381 0.0228082 0.191305 0.190181 0.0675307 0.0601578 0.337803
0.0353014 9.9973E-05 0.147872 0.272884 9.9973E-05 0.0284827 0.241175 9.9973E-05 0.273985
0.0480581 0.0849907 0.0149587 0.223751 0.40361 0.0105042 9.9982E-05 9.9982E-05 0.213927
0.0338855 0.0316558 0.0609533 0.107297 0.00883055 0.549975 0.0345686 9.9991E-05 0.172734
9.9955E-05 9.9955E-05 9.9955E-05 0.0929665 0.211574 0.538961 9.9955E-05 9.9955E-05 0.155999
9.9964E-05 9.9964E-05 9.9964E-05 0.109872 0.332935 0.108114 0.0478338 9.9964E-05 0.400844
9.9955E-05 0.0415187 9.9955E-05 9.9955E-05 0.790292 9.9955E-05 0.00870362 9.9955E-05 0.158986
0.0361317 9.9973E-05 0.133009 9.9973E-05 0.0632643 0.485894 0.171933 9.9973E-05 0.109468
0.0379936 9.9982E-05 0.436787 0.176139 0.017012 0.112415 0.0094913 9.9982E-05 0.209962
0.0143186 0.108133 9.9973E-05 0.426956 0.0312356 0.303412 0.115646 9.9973E-05 9.9973E-05
0.0210113 0.00995377 0.0504602 0.225956 0.206541 0.485779 9.9973E-05 9.9973E-05 9.9973E-05
0.167378 9.9964E-05 9.9964E-05 0.0922503 0.281676 9.9964E-05 0.102888 9.9964E-05 0.355408
0.00374569 0.0504961 0.215845 9.9982E-05 0.0632159 0.523792 0.128272 9.9982E-05 0.0144335
0.0123538 0.123405 0.229269 0.216418 9.9991E-05 0.324158 0.0210328 0.0130448 0.0602185
0.0277674 0.0931517 9.9973E-05 0.271618 9.9973E-05 0.469387 0.0576741 9.9973E-05 0.0801025
0.0880988 0.012473 0.0564217 9.9982E-05 9.9982E-05 0.496865 0.0937233 0.110126 0.142092
0.00487818 0.0338627 0.0834911 9.9973E-05 0.694633 9.9973E-05 0.0970905 9.9973E-05 0.0857445
9.9991E-05 0.0639981 0.172839 0.0528009 0.393079 0.0284348 0.0463382 0.0283042 0.214105
9.9982E-05 0.0314579 0.103009 0.226112 0.0104586 0.50625 0.0349254 9.9982E-05 0.0875867
0.0910288 9.9973E-05 0.174517 0.212378 9.9973E-05 0.257026 0.0681235 9.9973E-05 0.196627
0.0211141 0.00567448 0.376313 0.0613111 0.000124776 0.475622 0.0394099 9.9991E-05 0.0203309
0.0357836 9.9973E-05 0.323483 9.9973E-05 0.347196 0.0159527 0.0183251 9.9973E-05 0.25896
9.9955E-05 9.9955E-05 9.9955E-05 0.0567219 0.781709 9.9955E-05 9.9955E-05 0.0047677 0.156302
0.0303074 9.9973E-05 9.9973E-05 0.0999028 0.406621 0.186429 0.0527136 9.9973E-05 0.223726
0.0134975 0.0258464 0.188198 9.9982E-05 9.9982E-05 0.675912 0.037175 0.00172415 0.0574472
0.0657801 0.0825687 9.9982E-05 0.106984 0.0366205 0.442063 0.0851135 9.9982E-05 0.18067
0.00275502 0.0831568 9.9973E-05 0.354856 0.000152355 0.48232 0.0764598 9.9973E-05 9.9973E-05
0.0317894 9.9973E-05 0.0393773 0.114937 9.9973E-05 0.660436 0.113836 9.9973E-05 0.0393242
0.0471822 9.9946E-05 9.9946E-05 9.9946E-05 0.803256 9.9946E-05 9.9946E-05 9.9946E-05 0.148962
0.0637186 0.0234224 0.00278713 0.0586777 0.00829658 0.695634 0.0421327 0.10523 9.9991E-05
9.9964E-05 0.132407 0.312351 0.212101 9.9964E-05 0.306756 0.0359847 9.9964E-05 9.9964E-05
0.087983 9.9955E-05 0.280744 9.9955E-05 0.100236 0.530538 9.9955E-05 9.9955E-05 9.9955E-05
0.0456185 9.9964E-05 9.9964E-05 9.9964E-05 0.527514 0.212485 0.0267594 9.9964E-05 0.187223
0.00505122 9.9973E-05 0.305535 0.0696081 9.9973E-05 0.528203 0.0160393 9.9973E-05 0.075264
9.9982E-05 9.9982E-05 0.409154 0.153264 0.0227509 0.299558 0.0210892 0.00500261 0.088981
0.0283994 9.9973E-05 0.290567 9.9973E-05 9.9973E-05 0.626547 0.0481479 0.00095514 0.00508383
0.0513994 0.0438218 9.9991E-05 0.173563 0.0187032 0.410855 0.0779175 0.0515761 0.172064
0.120043 9.9973E-05 9.9973E-05 0.0480935 0.598989 0.202413 0.0282995 0.00186235 9.9973E-05
9.99461E-05 9.99461E-05 0.00696532 9.99461E-05 0.815203 9.99461E-05 9.99461E-05 9.99461E-05 0.177232
0.0285691 0.0580176 0.324866 9.9973E-05 9.9973E-05 0.304632 0.0909755 9.9973E-05 0.19264
0.0273048 0.18815 0.08076 0.0135585 9.9991E-05 0.340117 0.036477 0.0724973 0.241035
0.101586 0.0918586 0.232221 0.0597644 9.9982E-05 0.355083 0.0101113 9.9982E-05 0.149176
0.0740864 0.110643 0.196681 0.0255489 9.9982E-05 0.236151 9.9982E-05 0.0361059 0.320584
0.0557477 9.9973E-05 0.0640313 9.9973E-05 0.281892 0.197435 0.0249246 9.9973E-05 0.37567
9.9991E-05 0.0779525 0.0105394 0.330184 0.000753219 0.274703 0.00804054 0.108963 0.188763
9.9991E-05 0.0265303 0.0954723 0.0439603 0.23004 0.498837 0.0239335 0.0531016 0.0280259
9.9937E-05 9.9937E-05 9.9937E-05 9.9937E-05 9.9937E-05 9.9937E-05 0.968957 9.9937E-05 0.0303433
0.0390528 9.9973E-05 9.9973E-05 0.16915 0.492383 0.123695 0.140397 9.9973E-05 0.0350226
0.0568852 0.0132161 0.196061 0.0463959 0.257142 0.285911 9.9982E-05 9.9982E-05 0.14419
9.99459E-05 9.99459E-05 9.99459E-05 9.99459E-05 0.0388707 9.99459E-05 0.954838 9.99459E-05 0.00569142
9.9973E-05 0.010986 0.0992915 9.9973E-05 0.51545 0.0721733 0.114535 9.9973E-05 0.187264
0.00160756 9.9964E-05 0.0639151 9.9964E-05 0.114642 0.444967 9.9964E-05 9.9964E-05 0.374468
9.9982E-05 0.0290671 9.9982E-05 0.0207422 0.291706 0.298679 0.0598879 0.0728382 0.22688
0.163433 0.05829 0.186492 0.00186639 0.121414 0.202674 9.9982E-05 9.9982E-05 0.265631
0.0754511 9.9964E-05 0.240874 0.458181 0.121414 9.9964E-05 9.9964E-05 9.9964E-05 0.103681
0.00943632 0.000419097 9.9964E-05 0.0116621 0.579805 9.9964E-05 9.9964E-05 9.9964E-05 0.398277
0.0672133 9.9991E-05 0.0546481 0.222596 0.241346 0.292835 0.0976154 0.0123137 0.0113326
0.00552481 0.0720333 9.9982E-05 0.321603 0.125065 0.143053 0.0284252 9.9982E-05 0.304096
0.0558605 0.111014 0.00615265 0.216275 9.9991E-05 0.403693 0.0595558 0.00383783 0.143511
0.0205193 0.179659 9.9964E-05 0.388443 9.9964E-05 0.349562 0.0614169 9.9964E-05 9.9964E-05
9.9982E-05 0.0699572 0.292882 0.10805 9.9982E-05 0.241259 0.0466556 0.0768667 0.164129
0.0577524 0.0959763 0.29156 9.9973E-05 0.0186859 0.522895 9.9973E-05 9.9973E-05 0.0128301
9.9973E-05 9.9973E-05 0.134325 0.122276 0.317079 0.319339 0.0347206 0.0719599 9.9973E-05
0.0224852 0.0270336 0.0799735 9.9973E-05 0.668134 0.0855646 9.9973E-05 9.9973E-05 0.116509
0.0340362 0.0965165 9.9973E-05 9.9973E-05 0.30568 0.124081 9.9973E-05 0.0472586 0.392127
0.130202 0.153006 0.059358 0.190373 9.9991E-05 0.10993 0.0599694 0.0138682 0.283192
0.0848871 0.0165418 0.273358 0.0487915 9.9991E-05 0.33673 0.0924995 0.0198636 0.127229
9.9955E-05 0.0453847 9.9955E-05 9.9955E-05 0.759047 9.9955E-05 0.00876591 9.9955E-05 0.186303
0.0768891 0.0291844 0.357944 0.0766718 9.9982E-05 0.33187 0.0502064 9.9982E-05 0.0770345
0.0953135 0.0793531 0.0634797 0.375394 9.9973E-05 0.198112 9.9973E-05 9.9973E-05 0.188048
0.047392 0.0366963 0.381346 9.9973E-05 0.155007 0.304329 9.9973E-05 9.9973E-05 0.0749302
9.9964E-05 0.195178 0.0948664 0.160108 9.9964E-05 0.329255 9.9964E-05 9.9964E-05 0.220192
0.106167 9.9964E-05 0.511494 0.159597 0.0477835 9.9964E-05 9.9964E-05 9.9964E-05 0.174559
0.0242759 0.062888 0.0774373 9.9973E-05 9.9973E-05 0.353873 0.170279 9.9973E-05 0.310947
0.0464529 0.130173 0.376915 0.0410645 0.0121632 0.258143 0.0544022 9.9991E-05 0.0805863
9.9973E-05 0.0572688 0.102313 0.121575 9.9973E-05 0.573186 0.086336 9.9973E-05 0.0590205
9.9955E-05 9.9955E-05 0.298722 0.14942 9.9955E-05 0.399817 0.151541 9.9955E-05 9.9955E-05
0.108606 0.0993586 0.251199 0.17669 0.0494382 0.0261669 0.000529108 9.9991E-05 0.287911
9.9964E-05 0.0387056 0.310577 0.0713874 0.438419 9.9964E-05 9.9964E-05 9.9964E-05 0.140511
0.0162297 0.0330811 0.189325 0.0851064 0.152675 0.151656 0.0790681 9.9991E-05 0.292759
0.026405 0.154757 0.0538506 0.34556 9.9982E-05 0.0784006 0.0845518 9.9982E-05 0.256275
9.9982E-05 0.120142 0.0823083 0.121078 0.0816081 0.250359 0.105565 9.9982E-05 0.238741
9.9964E-05 9.9964E-05 0.165435 0.0863877 0.0116506 0.338973 9.9964E-05 9.9964E-05 0.397153
9.9946E-05 9.9946E-05 9.9946E-05 0.0595867 0.912155 9.9946E-05 0.0276583 9.9946E-05 9.9946E-05
0.0756232 9.9973E-05 0.350207 9.9973E-05 0.059494 0.280326 0.0379081 9.9973E-05 0.196142
0.00243789 0.03673 9.9982E-05 0.222163 0.161523 0.0145157 0.0186794 9.9982E-05 0.543751
0.0217287 0.0118264 0.0206257 0.303326 9.9991E-05 0.0976859 0.115186 0.0783637 0.351158
9.9964E-05 0.0360177 9.9964E-05 0.222399 0.183046 0.331619 9.9964E-05 9.9964E-05 0.226519
0.0491375 0.011386 0.161334 9.9973E-05 0.520444 0.0663992 9.9973E-05 9.9973E-05 0.190999
0.032848 9.9964E-05 9.9964E-05 0.441217 0.362431 0.0868783 9.9964E-05 9.9964E-05 0.0762256
9.9964E-05 9.9964E-05 9.9964E-05 9.9964E-05 0.486247 0.312002 0.00632023 0.0560038 0.139028
0.034733 9.9955E-05 0.261333 9.9955E-05 9.9955E-05 0.522875 9.9955E-05 9.9955E-05 0.180559
9.9955E-05 0.0603227 0.128796 9.9955E-05 0.625766 9.9955E-05 9.9955E-05 9.9955E-05 0.184615
9.9964E-05 0.141096 9.9964E-05 0.0967254 0.356728 0.225766 9.9964E-05 9.9964E-05 0.179285
0.11805 0.0353354 0.404128 0.17912 9.9973E-05 0.261337 9.9973E-05 9.9973E-05 0.00172895
9.99551E-05 0.0624105 0.012021 9.99551E-05 0.920702 9.99551E-05 9.99551E-05 9.99551E-05 0.00436678
0.0665523 9.9964E-05 0.10154 9.9964E-05 0.287821 0.0276087 9.9964E-05 9.9964E-05 0.516078
0.029769 9.9982E-05 0.0315066 0.146343 9.9982E-05 0.205099 0.0835539 0.0360469 0.467482
0.0123279 9.9964E-05 9.9964E-05 0.124348 0.31581 0.174062 9.9964E-05 9.9964E-05 0.373052
0.0449871 9.9982E-05 0.0709656 0.0914406 0.129583 0.556433 0.0274814 9.9982E-05 0.0789087
9.9955E-05 9.9955E-05 0.28483 9.9955E-05 9.9955E-05 0.481304 9.9955E-05 0.0165689 0.216798
0.0536381 0.116713 0.275626 9.9973E-05 0.266239 0.173258 9.9973E-05 9.9973E-05 0.114225
9.9964E-05 0.0354015 9.9964E-05 0.276714 9.9964E-05 0.501243 9.9964E-05 0.00410523 0.182136
0.0198936 9.9964E-05 0.295232 9.9964E-05 9.9964E-05 0.531609 0.0595032 9.9964E-05 0.093362
0.0363018 0.0603092 0.219488 0.21362 0.0762343 0.308486 9.9991E-05 0.0473071 0.0381543
9.9982E-05 0.0257194 0.309781 0.0388074 0.160012 0.0115285 0.0288559 9.9982E-05 0.425095
9.9964E-05 0.0679081 0.0293329 0.218019 0.210825 0.473515 9.9964E-05 9.9964E-05 9.9964E-05
0.0694818 0.0750784 0.152197 0.12482 9.9982E-05 0.429115 0.0444637 0.104644 9.9982E-05
9.9991E-05 0.00602055 0.0185517 0.120745 0.130656 0.469341 0.0263615 0.0507863 0.177438
0.0818211 0.0242274 0.164351 0.187142 9.9991E-05 0.136609 0.181652 0.0395501 0.184547
0.0207289 0.0715804 0.318499 0.147235 9.9982E-05 0.257167 9.9982E-05 0.00474097 0.179848
0.0255083 0.120423 9.9982E-05 0.298163 0.251471 0.0283089 0.0549034 9.9982E-05 0.221022
9.9973E-05 9.9973E-05 0.224168 0.0288316 0.00886243 0.583151 0.086265 9.9973E-05 0.0684219
9.9973E-05 0.0506178 0.265183 0.370226 0.00758408 0.193995 9.9973E-05 9.9973E-05 0.112095
9.9973E-05 0.156339 0.160137 9.9973E-05 9.9973E-05 0.24123 0.107488 0.0774301 0.257075
0.0370287 0.0447756 9.9982E-05 0.195689 9.9982E-05 0.229067 0.0723234 0.220148 0.200769
0.0643417 0.0629248 0.217592 9.9973E-05 0.188409 9.9973E-05 0.17065 9.9973E-05 0.295782
9.9955E-05 0.0300534 0.432736 0.0573386 9.9955E-05 0.479372 9.9955E-05 9.9955E-05 9.9955E-05
0.0183741 0.0267833 0.0614026 0.164089 0.0987019 0.194776 0.0543031 9.9991E-05 0.38147
0.135828 0.0184954 0.198683 0.186494 9.9982E-05 0.346054 0.054807 9.9982E-05 0.0594385
9.9973E-05 0.00340258 0.0578752 0.130281 9.9973E-05 0.659923 0.0981219 0.0500965 9.9973E-05
0.0438195 0.0138862 0.0774475 0.288394 9.9982E-05 0.388213 9.9982E-05 0.0844457 0.103593
9.9973E-05 0.0635618 9.9973E-05 0.0720248 0.323441 0.275957 0.0370059 9.9973E-05 0.22771
9.9973E-05 0.0359284 0.0291907 0.231549 0.328361 0.218951 9.9973E-05 9.9973E-05 0.15572
0.0705571 0.000382096 0.138811 9.9973E-05 9.9973E-05 0.693919 0.0938378 0.00219306 9.9973E-05
9.9973E-05 0.0822782 0.411883 0.112877 0.00663188 0.320581 0.0654482 9.9973E-05 9.9973E-05
0.07786 9.9964E-05 9.9964E-05 9.9964E-05 9.9964E-05 0.58796 0.0450336 0.0945103 0.194236
0.00776029 0.0503737 0.0441924 0.158475 9.9991E-05 0.315613 0.0417036 0.0102579 0.371525
0.0130191 9.9982E-05 0.173151 0.0670526 0.212962 0.0243228 0.165195 9.9982E-05 0.344099
0.0237952 0.0760744 9.9982E-05 0.0651892 0.167043 0.359287 0.0786585 9.9982E-05 0.229752
9.9973E-05 9.9973E-05 0.243482 0.297516 9.9973E-05 0.195255 0.0515862 0.0584616 0.1534
0.122082 0.0345827 0.0920192 0.190552 0.459736 9.9982E-05 0.0575044 9.9982E-05 0.0433244
0.101014 9.9964E-05 0.26026 9.9964E-05 0.113231 0.425776 9.9964E-05 9.9964E-05 0.0993185
0.0015929 9.9982E-05 0.167272 0.369916 0.00851931 9.9982E-05 0.0889348 0.00710537 0.356459
0.00921834 9.9955E-05 0.196138 9.9955E-05 0.631628 9.9955E-05 9.9955E-05 9.9955E-05 0.162516
0.0937456 9.9973E-05 0.169638 0.214058 9.9973E-05 0.100582 9.9973E-05 0.0202787 0.401397
0.0744086 0.0990707 0.103833 0.311673 9.9982E-05 0.246631 0.0504553 9.9982E-05 0.113728
0.0748167 9.9973E-05 0.144421 0.0893154 0.0291667 0.555576 0.106404 9.9973E-05 9.9973E-05
0.0917308 0.113414 0.0108504 0.127459 9.9982E-05 0.622781 0.0235449 0.0100202 9.9982E-05
9.9973E-05 0.0711624 9.9973E-05 0.272588 9.9973E-05 0.199166 0.00541166 0.111097 0.340274
0.0138711 9.9973E-05 0.282946 0.0732004 9.9973E-05 0.418399 0.075885 9.9973E-05 0.135398
0.0983832 0.126385 0.00411761 0.0149387 9.9973E-05 0.721736 9.9973E-05 9.9973E-05 0.0341389
9.9964E-05 0.0707434 9.9964E-05 0.0901888 9.9964E-05 0.682529 0.0724481 9.9964E-05 0.0836913
0.161843 0.0442022 0.199812 9.9982E-05 0.0958351 0.229307 0.0686277 9.9982E-05 0.200173
9.9973E-05 0.0166983 0.311771 0.111844 9.9973E-05 0.435977 0.0517901 9.9973E-05 0.0716198
9.9973E-05 0.200764 0.111414 0.119152 9.9973E-05 0.362295 0.0855195 9.9973E-05 0.120556
9.9955E-05 0.0228498 0.130136 0.202617 9.9955E-05 9.9955E-05 9.9955E-05 9.9955E-05 0.643898
9.9973E-05 0.078149 0.0224184 0.234364 9.9973E-05 0.466232 0.0370837 9.9973E-05 0.161453
9.9964E-05 9.9964E-05 0.127994 0.316187 9.9964E-05 0.409131 0.0660129 9.9964E-05 0.0802759
0.0648878 9.9973E-05 0.0350068 0.28268 0.317344 0.263604 0.0361771 9.9973E-05 9.9973E-05
0.0382874 9.9973E-05 0.0018465 0.14713 0.274946 0.379865 9.9973E-05 9.9973E-05 0.157625
9.9955E-05 0.043728 0.0417807 9.9955E-05 9.9955E-05 0.706406 9.9955E-05 9.9955E-05 0.207585
0.0769234 0.0159754 0.0133569 0.0681544 0.510806 0.283736 0.0308475 9.9982E-05 9.9982E-05
0.0267456 0.105917 0.0202243 0.0912201 9.9982E-05 0.341827 0.0714206 9.9982E-05 0.342445
0.00155133 9.9973E-05 0.0438862 0.220347 0.268861 0.229817 9.9973E-05 9.9973E-05 0.235238
0.00593888 0.0138598 0.239472 9.9982E-05 0.0284008 0.63768 0.0285405 0.0459075 9.9982E-05
9.9964E-05 9.9964E-05 0.109025 0.044261 0.0348247 9.9964E-05 0.131044 9.9964E-05 0.680446
9.9991E-05 0.00105144 0.0226288 0.207802 0.215583 0.11435 0.0467294 0.0882187 0.303537
0.07418 0.0965552 9.9982E-05 0.0697969 0.413704 0.0950749 0.073967 9.9982E-05 0.176522
0.106726 0.0113826 0.352155 0.100003 0.0112208 0.418212 9.9973E-05 9.9973E-05 9.9973E-05
0.0586831 0.0158956 9.9973E-05 0.323535 9.9973E-05 0.375015 0.0184608 9.9973E-05 0.20811
0.0189997 9.9973E-05 0.0933336 0.34023 0.333321 0.15662 9.9973E-05 9.9973E-05 0.0571955
0.0120051 0.133144 0.0446645 0.376539 0.026707 0.361001 0.0304388 9.9991E-05 0.0154011
9.9991E-05 0.0316945 0.200439 0.0690704 0.027362 0.593369 0.0369248 0.0277196 0.0133208
0.0980306 9.9946E-05 0.158408 9.9946E-05 0.742962 9.9946E-05 9.9946E-05 9.9946E-05 9.9946E-05
0.025391 0.0823764 0.243008 9.9982E-05 0.00704375 0.447871 0.0738395 9.9982E-05 0.12027
9.9964E-05 9.9964E-05 0.108615 0.0527098 9.9964E-05 0.574983 9.9964E-05 0.0284719 0.234821
0.0578844 0.0553682 0.288686 0.0570241 0.00146851 0.518399 0.0209702 9.9982E-05 9.9982E-05
0.0410905 0.105858 0.205832 9.9982E-05 0.0241183 0.472104 0.0223126 9.9982E-05 0.128485
0.0305284 0.00980021 0.0542165 0.183049 0.003408 0.437964 0.0750891 9.9991E-05 0.205844
0.0369953 9.9973E-05 0.32583 0.0856061 9.9973E-05 0.40238 0.0453158 9.9973E-05 0.103573
0.107032 0.100685 0.0467251 0.0914248 0.050555 0.572146 9.9982E-05 9.9982E-05 0.0312332
0.0441721 0.0328386 9.9973E-05 0.305322 0.0752443 0.414305 9.9973E-05 9.9973E-05 0.127818
9.9991E-05 0.0247269 0.12007 0.0561593 0.445637 0.0534334 0.0815869 0.0183022 0.199985
0.00977164 9.9955E-05 0.343999 0.198249 9.9955E-05 0.447481 9.9955E-05 9.9955E-05 9.9955E-05
0.0407415 9.9964E-05 0.0389672 0.41359 9.9964E-05 0.474561 0.0317406 9.9964E-05 9.9964E-05
0.0475446 0.0125921 0.217159 0.0212795 0.0604032 0.203566 0.0777514 0.0139094 0.345795
9.9973E-05 9.9973E-05 0.11008 0.0502679 0.325441 0.247005 0.114733 9.9973E-05 0.152173
9.9973E-05 0.0988156 0.142587 0.190192 9.9973E-05 0.466508 0.09722 9.9973E-05 0.00437759
9.9973E-05 0.0848904 0.0498876 0.0277451 0.169508 0.417306 9.9973E-05 9.9973E-05 0.250362
0.105176 0.0795829 0.0248685 0.122405 9.9973E-05 0.599136 9.9973E-05 9.9973E-05 0.0685318
0.017788 0.0825548 9.9973E-05 0.166558 0.251157 0.221572 9.9973E-05 9.9973E-05 0.26007
9.9991E-05 0.00561665 0.284945 0.13107 0.100889 0.23077 0.0886552 0.0163574 0.141596
0.0178068 9.9973E-05 0.114241 9.9973E-05 0.35322 0.0546538 0.170288 9.9973E-05 0.289491
0.0261203 0.0103252 9.9964E-05 0.305108 0.23391 0.424137 9.9964E-05 9.9964E-05 9.9964E-05
9.9973E-05 9.9973E-05 0.415032 0.181574 9.9973E-05 0.173633 0.0844684 0.000956696 0.144037
0.0217367 0.0770311 9.9982E-05 0.0654246 0.180947 0.387474 0.0697224 9.9982E-05 0.197464
0.0271981 0.0170522 0.346422 0.135537 9.9982E-05 0.3067 0.035815 9.9982E-05 0.131076
0.021636 0.00248888 0.147481 0.257914 0.00361213 0.312179 0.0787158 9.9991E-05 0.175873
9.9973E-05 0.0173588 0.345486 0.020375 9.9973E-05 0.241329 0.0924175 9.9973E-05 0.282734
9.9964E-05 9.9964E-05 0.30315 9.9964E-05 0.215251 0.203783 0.0517127 9.9964E-05 0.225703
9.99549E-05 9.99549E-05 0.38707 0.136304 9.99549E-05 0.187632 9.99549E-05 9.99549E-05 0.288493
0.0808995 0.0943011 0.30308 0.197107 9.9973E-05 0.280086 0.0442267 9.9973E-05 9.9973E-05
0.0455537 0.041156 9.9964E-05 0.242522 9.9964E-05 0.608888 9.9964E-05 9.9964E-05 0.0614814
9.9982E-05 9.9982E-05 0.00740723 0.053272 0.55741 0.241777 0.0678595 0.0584352 0.0136392
0.0101206 0.0387635 0.0872591 9.9973E-05 0.834018 0.0278536 9.9973E-05 0.0016855 9.9973E-05
9.9982E-05 0.0694629 0.226295 0.109532 0.0971111 0.407199 0.0155243 9.9982E-05 0.0746765
0.0806471 0.0384768 0.0335221 0.0645824 0.0105771 0.359163 0.167037 0.0505306 0.195464
0.075747 0.0605777 0.154053 0.110916 0.0141362 0.195694 0.0191867 0.0538137 0.315876
0.0560458 0.00522301 0.162032 0.0667098 0.0955482 0.216701 9.9982E-05 9.9982E-05 0.39754
0.00208647 0.0146686 0.299984 0.0753507 0.212675 0.298044 0.0293425 0.00110068 0.0667478
0.0160435 0.191202 9.9973E-05 0.230662 0.0857776 0.445626 9.9973E-05 9.9973E-05 0.0303889
0.00608051 0.0771468 0.257767 0.0638927 9.9991E-05 0.26835 0.0683004 0.0760508 0.182312
0.0284518 9.9973E-05 0.186003 9.9973E-05 9.9973E-05 0.41417 0.0506456 0.0687077 0.251721
0.160146 0.0284622 0.182506 0.098582 0.0108957 0.439564 9.9982E-05 9.9982E-05 0.0796441
0.010017 0.0312408 0.217738 0.363475 9.9964E-05 0.377129 9.9964E-05 9.9964E-05 9.9964E-05
9.9964E-05 0.00401068 0.104891 0.366417 9.9964E-05 0.49166 9.9964E-05 9.9964E-05 0.0326206
0.0456299 0.00496768 9.9973E-05 0.236441 9.9973E-05 0.525441 0.0124739 9.9973E-05 0.174747
9.9982E-05 0.0221359 0.0302402 0.440836 9.9982E-05 0.00518423 0.0813207 0.0177001 0.402383
9.9955E-05 9.9955E-05 0.429537 0.186317 9.9955E-05 0.359607 9.9955E-05 0.024038 9.9955E-05
9.9964E-05 0.0982638 9.9964E-05 0.118323 0.0549635 0.535651 0.192399 9.9964E-05 9.9964E-05
0.0549531 0.161467 0.151353 0.0779438 9.9991E-05 0.357534 0.0242409 0.0178948 0.154513
0.0211105 0.0946154 0.405741 9.9964E-05 9.9964E-05 0.263602 9.9964E-05 9.9964E-05 0.214531
0.0736416 0.0284837 0.035476 0.0805806 0.127489 0.531185 0.122945 9.9982E-05 9.9982E-05
0.0124115 0.0989261 9.9973E-05 0.158796 0.524359 0.119196 9.9973E-05 0.0860128 9.9973E-05
0.106389 0.0440325 9.9982E-05 0.197999 0.342514 0.102719 0.0167719 9.9982E-05 0.189376
0.0430462 9.9955E-05 9.9955E-05 9.9955E-05 0.741168 0.192948 9.9955E-05 0.022338 9.9955E-05
0.03625 0.168331 0.0743108 0.0819989 9.9982E-05 0.484887 0.0273508 9.9982E-05 0.126671
0.046607 9.9946E-05 9.9946E-05 0.320891 0.631902 9.9946E-05 9.9946E-05 9.9946E-05 9.9946E-05
0.00179981 9.9991E-05 0.00648908 0.0824855 0.588889 0.0553663 0.0104281 0.0186823 0.23576
0.0317066 0.118829 0.0965886 0.129172 9.9982E-05 0.339113 0.121066 9.9982E-05 0.163325
0.0100919 0.0350824 0.163755 0.0250878 9.9991E-05 0.512317 0.095191 0.100341 0.0580344
0.0071691 0.0916824 0.181759 0.202115 9.9973E-05 0.430857 0.0861185 9.9973E-05 9.9973E-05
9.9973E-05 9.9973E-05 9.9973E-05 0.0205756 0.640228 0.0453675 0.029278 0.0404712 0.22378
9.9964E-05 9.9964E-05 0.15776 0.333546 9.9964E-05 0.456624 0.00276117 9.9964E-05 0.048909
0.0223295 0.0223018 9.9973E-05 0.151245 0.301474 9.9973E-05 0.126131 9.9973E-05 0.376219
9.9964E-05 0.158524 0.0649104 9.9964E-05 0.0583563 0.550662 0.167148 9.9964E-05 9.9964E-05
0.0991918 0.06631 0.0354808 9.9973E-05 0.714362 0.042649 0.0417068 9.9973E-05 9.9973E-05
0.0102407 0.0461548 0.198194 0.390602 0.133962 0.123231 9.9982E-05 9.9982E-05 0.0974153
0.0067557 0.0244299 0.164034 0.0975035 9.9973E-05 0.514937 9.9973E-05 9.9973E-05 0.19204
0.0107767 0.0204321 9.9964E-05 0.242967 9.9964E-05 0.690658 9.9964E-05 9.9964E-05 0.0347668
0.0335988 0.050694 0.155378 0.161516 9.9991E-05 0.328651 0.032428 0.0290853 0.208549
9.9964E-05 0.0397899 0.0123127 9.9964E-05 0.674586 0.237113 0.0357991 9.9964E-05 9.9964E-05
0.00342028 0.00855322 0.225834 9.9973E-05 0.139823 0.371797 9.9973E-05 9.9973E-05 0.250273
0.063973 9.9982E-05 0.0939531 0.204632 0.249917 0.00757951 9.9982E-05 0.105483 0.274262
0.0348793 0.148856 9.9982E-05 0.0614756 9.9982E-05 0.388604 0.17785 0.0166202 0.171515
0.0336474 9.9982E-05 0.0253219 0.0949052 0.67585 0.0965594 9.9982E-05 0.0164765 0.0570392
0.00653321 0.0100008 0.281437 0.117624 0.0324037 0.118417 0.0776886 0.216236 0.13966
0.0296079 9.9964E-05 0.290448 9.9964E-05 0.254438 0.00669392 9.9964E-05 9.9964E-05 0.418412
0.0371085 0.00193015 0.0680154 0.243975 0.00954921 0.429021 0.0958965 0.0593479 0.0551565
0.0363738 9.9973E-05 0.333616 9.9973E-05 0.0488674 0.0377227 9.9973E-05 0.0218516 0.521268
0.0619189 9.9973E-05 0.0115849 9.9973E-05 0.493894 0.185629 0.0984586 9.9973E-05 0.148215
0.0136743 0.072754 9.9982E-05 0.208253 9.9982E-05 0.468822 0.154201 0.0739694 0.00812669
9.9964E-05 0.214468 9.9964E-05 0.107051 9.9964E-05 0.514821 0.0294019 9.9964E-05 0.133858
0.0232358 9.9973E-05 0.364839 0.279946 9.9973E-05 0.267139 0.0517371 9.9973E-05 0.0128026
0.0283886 9.9973E-05 0.247844 9.9973E-05 0.0274247 0.587995 0.0281511 0.0798963 9.9973E-05
0.00363413 0.000296122 0.177098 0.0342122 0.33656 0.116162 0.00953755 9.9991E-05 0.322401
0.0704743 0.0284058 0.20704 0.067053 9.9982E-05 0.422969 0.022488 9.9982E-05 0.18137
0.0693633 0.164954 0.0173014 0.0422475 9.9982E-05 0.606739 0.00987407 9.9982E-05 0.0893201
0.00429578 0.0386732 0.107118 0.226876 0.0547282 0.521077 0.047032 9.9982E-05 9.9982E-05
9.9964E-05 0.110213 9.9964E-05 0.0730598 0.316107 0.110544 9.9964E-05 9.9964E-05 0.389676
0.00615267 0.0863093 0.150422 0.118902 0.185547 0.197194 0.0155256 9.9991E-05 0.239848
0.13564 0.0242005 0.125836 9.9982E-05 9.9982E-05 0.542811 0.0218816 0.0890227 0.0604089
0.010059 0.155761 0.105272 0.181728 0.0741105 9.9982E-05 0.168388 9.9982E-05 0.304482
0.0390207 0.0865554 0.0598676 9.9982E-05 0.146709 0.278017 0.125671 9.9982E-05 0.263959
0.0391626 0.0972663 0.117797 0.1159 9.9991E-05 0.319851 0.0049163 0.0497745 0.255234
0.0155037 0.0459202 0.310222 0.169172 0.287012 0.0040534 9.9982E-05 9.9982E-05 0.167916
9.9982E-05 0.0104715 0.3707 0.218084 0.0755192 0.0328875 0.0818968 9.9982E-05 0.210241
0.0190972 0.0774919 0.024458 9.9991E-05 0.301144 0.286093 0.0390441 0.020233 0.232338
0.111941 0.0341821 9.9973E-05 0.256998 9.9973E-05 0.546387 9.9973E-05 0.0116338 0.0385576
0.00162419 0.119707 0.151522 0.265884 9.9964E-05 0.460863 9.9964E-05 9.9964E-05 9.9964E-05
9.9964E-05 0.0711357 0.392263 0.0512687 9.9964E-05 0.365824 9.9964E-05 9.9964E-05 0.119109
0.0244259 0.00867279 0.0964681 9.9982E-05 9.9982E-05 0.644915 0.0803735 0.0212653 0.123679
0.0349521 0.0443761 0.0896075 0.399668 9.9982E-05 0.252041 0.162827 0.0163274 9.9982E-05
0.0288435 0.120716 9.9973E-05 0.276268 9.9973E-05 0.474983 0.0563612 9.9973E-05 0.0425285
0.116485 0.0413139 0.151713 0.0651301 0.189519 0.18514 9.9982E-05 9.9982E-05 0.250499
0.0232877 9.9973E-05 0.066843 9.9973E-05 9.9973E-05 0.253094 0.00442246 0.0168875 0.635166
9.9973E-05 0.0791354 0.0563243 0.188813 9.9973E-05 0.580799 0.0782351 9.9973E-05 0.0163931
0.0277576 0.0367987 9.9973E-05 9.9973E-05 0.0130422 0.65053 9.9973E-05 0.0363521 0.235219
0.0643919 0.0703976 0.245175 0.0682825 0.0492042 0.350284 0.0292388 9.9991E-05 0.122926
0.112631 9.9991E-05 0.0941921 0.0471734 0.174551 0.0866072 0.0439939 0.0545257 0.386226
0.00170706 0.0992455 0.293498 0.172243 9.9991E-05 0.150236 0.124293 0.0635212 0.095157
9.9982E-05 0.0492177 0.00178814 0.294866 0.0068667 0.502215 9.9982E-05 0.0413784 0.103468
9.9946E-05 9.9946E-05 9.9946E-05 0.168962 0.628645 9.9946E-05 9.9946E-05 9.9946E-05 0.201793
9.9955E-05 9.9955E-05 9.9955E-05 0.151275 0.606258 0.221833 9.9955E-05 0.0201338 9.9955E-05
0.0466895 0.120323 0.153612 0.00343405 9.9973E-05 0.500918 0.174723 9.9973E-05 9.9973E-05
9.9982E-05 0.0173455 0.0264819 0.109716 0.00922032 0.440899 0.0378829 0.358254 9.9982E-05
9.9964E-05 0.0512312 9.9964E-05 9.9964E-05 9.9964E-05 0.0230777 0.193545 0.496579 0.235168
0.0469927 0.0815143 0.143343 0.0647196 0.0112547 0.201314 0.0484503 0.365595 0.0368163
9.9973E-05 0.0810372 0.128716 0.276337 9.9973E-05 0.393308 0.0479074 0.0723943 9.9973E-05
0.0457453 0.000653051 0.0832525 0.245707 9.9982E-05 0.0343357 0.112511 0.477596 9.9982E-05
0.0404667 0.0578551 0.0173749 0.200415 0.00842867 0.159433 0.0265126 0.46162 0.0278942
9.9991E-05 0.00527893 0.323664 0.0482798 0.0264588 0.16105 0.0307198 0.397374 0.00707453
0.030103 0.180458 9.9982E-05 0.208259 0.0110256 0.0778176 0.135742 0.356395 9.9982E-05
0.0473739 0.0945559 0.171421 9.9991E-05 0.0039552 0.146939 0.00727831 0.489429 0.0389473
0.00643355 0.0179038 0.157243 0.226072 9.9982E-05 0.259665 0.0188409 0.313642 9.9982E-05
0.0472566 0.0442695 9.9982E-05 0.012472 9.9982E-05 0.294354 0.0767944 0.311972 0.212681
0.0229672 0.011406 0.193752 0.0478199 9.9991E-05 0.107563 0.043559 0.474157 0.0986761
0.0967912 0.0106424 0.168151 0.0409152 9.9982E-05 0.395595 0.0881404 0.199565 9.9982E-05
0.0458986 0.202382 0.110022 0.210595 9.9982E-05 0.0951313 0.157836 0.177935 9.9982E-05
0.0236975 0.0980949 0.10283 9.9973E-05 9.9973E-05 0.278979 0.102229 0.393869 9.9973E-05
0.130114 0.0334212 0.138927 9.9973E-05 9.9973E-05 9.9973E-05 0.0407057 0.489537 0.166995
0.0380596 9.9964E-05 0.0121861 0.185917 9.9964E-05 0.358262 9.9964E-05 0.405175 9.9964E-05
0.0254236 0.112692 0.241127 0.233294 9.9991E-05 0.0343012 0.0151611 0.293663 0.0442382
9.9964E-05 0.00821551 0.146813 9.9964E-05 0.7648 9.9964E-05 0.0745204 0.00525056 9.9964E-05
0.0398113 0.0752318 0.0728311 0.243158 9.9982E-05 0.24161 9.9982E-05 0.285162 0.0419965
0.0706087 0.124025 0.0616534 0.216649 9.9991E-05 0.154781 0.0691528 0.288176 0.0148538
9.9991E-05 0.0176831 0.179741 0.00590543 0.107596 0.54853 0.0563101 0.076977 0.00715685
9.9955E-05 0.079379 9.9955E-05 0.280092 9.9955E-05 0.0289588 9.9955E-05 0.61107 9.9955E-05
0.00230658 0.0857404 9.9964E-05 0.294135 9.9964E-05 9.9964E-05 0.158671 0.458748 9.9964E-05
9.9982E-05 0.0596993 0.321681 0.116922 9.9982E-05 0.148055 0.0463999 0.0631519 0.243891
0.0693671 0.0319854 0.155099 0.113207 0.0054481 0.173043 9.9982E-05 0.45165 9.9982E-05
0.0609468 0.0771466 0.116167 9.9982E-05 9.9982E-05 0.293973 0.0629648 0.384243 0.00435886
0.0422942 0.226774 9.9973E-05 9.9973E-05 9.9973E-05 0.305014 0.140642 0.250742 0.0342334
0.0107329 0.0643202 0.0328383 0.171411 0.0557844 0.147531 0.00126206 0.504808 0.0113119
0.0643942 0.114047 0.19695 9.9991E-05 0.0213014 0.0400276 0.104849 0.431614 0.0267175
0.00236781 0.232167 0.0873959 0.183876 9.9973E-05 9.9973E-05 0.0654203 0.428474 9.9973E-05
0.0649514 9.9955E-05 9.9955E-05 9.9955E-05 9.9955E-05 0.0634995 9.9955E-05 0.698587 0.172462
0.114373 0.114887 9.9982E-05 0.0760498 9.9982E-05 0.163319 0.134244 0.369553 0.0273755
0.0217936 0.165428 0.476096 0.0887546 9.9973E-05 0.00548794 9.9973E-05 0.24214 9.9973E-05
0.0410248 9.9964E-05 0.298519 9.9964E-05 0.107678 9.9964E-05 9.9964E-05 0.502482 0.0498967
0.0140886 0.112071 0.373483 0.0146475 9.9973E-05 9.9973E-05 9.9973E-05 0.42289 0.0625193
9.9973E-05 0.11457 0.0661615 0.152805 0.067144 9.9973E-05 0.173766 0.425253 9.9973E-05
0.0759041 0.228716 0.275805 9.9955E-05 9.9955E-05 0.419076 9.9955E-05 9.9955E-05 9.9955E-05
0.164568 9.9973E-05 0.0572915 0.0477582 9.9973E-05 0.0550349 0.170496 0.504552 9.9973E-05
0.0590273 0.0510461 0.211671 0.0386625 9.9982E-05 0.259019 0.0965757 0.283799 9.9982E-05
9.99691E-05 9.99691E-05 9.99691E-05 0.0469476 9.99691E-05 0.239971 0.132867 0.414889 0.164925
0.0211158 0.133951 0.146107 0.0764302 9.9991E-05 0.187473 0.0467681 0.288991 0.099064
0.027887 9.9946E-05 9.9946E-05 9.9946E-05 9.9946E-05 9.9946E-05 9.9946E-05 0.871336 0.100177
9.9964E-05 0.137941 9.9964E-05 0.36148 9.9964E-05 0.261299 9.9964E-05 0.0301934 0.208687
0.0306659 0.0707848 9.9964E-05 0.174016 9.9964E-05 0.235516 9.9964E-05 0.488618 9.9964E-05
0.0147899 0.0516021 0.138788 9.9982E-05 0.1936 0.250422 9.9982E-05 0.010401 0.340198
0.0903959 0.167732 0.156154 0.144222 9.9991E-05 0.218348 0.107159 0.00428536 0.111604
0.05729 0.0183912 0.0812258 0.171078 9.9991E-05 0.325875 0.000727885 0.155653 0.189659
0.0855545 0.085899 0.233386 0.00456532 0.0200961 0.120804 0.0380741 0.411521 9.9991E-05
0.0935774 0.155124 0.0310295 0.264275 9.9982E-05 0.11325 0.0396201 0.302924 9.9982E-05
0.0652359 0.136936 0.178747 0.121505 9.9982E-05 0.00960648 0.0544657 0.433303 9.9982E-05
9.9964E-05 9.9964E-05 0.0986124 0.198404 9.9964E-05 0.150404 0.124202 0.427978 9.9964E-05
9.9973E-05 0.150132 0.312423 9.9973E-05 0.0234049 0.201048 0.0535503 0.259141 9.9973E-05
0.11469 0.0799344 0.0222288 0.101787 0.0215142 0.231289 0.0231258 0.405331 9.9991E-05
9.9982E-05 0.0152624 0.248896 0.0563349 9.9982E-05 0.166906 0.0806258 0.341793 0.0899822
9.9973E-05 0.0050894 0.113305 0.128932 9.9973E-05 9.9973E-05 0.0133419 0.600959 0.138073
0.0803088 9.9955E-05 0.16614 9.9955E-05 9.9955E-05 0.252955 9.9955E-05 0.500097 9.9955E-05
9.993E-05 0.999201 9.993E-05 9.993E-05 9.993E-05 9.993E-05 9.993E-05 9.993E-05 9.993E-05
0.0553694 0.0673328 0.0777315 9.9964E-05 9.9964E-05 0.183004 9.9964E-05 0.616162 9.9964E-05
9.9982E-05 0.0562203 0.309479 0.0471744 0.0064947 0.0998456 0.00698998 0.473596 9.9982E-05
9.9973E-05 0.150208 0.13768 0.235926 0.0019924 9.9973E-05 0.104642 0.369253 9.9973E-05
0.0320439 0.0121967 0.126346 0.133236 9.9982E-05 9.9982E-05 0.121828 0.502692 0.0714575
9.9982E-05 0.0447864 0.142292 0.257791 9.9982E-05 0.363569 0.0836729 0.0563417 0.0513463
9.9964E-05 0.0968766 0.293797 9.9964E-05 9.9964E-05 0.108796 0.116976 0.383154 9.9964E-05
0.0485593 9.9982E-05 0.13742 0.0309639 0.139538 0.364823 0.0843168 9.9982E-05 0.194179
0.0802155 0.092661 9.9973E-05 0.228737 9.9973E-05 0.229147 0.0666256 0.302314 9.9973E-05
0.0205774 0.0546689 0.435507 9.9982E-05 9.9982E-05 0.00318764 0.0915464 0.383981 0.0103318
0.052134 0.0906556 0.208705 0.148422 0.00927305 0.219893 9.9991E-05 0.0543789 0.216438
0.0740848 0.0924133 0.0332461 0.122579 0.0217617 0.186862 0.0903338 0.37862 9.9991E-05
9.9964E-05 0.00838002 0.450423 0.132299 9.9964E-05 9.9964E-05 9.9964E-05 0.351198 0.0573003
9.993E-05 0.999201 9.993E-05 9.993E-05 9.993E-05 9.993E-05 9.993E-05 9.993E-05 9.993E-05
0.0197707 0.143474 0.260396 9.9973E-05 9.9973E-05 0.113736 0.114602 0.347722 9.9973E-05
0.0182386 9.9982E-05 0.245321 0.350969 0.0163214 0.0472138 0.0538614 0.267875 9.9982E-05
0.0785716 0.0406857 0.24664 9.9982E-05 9.9982E-05 0.168874 0.0587311 0.344847 0.0614497
9.9964E-05 0.0322777 9.9964E-05 0.419535 0.00520032 9.9964E-05 9.9964E-05 0.472957 0.0696308
9.9982E-05 0.102462 0.174154 0.283059 0.0146491 0.0979773 0.0618883 0.26561 9.9982E-05
0.021557 9.9982E-05 0.087996 0.141748 9.9982E-05 0.26239 0.100617 0.199237 0.186255
9.9973E-05 0.164559 0.209207 0.207592 9.9973E-05 9.9973E-05 0.0163501 0.28874 0.113251
0.00986196 0.127918 9.9982E-05 0.203211 9.9982E-05 0.196083 0.0638796 0.296167 0.102678
0.0370209 9.9964E-05 9.9964E-05 9.9964E-05 0.70597 9.9964E-05 0.0252313 0.0844138 0.146965
0.0481418 0.120941 0.170441 0.0257021 9.9973E-05 0.300923 9.9973E-05 0.333551 9.9973E-05
0.0096939 0.0180361 0.192635 0.0886199 0.117259 0.469669 9.9991E-05 0.0481185 0.0558679
