0.0150539 0.124645 0.055886 0.0341198 0.621951 0.019594 0.0204905 0.10816 9.9991E-05
0.0333457 0.247061 0.0181273 9.9982E-05 0.520074 9.9982E-05 0.0349548 0.0333916 0.112845
0.0235052 0.241084 0.370611 9.9964E-05 0.227744 9.9964E-05 0.136656 9.9964E-05 9.9964E-05
0.121025 0.166953 9.9973E-05 0.00587967 0.625207 9.9973E-05 0.0359009 9.9973E-05 0.0447342
0.0191521 0.347593 0.219856 9.9982E-05 0.353698 0.0238081 0.00113042 9.9982E-05 0.0345623
0.709602 0.20876 9.9946E-05 9.9946E-05 9.9946E-05 9.9946E-05 9.9946E-05 0.0810378 9.9946E-05
9.9964E-05 0.191399 0.0758908 0.120599 0.515533 0.0961789 9.9964E-05 9.9964E-05 9.9964E-05
0.868355 9.9964E-05 9.9964E-05 9.9964E-05 0.0473519 0.0408554 0.017557 0.0254812 9.9964E-05
0.00584478 0.291785 0.119407 0.00560291 0.404885 0.0402205 0.0226017 0.109553 9.9991E-05
0.00922874 0.129562 0.328923 9.9982E-05 0.370162 9.9982E-05 0.0280418 0.0262792 0.107602
0.0143425 0.189152 0.188105 0.0615461 0.431269 0.0292723 0.0619532 0.0205953 0.00376399
0.228013 0.147142 0.0334328 9.9982E-05 0.395109 0.0156161 9.9982E-05 0.112716 0.0677715
9.9982E-05 0.200395 0.0917613 9.9982E-05 0.515316 0.112899 0.039894 0.0276487 0.0118864
0.0524525 0.225833 0.180146 9.9982E-05 0.420811 0.0309243 0.0675464 0.0220867 9.9982E-05
0.610501 0.194389 0.0227213 9.9973E-05 0.0570455 9.9973E-05 9.9973E-05 0.0143041 0.100738
9.9964E-05 0.330842 0.173654 9.9964E-05 0.248016 0.126678 0.12041 9.9964E-05 9.9964E-05
0.161896 0.328173 0.000773106 9.9982E-05 0.355862 0.00651841 9.9982E-05 0.139901 0.00667678
9.9982E-05 0.084624 0.298367 0.0740098 0.392713 0.0896281 9.9982E-05 0.0116805 0.0487778
9.9964E-05 0.479663 9.9964E-05 9.9964E-05 0.332757 0.0534645 9.9964E-05 0.0512065 0.0825084
9.9964E-05 0.0875511 0.107449 9.9964E-05 0.710602 9.9964E-05 0.041191 0.0528072 9.9964E-05
9.9955E-05 0.132182 0.250468 9.9955E-05 0.566089 0.0507608 9.9955E-05 9.9955E-05 9.9955E-05
0.0560824 0.0768184 0.469189 9.9991E-05 0.156441 0.0576824 0.0562593 0.0526192 0.0748083
9.9964E-05 0.172313 0.204578 9.9964E-05 0.425345 9.9964E-05 0.125603 0.0717605 9.9964E-05
0.559046 0.193643 9.9964E-05 9.9964E-05 0.04193 9.9964E-05 0.139408 9.9964E-05 0.0655736
9.9982E-05 0.0196319 0.306713 0.053166 0.465622 0.0852742 0.0084951 0.0608984 9.9982E-05
0.610638 0.0275821 0.161324 9.9982E-05 0.030442 0.0451593 9.9982E-05 0.0310064 0.0936484
0.461136 0.193932 9.9982E-05 0.0789061 0.143414 0.036335 0.0543241 0.031753 9.9982E-05
0.300943 9.9964E-05 0.208949 9.9964E-05 0.459605 0.0220768 9.9964E-05 9.9964E-05 0.00802658
0.624644 0.150297 0.14518 9.9955E-05 9.9955E-05 9.9955E-05 0.0793786 9.9955E-05 9.9955E-05
0.125023 0.130133 0.268053 9.9973E-05 0.442774 0.014048 0.0196688 9.9973E-05 9.9973E-05
0.484762 0.121607 9.9982E-05 0.0647995 0.197817 0.0185012 0.0480932 0.0642209 9.9982E-05
9.9973E-05 0.221579 0.10785 0.141134 0.417833 0.100214 0.0110906 9.9973E-05 9.9973E-05
0.172411 0.297166 0.420827 9.9964E-05 9.9964E-05 9.9964E-05 0.0861004 0.0230955 9.9964E-05
0.824302 9.9955E-05 9.9955E-05 9.9955E-05 0.140918 0.011923 0.0223563 9.9955E-05 9.9955E-05
0.89166 0.0241128 9.9964E-05 0.0748784 9.9964E-05 0.00540556 0.00354369 9.9964E-05 9.9964E-05
0.0390013 0.357849 0.24906 0.0159038 0.276388 0.0478068 9.9982E-05 9.9982E-05 0.0137918
0.117621 0.159613 0.0765525 9.9982E-05 0.471449 0.10748 0.000172 9.9982E-05 0.0669129
9.9982E-05 0.155218 0.353577 9.9982E-05 0.281422 0.0681082 0.0330856 0.0113041 0.0970847
0.699741 9.9964E-05 0.116796 0.0611434 0.0991352 9.9964E-05 9.9964E-05 9.9964E-05 0.0227843
0.363105 0.234337 9.9973E-05 9.9973E-05 0.215941 9.9973E-05 0.044797 0.118734 0.0227853
0.16924 0.434576 0.154415 9.9973E-05 9.9973E-05 0.0563163 0.00992861 9.9973E-05 0.175224
9.9973E-05 0.446675 0.192675 9.9973E-05 0.262203 0.0611335 9.9973E-05 0.0269595 0.0100542
0.109326 0.145767 9.9973E-05 9.9973E-05 0.643064 0.0222253 0.0237008 0.0556172 9.9973E-05
0.54989 9.99812E-05 0.128314 0.0226756 0.151212 0.10116 9.99812E-05 9.99812E-05 0.046448
9.9982E-05 0.390232 0.154129 0.0545936 0.294461 0.00130118 0.0382311 9.9982E-05 0.0668527
0.0509571 0.0254564 0.290797 0.0344126 0.332543 0.0525094 0.0978675 0.0469245 0.0685324
0.018284 0.115825 0.352647 9.9991E-05 0.239786 0.0460699 0.069464 0.137529 0.0202949
9.9964E-05 0.50865 9.9964E-05 9.9964E-05 0.330943 9.9964E-05 0.0106458 0.0767445 0.0726172
0.0102887 0.288228 0.170479 0.00957268 0.295885 0.0861085 0.0791045 9.9991E-05 0.0602344
0.400734 0.415213 9.9964E-05 9.9964E-05 0.0301656 0.0235666 9.9964E-05 0.129921 9.9964E-05
9.9964E-05 0.0566136 0.47567 9.9964E-05 0.387053 9.9964E-05 0.0368005 0.0434633 9.9964E-05
0.412224 9.9973E-05 9.9973E-05 0.0216518 0.296507 9.9973E-05 0.110433 0.128816 0.0300682
9.9973E-05 0.191775 0.283512 9.9973E-05 0.370605 0.0228399 9.9973E-05 0.0685144 0.0624541
0.896799 9.9955E-05 0.0771232 0.00503902 9.9955E-05 0.0205388 9.9955E-05 9.9955E-05 9.9955E-05
0.37719 0.338722 9.9982E-05 9.9982E-05 0.147602 0.0384168 0.0342835 0.0342045 0.0293819
9.9973E-05 0.0752091 0.181806 9.9973E-05 0.645043 0.0465811 9.9973E-05 0.0355702 0.0154902
9.9955E-05 9.9955E-05 0.334582 9.9955E-05 0.558912 9.9955E-05 0.0957371 0.0102698 9.9955E-05
0.128828 0.178366 0.331564 9.9991E-05 0.183683 0.0469553 0.0633795 0.0469781 0.0201463
0.30948 0.3757 9.9973E-05 9.9973E-05 0.164364 0.0256314 0.0579189 9.9973E-05 0.0666064
0.344774 0.0934573 0.187813 9.9973E-05 0.318091 0.0321446 9.9973E-05 9.9973E-05 0.0234211
0.680628 0.163372 9.9964E-05 9.9964E-05 9.9964E-05 0.0780652 0.0231334 0.0544007 9.9964E-05
0.824648 0.102632 9.9964E-05 9.9964E-05 9.9964E-05 9.9964E-05 0.00966789 0.0217352 0.0409168
9.9982E-05 0.212811 0.245966 0.0641402 0.349965 0.105216 0.0142808 0.00742048 9.9982E-05
0.916749 0.000238371 9.9955E-05 9.9955E-05 9.9955E-05 0.016208 0.0663051 9.9955E-05 9.9955E-05
9.9973E-05 0.429407 0.121728 9.9973E-05 0.299679 0.00781857 9.9973E-05 0.138409 0.00265924
0.758552 9.9955E-05 0.0260026 9.9955E-05 9.9955E-05 0.0293856 9.9955E-05 9.9955E-05 0.18556
9.9973E-05 9.9973E-05 0.318835 9.9973E-05 0.387849 0.120225 0.0512013 0.0323018 0.0892885
0.121387 0.413363 0.0607267 9.9973E-05 0.231217 9.9973E-05 0.0963025 0.0767038 9.9973E-05
9.999E-05 0.124551 0.327712 0.00123647 0.321104 0.0955448 0.0892115 0.00606133 0.0344788
0.722877 0.24371 9.9946E-05 9.9946E-05 9.9946E-05 9.9946E-05 9.9946E-05 0.0328133 9.9946E-05
9.9973E-05 9.9973E-05 0.009103 9.9973E-05 0.588061 0.0771318 0.11568 0.168898 0.0408262
0.0180817 0.075567 0.18796 9.9982E-05 0.504897 0.0822958 0.0484191 0.0825796 9.9982E-05
0.275586 0.0505183 0.260719 0.050698 0.299727 0.033698 0.0288534 9.9982E-05 9.9982E-05
9.9982E-05 0.417892 0.123681 9.9982E-05 0.252729 0.0171197 0.0439533 0.128161 0.0162641
0.0943034 0.0322877 0.0805074 0.00469858 0.535299 0.0780224 0.0521263 0.122655 9.9991E-05
0.332792 9.9964E-05 0.112192 9.9964E-05 0.411444 0.120518 0.0226537 9.9964E-05 9.9964E-05
0.0168346 0.0811546 0.389392 9.9991E-05 0.354791 0.0184317 0.0850576 0.0295076 0.0247309
0.16075 0.124328 0.2925 0.0101985 0.277914 0.0236841 0.0765748 0.0339504 9.9991E-05
0.126454 0.303722 0.304411 9.9973E-05 0.0980128 9.9973E-05 0.133506 0.0335948 9.9973E-05
9.9973E-05 0.162038 0.413487 9.9973E-05 0.260676 0.110766 0.0138677 0.0388658 9.9973E-05
9.9973E-05 0.154767 0.0739602 9.9973E-05 0.467876 9.9973E-05 0.0950031 0.170322 0.0377714
9.9982E-05 0.40848 0.0527516 0.00488633 0.345452 0.111104 0.0424018 9.9982E-05 0.0347236
0.0426657 0.169688 0.127914 9.9982E-05 0.400616 9.9982E-05 0.0789443 0.140921 0.0390516
9.9982E-05 0.172656 0.0475586 9.9982E-05 0.59608 0.00765045 0.053048 0.00876979 0.114038
9.9964E-05 0.376282 0.0968827 9.9964E-05 0.477265 9.9964E-05 0.0138134 9.9964E-05 0.0353563
0.0815979 0.232625 9.9982E-05 9.9982E-05 0.316932 0.140498 0.10154 0.0299042 0.0967032
0.318498 0.284761 0.126214 9.9973E-05 0.209736 9.9973E-05 0.0321273 0.0283639 9.9973E-05
0.137081 0.579774 0.0632226 9.9973E-05 0.108103 9.9973E-05 0.0335284 9.9973E-05 0.0779918
0.78406 9.99461E-05 9.99461E-05 9.99461E-05 9.99461E-05 0.132964 0.0823766 9.99461E-05 9.99461E-05
0.201724 0.353056 0.199939 0.00184521 0.166768 9.9982E-05 0.00447992 9.9982E-05 0.0719886
9.9991E-05 0.309287 0.277898 0.00627944 0.0397068 0.0434756 0.214783 0.0589199 0.0495496
0.542092 0.267394 0.130381 9.9982E-05 9.9982E-05 0.0266838 0.0115396 0.00452242 0.0171864
9.9982E-05 0.327102 0.180505 9.9982E-05 0.391801 0.0214133 0.0699335 0.0040766 0.00496819
0.293453 0.159378 0.0650295 9.9955E-05 0.48164 9.9955E-05 9.9955E-05 9.9955E-05 9.9955E-05
0.486933 0.210116 0.021686 9.9982E-05 0.165953 9.9982E-05 0.0275874 0.0635176 0.0240074
0.830416 9.9937E-05 9.9937E-05 9.9937E-05 9.9937E-05 9.9937E-05 9.9937E-05 0.168884 9.9937E-05
0.0732107 0.177425 0.19857 9.9982E-05 0.33075 9.9982E-05 0.0811804 0.0146987 0.123965
0.0782482 0.278803 0.239011 0.0262225 0.220703 0.0512561 0.0506892 9.9991E-05 0.0549672
0.0242738 9.9982E-05 0.407432 9.9982E-05 0.283261 0.0343914 0.148717 0.0379007 0.0638238
0.214238 0.0864879 0.0354551 9.9973E-05 0.602994 0.0260599 9.9973E-05 0.0344647 9.9973E-05
0.376326 0.337399 0.0153935 9.9982E-05 9.9982E-05 0.113238 0.0958492 0.00991828 0.051676
0.07301 0.273951 9.9973E-05 9.9973E-05 0.520601 9.9973E-05 0.074064 0.0445393 0.0135339
9.9982E-05 0.142644 0.400786 0.0147855 0.254942 0.0542086 0.123696 0.00873817 9.9982E-05
9.9964E-05 0.0681967 9.9964E-05 9.9964E-05 0.657851 0.0367242 9.9964E-05 0.140569 0.0962587
0.00388593 0.101096 0.17327 0.10485 0.44253 0.0175001 0.135526 9.9991E-05 0.0212429
0.73847 9.9964E-05 9.9964E-05 9.9964E-05 0.145659 0.0450683 0.0663479 9.9964E-05 0.00405426
0.474466 0.189883 9.9982E-05 0.0213391 0.20988 9.9982E-05 0.0478365 0.0145153 0.0418808
9.9964E-05 0.107743 0.0745947 9.9964E-05 0.727407 9.9964E-05 0.0583226 9.9964E-05 0.0315333
0.00790487 0.278247 9.9982E-05 0.00672247 0.55039 0.0864176 0.0387108 9.9982E-05 0.031408
0.0312497 0.101431 0.362901 9.9973E-05 0.448297 0.0217672 0.0340548 9.9973E-05 9.9973E-05
0.371731 0.469513 0.0901384 9.9973E-05 9.9973E-05 0.0119222 0.0316691 9.9973E-05 0.0247257
0.952252 9.9937E-05 9.9937E-05 9.9937E-05 9.9937E-05 9.9937E-05 0.0470487 9.9937E-05 9.9937E-05
0.36839 0.429286 9.9964E-05 9.9964E-05 0.0855136 9.9964E-05 0.0642446 0.0521651 9.9964E-05
0.0248065 0.209334 0.213073 9.9973E-05 0.438068 9.9973E-05 0.0816876 0.0327311 9.9973E-05
0.117863 0.000460317 0.0669865 9.9991E-05 0.577309 0.0690932 0.0306692 0.0282268 0.109292
9.9982E-05 9.9982E-05 0.0363791 0.0888352 0.723725 0.0315179 0.0143451 0.00930368 0.0956937
9.9982E-05 0.0708035 0.0145826 9.9982E-05 0.680331 0.0337469 0.0977938 0.0677572 0.0347855
0.890711 9.9955E-05 9.9955E-05 0.0105675 9.9955E-05 0.0939946 0.00422726 9.9955E-05 9.9955E-05
0.0494063 9.9973E-05 0.123774 9.9973E-05 0.620622 0.0607258 9.9973E-05 0.097641 0.0475312
9.9973E-05 0.0709397 0.36602 0.0702823 0.365157 0.0105609 0.11674 9.9973E-05 9.9973E-05
0.112209 0.00699295 0.219539 9.9964E-05 0.549409 0.11145 9.9964E-05 9.9964E-05 9.9964E-05
0.546495 0.313387 9.9973E-05 9.9973E-05 0.00663803 0.0497907 0.0233009 0.0600886 9.9973E-05
9.9964E-05 0.0947718 0.551179 9.9964E-05 0.270519 0.00824759 0.0748824 9.9964E-05 9.9964E-05
0.0459771 0.268602 0.0934722 0.124471 0.368218 9.9973E-05 0.0989595 9.9973E-05 9.9973E-05
9.9991E-05 0.117298 0.100797 0.059143 0.552837 0.0552145 0.0551448 0.0165785 0.0428876
0.0059145 0.232434 0.0699735 9.9991E-05 0.354602 0.0476391 0.0523084 0.139485 0.0975432
0.595907 9.9973E-05 0.175383 9.9973E-05 0.00605235 0.112502 9.9973E-05 0.0807878 0.0290683
0.866696 9.9964E-05 9.9964E-05 0.03315 0.00305597 0.0598579 0.0368406 9.9964E-05 9.9964E-05
9.9973E-05 0.373853 0.225654 9.9973E-05 0.214891 0.0208498 0.101242 9.9973E-05 0.06321
0.0128213 0.0201799 0.388021 9.9982E-05 0.301862 0.0202406 0.133454 0.123222 9.9982E-05
0.0431587 0.0893701 0.260353 9.9991E-05 0.37367 0.0708326 0.00541294 0.090151 0.0669517
9.9964E-05 0.276384 0.470404 9.9964E-05 0.130174 0.0695051 9.9964E-05 0.0531327 9.9964E-05
0.320038 0.442122 0.0931312 9.9982E-05 0.0426012 0.0204666 9.9982E-05 0.00348271 0.0779583
9.9982E-05 0.458431 0.0498462 0.122293 0.22528 9.9982E-05 0.0466657 0.0800438 0.0172406
0.18071 0.0736126 0.243426 9.9982E-05 0.409471 9.9982E-05 0.0116776 0.00381904 0.0770836
9.993E-05 9.993E-05 9.993E-05 9.993E-05 9.993E-05 9.993E-05 0.999201 9.993E-05 9.993E-05
0.54039 9.9964E-05 0.16864 9.9964E-05 0.108911 9.9964E-05 0.0506377 9.9964E-05 0.131021
0.249281 0.167604 0.20055 0.0203753 0.330304 0.022392 9.9982E-05 9.9982E-05 0.00929287
9.993E-05 9.993E-05 9.993E-05 9.993E-05 9.993E-05 9.993E-05 0.999201 9.993E-05 9.993E-05
0.534502 0.12277 0.0845454 9.9982E-05 0.0314403 9.9982E-05 0.117424 0.0777333 0.0313845
0.174079 0.161779 0.16178 0.0329968 0.46504 0.00402645 9.9973E-05 9.9973E-05 9.9973E-05
0.340414 0.196698 0.0726286 9.9973E-05 0.166862 9.9973E-05 9.9973E-05 0.217704 0.00539299
0.211829 0.228403 0.274552 9.9973E-05 0.126377 0.141934 9.9973E-05 0.0166056 9.9973E-05
0.123425 0.632051 9.9991E-05 0.0575729 0.0328651 0.109482 0.00877029 0.00561312 0.0301202
0.729228 0.127661 0.0382495 9.9964E-05 9.9964E-05 0.0239594 9.9964E-05 0.0805024 9.9964E-05
0.278695 0.0681362 9.9982E-05 0.000479881 0.432661 0.0748977 0.0458153 9.9982E-05 0.0991154
0.171637 0.47299 0.0327572 9.9982E-05 0.185199 9.9982E-05 0.0558247 0.0698893 0.0115031
9.9973E-05 9.9973E-05 0.375828 9.9973E-05 0.314187 0.0711687 0.0652467 0.0964861 0.0767834
9.9964E-05 9.9964E-05 9.9964E-05 9.9964E-05 0.786499 0.00670216 0.0399076 0.134159 0.0323321
0.00636058 9.9982E-05 0.518951 0.0829536 0.297414 9.9982E-05 0.0523345 0.0392874 0.00249867
9.9964E-05 0.512594 0.102215 0.00604586 0.311884 0.0668602 9.9964E-05 9.9964E-05 9.9964E-05
0.321211 0.178994 0.125367 9.9973E-05 0.316767 0.00848022 9.9973E-05 0.0488797 9.9973E-05
0.74235 0.0478641 9.9964E-05 9.9964E-05 0.147414 0.0596009 9.9964E-05 0.00237063 9.9964E-05
0.313981 0.419603 0.130807 0.0317829 0.0162081 0.0873178 9.9973E-05 9.9973E-05 9.9973E-05
9.9982E-05 0.283011 0.264279 0.00688558 0.180345 0.0728374 0.144606 0.0478364 9.9982E-05
9.9991E-05 0.159379 0.273229 0.00594504 0.324514 0.0811888 0.0717543 0.0332162 0.0506741
0.817391 0.107641 0.0106638 0.0431142 9.9964E-05 9.9964E-05 0.0207905 9.9964E-05 9.9964E-05
9.9982E-05 0.253801 0.406185 0.0315922 0.168283 0.0704767 0.0599632 9.9982E-05 0.00949898
9.9982E-05 0.139581 0.266225 9.9982E-05 0.388369 0.137835 0.017568 0.01365 0.0365722
0.205077 0.09389 0.119738 9.9982E-05 0.411769 0.0437173 0.0266068 0.0990016 9.9982E-05
9.9973E-05 0.138547 0.636593 9.9973E-05 0.0993727 0.0172002 0.0600466 0.0479399 9.9973E-05
0.0679595 0.581591 9.9973E-05 9.9973E-05 0.0931359 0.120618 0.0298541 0.106541 9.9973E-05
0.0143335 0.153173 0.2455 9.9982E-05 0.210827 9.9982E-05 0.125938 0.188933 0.0610955
0.04604 0.112916 9.9982E-05 9.9982E-05 0.559716 0.0130831 0.0861339 0.0844661 0.0974448
9.9973E-05 0.234625 0.0828683 9.9973E-05 0.561502 0.00905405 0.05293 9.9973E-05 0.0587209
9.9973E-05 9.9973E-05 0.131463 9.9973E-05 0.628484 0.0228623 0.129356 0.0303408 0.0571942
0.163882 0.132132 0.469777 0.00577168 0.0467749 0.0951931 0.0850412 9.9991E-05 0.0013281
0.547315 0.128513 0.119212 9.9982E-05 0.0848028 0.0250882 0.0418192 9.9982E-05 0.0530504
0.21909 0.434222 0.0852585 9.9982E-05 0.116343 9.9982E-05 0.0843847 0.0529858 0.00751614
0.0613586 0.262189 0.198441 0.0860091 0.136915 0.0157418 0.207418 0.031828 9.9991E-05
0.13499 0.229195 0.160885 9.9982E-05 0.24023 9.9982E-05 0.0896305 0.126174 0.0186964
0.040414 0.514243 9.9973E-05 9.9973E-05 0.369891 0.0144695 0.00438908 0.0562935 9.9973E-05
0.888925 0.102365 9.99461E-05 9.99461E-05 9.99461E-05 9.99461E-05 9.99461E-05 9.99461E-05 0.00811089
0.0301815 0.394267 0.12466 0.0292788 0.319006 0.000254773 0.102152 9.9982E-05 9.9982E-05
0.270766 0.298524 9.9982E-05 9.9982E-05 0.188213 0.00202008 0.142036 0.00871236 0.089528
9.9991E-05 0.395146 0.0591299 0.0512166 0.230012 0.0241976 0.133983 0.078563 0.0276515
0.17197 0.511107 0.110386 9.9973E-05 0.156834 9.9973E-05 9.9973E-05 0.0413535 0.00804987
0.552336 0.242791 9.9964E-05 0.0719825 0.0835186 0.0489721 9.9964E-05 9.9964E-05 9.9964E-05
0.408292 0.186864 9.9982E-05 0.044119 0.265132 0.0785353 0.0135109 0.00334665 9.9982E-05
0.536656 0.133045 9.9964E-05 9.9964E-05 0.207223 9.9964E-05 9.9964E-05 0.115993 0.0066833
9.9955E-05 0.505124 0.0159671 9.9955E-05 0.441871 0.0365379 9.9955E-05 9.9955E-05 9.9955E-05
0.690467 0.223589 9.9973E-05 0.0330367 9.9973E-05 0.00904102 0.0255875 0.017979 9.9973E-05
0.354119 0.31196 9.9964E-05 9.9964E-05 0.303076 0.00195545 9.9964E-05 9.9964E-05 0.02849
9.9973E-05 0.208941 0.290296 9.9973E-05 0.244843 0.083939 9.9973E-05 0.160074 0.0116065
0.9846 9.99371E-05 9.99371E-05 9.99371E-05 9.99371E-05 9.99371E-05 9.99371E-05 0.0147007 9.99371E-05
0.438074 0.470714 0.0550088 9.9955E-05 9.9955E-05 0.0357037 9.9955E-05 9.9955E-05 9.9955E-05
0.0286255 0.351554 0.15764 9.9991E-05 0.255645 0.0148548 0.0639832 0.0680823 0.0595157
0.358874 0.23951 0.276461 9.9973E-05 0.036933 0.0368929 9.9973E-05 0.0510291 9.9973E-05
0.17049 0.000588567 0.322315 9.9973E-05 0.387762 0.0460613 0.072483 9.9973E-05 9.9973E-05
9.9982E-05 0.337772 0.305142 0.053363 0.270899 0.000377118 9.9982E-05 0.0185086 0.013738
0.263326 0.0774204 0.386041 9.9982E-05 0.163557 0.0636004 9.9982E-05 0.00938327 0.0364721
9.9964E-05 0.310658 0.307296 9.9964E-05 0.315344 9.9964E-05 9.9964E-05 0.0216762 0.0446255
9.9964E-05 0.416069 9.9964E-05 9.9964E-05 0.494224 0.0345507 0.0281808 9.9964E-05 0.0265763
0.036722 0.0545281 0.497081 9.9982E-05 0.286301 0.0101602 0.0403311 9.9982E-05 0.0746773
0.165169 0.291399 0.390005 9.9982E-05 9.9982E-05 0.0135716 0.0680068 0.0592474 0.0124018
0.263541 9.9955E-05 0.199478 9.9955E-05 0.519002 0.0174793 9.9955E-05 9.9955E-05 9.9955E-05
9.9982E-05 9.9982E-05 0.423284 0.0782503 0.3232 0.0567718 0.0768204 0.0219368 0.0195363
0.100542 0.146108 0.273867 9.9982E-05 0.458527 9.9982E-05 0.0165085 0.00247839 0.00176868
9.9991E-05 0.470484 0.0245235 0.147647 0.150652 0.0552951 0.0565708 0.0635479 0.0311795
9.9982E-05 0.476233 0.286654 0.0234912 0.128689 9.9982E-05 0.0526204 0.0314635 0.000648454
0.23828 0.327945 9.9982E-05 0.0314365 0.303796 0.0573597 0.0384283 9.9982E-05 0.00255422
9.9973E-05 0.261211 0.207122 0.0124786 0.37508 9.9973E-05 0.109804 9.9973E-05 0.034004
0.0297587 0.298788 0.192758 0.0519626 0.341228 0.00761424 0.0287105 0.0490803 9.9991E-05
9.9991E-05 0.261389 0.26404 0.117953 0.271921 0.0132042 0.0538231 0.0153133 0.00225649
9.9991E-05 0.0553135 0.490093 0.0241411 0.109312 0.0623647 0.0594274 0.122348 0.0768997
0.277918 0.186254 0.100849 9.9991E-05 0.112833 0.0067255 0.0994139 0.0258333 0.190074
9.9964E-05 0.0761776 0.0673666 0.0439086 0.651377 9.9964E-05 9.9964E-05 0.16077 9.9964E-05
0.16283 0.358409 0.257391 9.9973E-05 0.0974502 0.0360639 0.0875559 9.9973E-05 9.9973E-05
9.9982E-05 0.132469 0.280934 0.0280057 0.327164 0.155089 0.0581099 0.0180288 9.9982E-05
9.9973E-05 0.0175192 0.274651 0.0203503 0.576966 9.9973E-05 9.9973E-05 0.0357412 0.074472
9.9991E-05 0.210339 0.201484 0.0865696 0.409955 0.0651332 0.00361065 0.00413035 0.0186778
0.348119 0.167777 0.0876578 9.9964E-05 0.304167 9.9964E-05 9.9964E-05 0.0918799 9.9964E-05
0.371321 0.472447 9.9955E-05 9.9955E-05 0.101768 9.9955E-05 9.9955E-05 9.9955E-05 0.0539638
9.9955E-05 9.9955E-05 0.289301 9.9955E-05 0.61994 0.0592517 0.0310071 9.9955E-05 9.9955E-05
9.9964E-05 9.9964E-05 0.296139 0.110951 0.462447 0.0123846 0.117679 9.9964E-05 9.9964E-05
9.9964E-05 0.0718584 0.36694 9.9964E-05 0.400192 0.0765083 9.9964E-05 0.0841013 9.9964E-05
0.0125099 0.308812 0.270187 9.9982E-05 0.19599 9.9982E-05 0.0914087 0.10916 0.011732
0.282362 0.327548 0.161293 9.9973E-05 9.9973E-05 9.9973E-05 0.130996 0.03975 0.0577509
0.112892 0.339216 0.0812711 9.9991E-05 0.175193 0.0379145 0.0882889 0.0967971 0.0683268
9.9982E-05 0.342583 0.117818 0.0615915 0.318731 9.9982E-05 0.0341709 0.0728748 0.0520298
0.537117 0.0306234 0.149734 9.9991E-05 0.0204132 0.115497 0.066481 0.0612091 0.0188252
0.137377 0.205576 0.173562 0.0102345 0.38818 0.0809296 0.00394128 9.9982E-05 9.9982E-05
0.125573 0.280491 0.271428 0.00696209 0.105736 9.9991E-05 0.0868126 0.0139888 0.108909
0.703159 0.013449 0.148535 0.0275557 9.9982E-05 0.0375484 0.0142431 0.0553092 9.9982E-05
9.9982E-05 0.448874 0.335403 9.9982E-05 0.0470057 0.0794335 0.0314277 0.0422325 0.0154233
0.0115731 0.157217 0.235939 9.9991E-05 0.306862 0.0901147 0.0823848 0.0760974 0.0397125
9.9973E-05 0.277799 0.211651 9.9973E-05 0.362724 0.0722925 0.0662845 9.9973E-05 0.00894952
9.9982E-05 0.0441279 0.300745 9.9982E-05 0.529954 0.0534103 0.000353565 0.0439736 0.0272357
9.9991E-05 0.339172 0.211836 0.0982962 0.146512 0.00172113 0.0587303 0.0996632 0.0439689
9.9982E-05 0.310926 0.12135 9.9982E-05 0.359632 0.0309884 0.0687303 0.0433759 0.0647975
9.9964E-05 0.083632 0.251577 9.9964E-05 0.522503 0.115227 9.9964E-05 0.0266608 9.9964E-05
9.9964E-05 9.9964E-05 0.142395 9.9964E-05 0.710937 0.00726881 0.0465576 0.0924413 9.9964E-05
0.18734 0.164481 0.217033 9.9982E-05 0.171692 0.144487 0.0869136 0.0278536 9.9982E-05
9.9964E-05 9.9964E-05 0.298276 9.9964E-05 0.436255 9.9964E-05 0.0761044 0.0923472 0.0966171
9.9964E-05 0.0236551 0.267467 9.9964E-05 0.538804 9.9964E-05 0.10117 9.9964E-05 0.0685043
0.144248 0.441464 0.320303 0.0167759 9.9973E-05 9.9973E-05 0.0764821 9.9973E-05 0.000426367
9.9973E-05 0.323169 9.9973E-05 9.9973E-05 0.458452 0.00673082 0.0491824 0.0960612 0.0661053
9.9973E-05 0.310344 0.0248881 9.9973E-05 0.499566 9.9973E-05 0.0711484 0.076335 0.0174189
0.264635 0.229179 9.9964E-05 9.9964E-05 0.317113 0.135913 0.0527595 9.9964E-05 9.9964E-05
0.268647 0.142695 0.0624644 9.9982E-05 0.352257 0.0231086 0.0794226 0.0712053 9.9982E-05
9.9946E-05 0.280527 0.397775 9.9946E-05 0.321099 9.9946E-05 9.9946E-05 9.9946E-05 9.9946E-05
0.500477 0.164388 9.9982E-05 9.9982E-05 0.194343 0.0605194 0.0385892 0.0412708 0.000212529
9.9973E-05 0.363737 0.211122 9.9973E-05 0.242533 0.0410684 0.0482006 9.9973E-05 0.0930394
0.288861 0.268625 9.9946E-05 9.9946E-05 0.441914 9.9946E-05 9.9946E-05 9.9946E-05 9.9946E-05
0.0414682 0.0345184 0.395981 0.0070471 0.400258 0.0328732 9.9991E-05 0.0290298 0.0587241
0.152184 0.361697 0.200114 9.9973E-05 9.9973E-05 9.9973E-05 0.106013 0.0915065 0.0881861
0.245342 0.393839 0.0550566 9.9982E-05 0.0753929 9.9982E-05 0.0706167 0.0761566 0.0833964
0.50168 9.9964E-05 9.9964E-05 0.0188325 0.28464 0.110221 0.084226 9.9964E-05 9.9964E-05
0.00555939 0.551027 0.0814687 0.0104947 0.29373 0.0574205 9.9973E-05 9.9973E-05 9.9973E-05
9.9982E-05 0.308029 0.0160526 9.9982E-05 0.436963 0.0260741 0.0993915 0.0998772 0.0134129
0.275536 0.258598 0.0510822 9.9982E-05 0.329636 0.00742656 0.0539299 0.0235908 9.9982E-05
0.00429213 0.211519 9.9964E-05 9.9964E-05 0.620425 9.9964E-05 9.9964E-05 0.0854292 0.0779342
9.9973E-05 0.347371 0.00675636 0.0373364 0.452372 0.0319515 9.9973E-05 9.9973E-05 0.123913
0.773636 9.9955E-05 9.9955E-05 9.9955E-05 9.9955E-05 0.0817782 9.9955E-05 0.104006 0.0400799
0.041465 0.190542 9.9982E-05 0.0067151 0.580151 0.0554639 0.054388 9.9982E-05 0.0710751
9.9955E-05 0.576959 0.249631 9.9955E-05 0.161815 9.9955E-05 9.9955E-05 0.0110944 9.9955E-05
0.0181392 0.235015 0.223696 0.0127884 0.357865 0.0900034 0.00129289 0.019383 0.0418165
0.0270902 0.116302 0.329205 9.9991E-05 0.370458 0.0284749 0.0771563 0.0379414 0.0132728
9.9982E-05 0.107728 0.0614448 9.9982E-05 0.652454 0.0503364 0.0187665 0.0415251 0.067545
9.9982E-05 0.310462 0.0204392 9.9982E-05 0.549626 0.035994 0.0240686 0.0464279 0.0127817
9.9982E-05 0.0451967 0.165349 0.016889 0.571428 0.124742 0.0680728 0.00812257 9.9982E-05
0.131795 0.0755123 0.23751 9.9982E-05 0.402681 0.0415945 9.9982E-05 0.0977717 0.012935
0.536944 0.275592 9.9982E-05 9.9982E-05 0.0577836 0.000894223 0.0120213 0.00684059 0.109724
9.9955E-05 0.337834 0.0921558 9.9955E-05 0.522436 9.9955E-05 0.0470745 9.9955E-05 9.9955E-05
9.9973E-05 9.9973E-05 0.210363 9.9973E-05 0.627573 0.0400836 0.0186739 0.0501989 0.0528073
0.126499 0.357844 0.239388 9.9991E-05 0.0734462 0.0380437 0.0938526 0.0366589 0.0341677
0.435647 0.156854 9.9973E-05 9.9973E-05 0.257392 9.9973E-05 0.0260704 0.0602615 0.0634753
9.9973E-05 0.185471 9.9973E-05 0.0502137 0.632325 0.00816292 0.090484 9.9973E-05 0.0330438
0.198485 0.26065 0.108098 9.9973E-05 0.363357 0.0240237 0.0450868 9.9973E-05 9.9973E-05
9.9964E-05 0.13289 0.222691 9.9964E-05 0.475356 0.0809256 9.9964E-05 0.0877379 9.9964E-05
0.286192 0.158723 0.384645 9.9991E-05 0.104717 0.0325366 0.0151345 0.0167022 0.00124931
0.0967994 0.228581 0.118763 0.0798813 0.371231 0.00359065 0.0746366 0.0093377 0.0171802
0.428054 0.141635 0.0145814 9.9982E-05 0.133705 0.0235598 0.0664723 9.9982E-05 0.191794
0.26545 0.0437624 0.0573137 9.9964E-05 0.538665 9.9964E-05 9.9964E-05 9.9964E-05 0.0944089
0.0621749 0.1921 0.0397212 0.163111 0.409269 0.00626029 0.086951 0.0403127 9.9991E-05
0.155815 0.159123 9.9964E-05 9.9964E-05 0.532905 0.025772 9.9964E-05 9.9964E-05 0.125985
9.9982E-05 0.391576 0.0167627 9.9982E-05 0.35983 0.0115463 0.040472 0.0931632 0.0864498
0.00281139 0.10842 0.346929 9.9982E-05 0.383639 0.0310295 0.109724 0.0172474 9.9982E-05
0.000937312 0.271599 0.274306 9.9991E-05 0.251469 0.0151927 0.134502 0.014541 0.0373524
0.296979 0.195249 0.0917296 9.9982E-05 0.229347 9.9982E-05 0.0912374 0.0785123 0.0167452
9.9973E-05 0.549215 0.0190742 9.9973E-05 0.355438 9.9973E-05 0.03266 0.0143946 0.0289187
9.9982E-05 0.272682 0.251617 0.0315026 0.266466 0.102502 0.0215276 9.9982E-05 0.0535038
9.9973E-05 0.0203919 0.272877 9.9973E-05 0.527825 0.0686234 0.0772692 0.0327141 9.9973E-05
0.563256 0.105557 0.0411709 9.9973E-05 0.184383 0.00341596 9.9973E-05 9.9973E-05 0.101918
0.849528 9.9946E-05 0.135738 9.9946E-05 9.9946E-05 0.0141344 9.9946E-05 9.9946E-05 9.9946E-05
0.109964 0.144678 0.396744 0.05629 0.287401 9.9973E-05 9.9973E-05 9.9973E-05 0.00462336
0.0469125 0.335737 9.9982E-05 9.9982E-05 0.371457 0.0914388 0.0391641 0.00703265 0.108059
0.0725175 0.497833 0.0644626 0.0186327 0.121781 0.0328158 0.0581474 0.102364 0.0314466
0.158449 0.486964 0.0549708 0.0357543 0.2039 0.0404807 9.9982E-05 9.9982E-05 0.0192818
0.159423 0.48537 9.9982E-05 0.0492922 0.205772 9.9982E-05 0.0332324 0.0456852 0.0210246
0.101691 0.0179647 0.283305 9.9973E-05 0.447813 0.0189122 9.9973E-05 0.130015 9.9973E-05
9.9982E-05 0.104375 0.360842 0.0380045 0.275174 0.0432635 0.117172 0.0609683 9.9982E-05
0.0109331 0.193447 0.22385 0.0734998 0.411667 9.9982E-05 0.0363513 9.9982E-05 0.0500517
9.9964E-05 0.102004 0.369882 9.9964E-05 0.317055 0.154092 0.056567 9.9964E-05 9.9964E-05
9.9982E-05 0.22632 0.0616105 0.118314 0.543194 0.045425 0.00269638 0.00223891 9.9982E-05
9.9964E-05 0.0834328 0.278768 9.9964E-05 0.632264 0.00304322 0.00209189 9.9964E-05 9.9964E-05
9.9982E-05 0.237954 0.26699 9.9982E-05 0.42579 0.0497913 0.00529107 0.00291201 0.011072
0.0243461 0.298646 0.149709 0.0202007 0.22573 9.9991E-05 0.207418 0.072345 0.00150523
9.9964E-05 0.271205 0.214337 0.0900303 0.403359 0.0206697 9.9964E-05 9.9964E-05 9.9964E-05
0.0728163 9.9973E-05 0.246941 9.9973E-05 0.493956 9.9973E-05 0.0533385 0.043125 0.0895231
9.9991E-05 0.194031 0.419763 0.00929452 0.15276 0.0238336 0.0825781 0.0667965 0.0508441
0.00165163 0.472752 0.322507 9.9973E-05 0.113684 0.0550451 9.9973E-05 9.9973E-05 0.0340604
0.133006 0.0623603 0.0326367 0.00368243 0.555523 0.0611954 0.0354988 0.0405662 0.0755311
0.554501 9.9982E-05 0.0523798 9.9982E-05 0.211169 0.0381512 0.0199034 0.104085 0.0196115
0.432399 0.160841 0.174639 0.0431928 0.086692 0.0323733 0.0261745 9.9991E-05 0.0435876
0.773159 9.9964E-05 9.9964E-05 0.00413714 0.1538 0.0634565 0.00504668 9.9964E-05 9.9964E-05
9.9982E-05 0.156577 0.445233 9.9982E-05 0.340482 0.0235526 0.0216574 0.00356021 0.00873738
0.716315 0.0665719 9.9955E-05 9.9955E-05 0.138306 0.0783082 9.9955E-05 9.9955E-05 9.9955E-05
0.702942 9.9964E-05 0.18231 0.000713902 9.9964E-05 9.9964E-05 0.0636803 0.0499532 9.9964E-05
0.0185561 0.176162 0.496989 9.9982E-05 9.9982E-05 0.0415526 0.0723001 0.0595241 0.134716
0.010073 0.0505762 0.371301 9.9982E-05 0.349786 9.9982E-05 0.0489061 0.115403 0.0537542
0.0244702 0.0709614 0.131033 0.0247831 0.596937 0.00720367 0.0232723 0.0549131 0.0664265
0.683138 0.263947 9.9955E-05 9.9955E-05 0.0481882 9.9955E-05 9.9955E-05 0.00422697 9.9955E-05
0.0214075 0.0722801 0.347429 9.9982E-05 0.474385 0.00546161 0.0509911 0.0278461 9.9982E-05
0.341518 0.293262 0.0619287 9.9982E-05 9.9982E-05 0.0798624 0.042089 0.10364 0.0774998
9.9955E-05 9.9955E-05 0.411692 9.9955E-05 0.419872 9.9955E-05 0.103517 9.9955E-05 0.0644194
0.757552 0.0963801 9.9964E-05 9.9964E-05 9.9964E-05 0.0989357 0.0183903 9.9964E-05 0.0283424
0.0739391 0.363626 0.127532 9.9982E-05 0.295793 0.0193707 9.9982E-05 0.0905995 0.0289393
9.9973E-05 0.162521 0.377893 9.9973E-05 0.381034 0.0188398 9.9973E-05 0.0489008 0.0105116
9.9955E-05 0.01412 0.118034 9.9955E-05 0.798071 9.9955E-05 9.9955E-05 0.0692757 9.9955E-05
9.9982E-05 0.341294 0.0799498 0.0358357 0.38792 0.03264 0.104837 0.0173245 9.9982E-05
0.701822 9.9955E-05 9.9955E-05 9.9955E-05 0.21758 0.000106754 9.9955E-05 9.9955E-05 0.0799914
0.14104 0.404937 9.9973E-05 9.9973E-05 0.325483 0.0211314 0.0254697 0.0816394 9.9973E-05
0.318675 0.170075 0.154182 0.0848041 0.171074 0.0458581 0.0096933 0.0455379 9.9991E-05
0.000505575 0.0526125 0.300242 9.9991E-05 0.326038 0.0545465 0.10304 0.0971662 0.0657501
0.719583 0.158376 0.0129594 0.0543651 9.9973E-05 0.014739 0.0396777 9.9973E-05 9.9973E-05
0.0858048 0.147944 0.410028 0.153892 0.106542 0.0502292 9.9982E-05 9.9982E-05 0.0453603
0.288756 0.425589 0.190281 9.9973E-05 9.9973E-05 0.0716238 9.9973E-05 0.0109336 0.0125172
0.0112954 0.120614 0.131049 0.10333 0.562952 0.000239812 0.0550247 9.9991E-05 0.0153951
0.106786 0.456484 0.176172 0.057475 0.0222008 0.0484299 0.0679873 0.0643655 9.9991E-05
0.456819 0.0783301 0.28677 9.9982E-05 0.0654235 0.0444198 0.0538089 9.9982E-05 0.014229
9.9964E-05 9.9964E-05 0.1617 9.9964E-05 0.454517 9.9964E-05 0.141693 0.0336356 0.208055
0.0230378 0.0288375 0.365983 9.9991E-05 0.373457 0.000974169 0.0714415 0.131501 0.00466748
9.9973E-05 0.231814 0.0780206 9.9973E-05 0.460054 9.9973E-05 0.0501242 0.0982697 0.0814178
0.029388 0.0866728 0.345478 0.0517791 0.401271 0.0360602 9.9982E-05 9.9982E-05 0.049151
0.371961 0.199069 0.354678 9.9964E-05 9.9964E-05 9.9964E-05 0.0155475 0.0583449 9.9964E-05
9.9973E-05 0.500028 9.9973E-05 0.0516895 0.332475 0.0752647 0.0207966 0.0194459 9.9973E-05
9.9982E-05 0.0809084 0.440688 9.9982E-05 0.343539 0.0803061 0.0131177 0.0397383 0.00150316
0.0564912 0.0548949 0.0334991 0.0422694 0.723667 9.9982E-05 0.000733752 9.9982E-05 0.088245
0.436546 0.0420397 0.0894703 9.9973E-05 0.246602 9.9973E-05 0.0437414 0.1413 9.9973E-05
0.177967 0.313798 9.9973E-05 9.9973E-05 0.38308 0.00986793 0.0890691 0.0259174 9.9973E-05
0.00903941 0.0400407 0.245991 9.9991E-05 0.493796 0.091659 0.0166324 0.0747111 0.0280311
0.134289 0.38496 9.9982E-05 0.079714 0.116669 9.9982E-05 0.0914456 0.0294337 0.163289
0.162334 0.159449 0.398044 9.9991E-05 0.0830321 0.0306949 0.0212239 0.0988121 0.0463106
9.9973E-05 0.401518 9.9973E-05 0.0392622 0.398474 0.0135915 0.0738305 0.0730238 9.9973E-05
0.283241 0.33401 0.0643027 0.00223953 0.117784 0.070451 0.0793346 0.0485383 9.9991E-05
9.9973E-05 0.573286 0.206367 0.0137091 9.9973E-05 0.00925947 0.133712 9.9973E-05 0.0633659
0.365593 0.350822 0.072109 9.9973E-05 0.1509 0.036844 9.9973E-05 0.0234321 9.9973E-05
9.9964E-05 0.0954607 0.0759099 9.9964E-05 0.652598 0.0606725 9.9964E-05 0.114959 9.9964E-05
9.9973E-05 0.133548 0.244191 9.9973E-05 0.556651 0.038389 0.011104 9.9973E-05 0.0158168
9.9973E-05 0.153213 0.413313 9.9973E-05 0.286578 0.0552458 0.0139425 9.9973E-05 0.0774083
9.9964E-05 9.9964E-05 0.256987 9.9964E-05 0.580269 0.0121848 0.0624358 0.0877235 9.9964E-05
9.9982E-05 0.0253945 0.370412 9.9982E-05 0.29789 0.0595696 0.111678 0.112893 0.0219629
9.9982E-05 0.151074 0.0709035 0.0780894 0.526025 0.050589 0.0519396 9.9982E-05 0.0711793
0.206872 0.399465 0.112777 9.9982E-05 0.116218 0.127217 0.0364028 9.9982E-05 0.000849012
9.9973E-05 0.577701 0.0963197 0.0543102 0.223354 9.9973E-05 0.0168122 0.0312029 9.9973E-05
9.9973E-05 0.179018 0.0579115 9.9973E-05 0.670849 0.023618 0.0211847 9.9973E-05 0.0471188
0.0695825 0.128246 0.199669 9.9982E-05 0.48604 0.0329551 0.000260879 0.0830463 9.9982E-05
0.0601647 0.361198 0.245161 9.9982E-05 0.169859 0.0716161 0.0331346 9.9982E-05 0.0586673
0.226334 0.477659 0.140963 0.00204666 9.9982E-05 0.0858672 9.9982E-05 0.0545532 0.0123769
9.9991E-05 0.0176041 0.323057 0.0262287 0.39756 0.0184312 0.11029 0.0584894 0.0482399
9.9982E-05 0.122486 0.182385 0.0106209 0.50879 0.0208966 0.000401653 0.15422 9.9982E-05
0.768186 0.0641336 9.9982E-05 0.0185603 0.0874104 0.0325114 0.0192848 9.9982E-05 0.00971376
0.608644 0.0708013 0.0554623 9.9982E-05 0.207036 0.029698 0.0202058 0.00795218 9.9982E-05
9.9982E-05 0.0897489 0.157076 9.9982E-05 0.490171 0.0417629 0.118992 0.0659061 0.0361434
0.00588819 9.9982E-05 0.399584 0.197135 0.260773 0.0233683 9.9982E-05 0.0306867 0.0823651
0.0246796 0.147601 0.101203 0.214165 0.0192556 9.9991E-05 0.0104528 0.296754 0.185788
9.9973E-05 0.0428189 9.9973E-05 0.322428 0.343888 0.0820205 9.9973E-05 0.130709 0.077836
9.9973E-05 0.209605 0.0605747 0.128355 0.538406 9.9973E-05 9.9973E-05 0.013087 0.049673
9.9973E-05 9.9973E-05 0.149798 0.396555 0.171131 0.0842295 9.9973E-05 0.0714906 0.126496
0.0194344 0.0184068 9.9973E-05 0.415215 0.398648 0.0091076 9.9973E-05 0.138888 9.9973E-05
0.0147494 0.331252 0.0746864 0.400441 0.0481056 9.9991E-05 0.0267367 0.0582094 0.0457193
0.02605 9.9991E-05 0.0366094 0.462123 0.216365 0.0418966 0.0259088 0.103582 0.0873646
9.9982E-05 0.105051 0.269901 0.277124 0.0795012 0.0862232 9.9982E-05 0.126162 0.0558367
0.0126368 0.0318164 0.0172218 0.247006 0.47803 0.0425034 0.0353532 0.135333 9.9991E-05
9.9991E-05 0.220027 0.132033 0.0574262 0.200942 0.0755381 0.0556131 0.220462 0.0378595
0.0387501 0.0317105 0.296122 0.299413 0.0558796 0.013614 0.0313339 0.094074 0.139102
9.9991E-05 0.0525969 0.421421 0.0405835 0.283912 0.0929185 0.00253631 0.0617216 0.0442108
0.0088671 0.0131128 0.108135 0.21321 0.280884 0.0402383 0.0884861 0.131552 0.115515
9.9973E-05 9.9973E-05 0.225502 0.29558 0.24387 0.0321265 9.9973E-05 0.0600428 0.142579
0.0232656 0.195263 0.0290572 0.367932 0.0950422 0.0689948 9.9991E-05 0.182895 0.0374503
9.9982E-05 0.105707 0.149377 0.214303 0.310531 0.0327179 0.0315072 0.155657 9.9982E-05
9.9991E-05 0.264057 0.108352 0.135615 0.179576 0.0361633 0.0206428 0.136037 0.119456
0.732207 0.00593333 9.9982E-05 0.0379308 9.9982E-05 0.0274633 0.0444243 0.0786355 0.0732056
0.016638 9.9973E-05 0.471708 0.258205 0.0985515 9.9973E-05 0.0702174 0.0843807 9.9973E-05
9.9973E-05 9.9973E-05 0.465032 0.221659 0.0900742 0.106929 0.0416883 0.0743176 9.9973E-05
0.120911 0.0913057 0.409428 9.9982E-05 0.249574 0.0237717 9.9982E-05 0.0931891 0.0116199
0.0176976 0.0881677 0.0720555 0.421228 0.0425363 9.9991E-05 0.0199261 0.235744 0.102545
9.9964E-05 9.9964E-05 0.187584 0.279601 9.9964E-05 9.9964E-05 0.193016 0.2354 0.103999
9.9991E-05 0.462738 0.281918 0.0635579 0.0189524 0.0128602 0.122342 0.0290476 0.00848408
0.0478874 9.9982E-05 0.260052 0.376338 0.124124 0.039245 9.9982E-05 0.136524 0.0156297
9.9982E-05 0.244326 0.151024 0.187379 0.150862 0.0720298 9.9982E-05 0.0836344 0.110545
9.9991E-05 0.0415282 0.155785 0.249963 0.236983 0.0408187 0.0600239 0.115311 0.0994875
0.0183746 0.207985 0.219187 0.360131 0.0223746 9.9982E-05 9.9982E-05 0.144969 0.026778
0.000731091 0.0163473 0.250912 0.303606 9.9991E-05 0.0965206 0.102361 0.138826 0.090596
9.9991E-05 0.0115304 0.0542775 0.458803 0.180047 0.0247304 0.0222246 0.144978 0.103309
9.993E-05 9.993E-05 9.993E-05 9.993E-05 9.993E-05 9.993E-05 9.993E-05 0.999201 9.993E-05
9.9973E-05 0.235421 9.9973E-05 0.187794 0.131525 0.110984 9.9973E-05 0.176034 0.157942
9.9991E-05 0.126557 0.29356 0.305111 0.0699496 0.0361219 0.00858808 0.0908076 0.0692044
0.0464595 0.283795 9.9982E-05 0.428238 9.9982E-05 0.0763768 0.0280015 0.0583393 0.0785893
9.9973E-05 0.286597 9.9973E-05 0.432509 0.0859152 0.0549512 0.0437441 0.0959844 9.9973E-05
0.0515803 0.0541717 0.212805 0.368259 0.0339816 9.9991E-05 0.0779399 0.04341 0.157753
9.9964E-05 9.9964E-05 0.56007 0.0865258 0.230756 0.0681447 0.0541033 9.9964E-05 9.9964E-05
9.9973E-05 9.9973E-05 9.9973E-05 0.432735 0.179161 0.157864 0.0443508 0.0539224 0.131667
9.9991E-05 0.0858071 0.251043 0.147548 0.171958 0.0303771 0.0215306 0.13091 0.160726
9.9982E-05 0.204154 0.0939207 0.270427 0.214112 9.9982E-05 0.0211709 0.103323 0.0926923
9.9991E-05 0.355123 0.129509 0.252409 0.0361612 0.0147418 0.0377001 0.0165142 0.157741
9.993E-05 9.993E-05 9.993E-05 9.993E-05 9.993E-05 9.993E-05 9.993E-05 0.999201 9.993E-05
9.9982E-05 0.206939 0.251273 0.0801233 0.350783 0.00989507 0.00234488 0.0984414 9.9982E-05
9.9982E-05 0.0569139 0.110161 0.295476 0.236187 0.0489655 9.9982E-05 0.210267 0.0418299
0.278617 0.169144 0.472371 9.9964E-05 0.00672655 9.9964E-05 9.9964E-05 0.0727409 9.9964E-05
9.9982E-05 0.230597 0.316928 9.9982E-05 0.159992 0.067992 0.0346461 0.112885 0.0767589
9.9991E-05 0.255084 0.402255 0.0370972 0.20887 0.0114698 0.0227556 0.0385265 0.0238416
0.0244343 9.9991E-05 0.0931003 0.480186 0.293718 0.0200379 0.0334248 0.0432934 0.0117054
9.9991E-05 0.150905 0.223187 0.336521 0.140658 0.0597914 0.0168424 0.0512149 0.0207806
0.024373 9.9982E-05 0.136482 0.45532 0.12927 0.0534136 9.9982E-05 0.096317 0.104625
9.9982E-05 0.196857 0.176864 0.193126 0.195377 9.9982E-05 0.00642093 0.160962 0.0701925
0.0517574 0.0250183 0.382839 0.285044 0.120121 9.9982E-05 9.9982E-05 0.010333 0.124686
0.0275489 9.9982E-05 0.240567 0.438911 0.216221 0.0486599 9.9982E-05 0.0195337 0.00835812
9.9973E-05 0.127256 0.309346 0.272165 0.187831 9.9973E-05 0.00331079 9.9973E-05 0.0997913
9.9982E-05 0.187484 0.027614 0.38345 0.015408 9.9982E-05 0.0172502 0.263053 0.105541
9.9982E-05 0.194387 0.249198 0.22849 0.0852174 0.0231061 9.9982E-05 0.202801 0.0166004
0.0337792 0.0419085 0.125814 9.9973E-05 0.355309 9.9973E-05 9.9973E-05 0.255902 0.186988
9.9973E-05 0.0446185 0.0146568 0.554054 0.182226 0.0759293 9.9973E-05 0.128215 9.9973E-05
9.9982E-05 0.0676728 0.0563491 0.529243 0.225445 0.0425862 9.9982E-05 0.0523714 0.0261319
0.0277088 9.9991E-05 0.127482 0.348458 0.200168 0.0320976 0.00888831 0.200514 0.0545824
9.9982E-05 0.0586991 0.286351 0.40231 0.0766221 0.0351827 9.9982E-05 0.0101906 0.130444
0.0349752 9.9982E-05 0.30694 0.0135758 0.484153 9.9982E-05 0.0432075 0.100257 0.0166918
9.9982E-05 0.105461 0.160369 0.366845 0.108377 9.9982E-05 0.00575679 0.119483 0.133509
0.132114 0.432375 0.166761 0.033851 0.131942 0.0369967 0.0325759 0.00447519 0.0289096
9.9982E-05 0.00397769 0.290166 0.247729 0.207123 0.137196 9.9982E-05 0.0750179 0.0385903
0.0659622 0.0111223 0.0159448 0.492574 0.247036 0.026312 0.0840185 0.0123568 0.0446734
0.102562 0.27063 0.459642 9.9991E-05 0.00020398 0.0478365 0.033495 0.0634684 0.022062
0.0126388 0.0804715 0.209113 0.255387 0.0939628 0.115248 9.9991E-05 0.108812 0.124267
9.9982E-05 0.289103 0.187825 0.2702 0.00114383 0.0190597 9.9982E-05 0.133529 0.0989396
9.9964E-05 9.9964E-05 0.0134389 0.192708 0.248286 9.9964E-05 9.9964E-05 0.316688 0.22848
9.9973E-05 0.181677 0.21235 0.362188 0.0994865 0.0274288 9.9973E-05 9.9973E-05 0.116569
9.9991E-05 0.0638856 0.253505 0.162604 0.249169 0.0652323 0.0841537 0.0478211 0.0735298
9.9973E-05 9.9973E-05 0.354308 0.324451 0.0663857 0.052598 9.9973E-05 0.0277344 0.174223
9.9982E-05 0.252395 0.00200251 0.341059 0.052603 0.0554528 9.9982E-05 0.172246 0.124042
9.9982E-05 9.9982E-05 0.0592108 0.316089 0.387433 0.0142494 0.0507638 0.0864537 0.0855996
9.9973E-05 0.225196 0.0450458 0.15549 0.41465 9.9973E-05 0.0343417 0.124977 9.9973E-05
9.9973E-05 0.169356 0.342074 0.240502 9.9973E-05 9.9973E-05 0.0618714 0.102156 0.0837405
9.9973E-05 0.326914 0.270644 0.203225 9.9973E-05 0.0265843 9.9973E-05 0.084155 0.0881781
0.767989 0.129643 9.9964E-05 0.000908647 9.9964E-05 0.0153243 9.9964E-05 9.9964E-05 0.0857357
9.9982E-05 0.0516264 0.290044 0.207881 0.147376 0.0972473 9.9982E-05 0.103891 0.101733
0.173238 0.0494197 0.371879 0.0203113 0.365028 0.0041004 0.0158226 9.9982E-05 9.9982E-05
