0.00517053 0.0723552 0.522663 0.152454 0.000592162 0.0852447 0.000717319 0.160703 9.9991E-05
0.0181199 0.0596251 0.542646 0.0134059 9.9991E-05 0.0910304 0.0608347 0.180175 0.0340627
0.0287584 9.9982E-05 0.159489 0.501228 9.9982E-05 0.109728 0.129535 0.0517045 0.0193557
0.170336 9.9964E-05 0.359993 0.250935 9.9964E-05 0.146895 0.0714418 9.9964E-05 9.9964E-05
0.0204131 0.0252287 0.389095 0.349547 9.9982E-05 0.129185 9.9982E-05 0.0780366 0.00829498
0.630843 0.0460914 9.9955E-05 0.204791 9.9955E-05 9.9955E-05 9.9955E-05 0.117775 9.9955E-05
9.9982E-05 0.0843821 0.481026 0.199478 0.0276545 0.0506671 9.9982E-05 0.106991 0.0496023
0.837542 0.0241092 9.9982E-05 9.9982E-05 0.0390852 0.0266975 0.00673142 0.0560102 0.00962455
9.9973E-05 0.0705557 0.229039 0.42744 9.9973E-05 0.0871051 9.9973E-05 0.122456 0.0631045
0.011642 9.9973E-05 0.319734 0.286711 9.9973E-05 0.286784 0.0391859 0.0556427 9.9973E-05
9.9964E-05 9.9964E-05 0.386642 0.434084 0.00737259 0.0779482 9.9964E-05 0.0935531 9.9964E-05
0.178644 0.0732333 0.226643 0.314189 9.9982E-05 0.0539396 9.9982E-05 0.148359 0.00479153
9.9955E-05 9.9955E-05 0.416147 0.213765 9.9955E-05 0.254613 9.9955E-05 9.9955E-05 0.114976
0.0168126 0.0233518 0.267181 0.443021 9.9991E-05 0.0177322 0.0275761 0.121861 0.0823633
0.602504 9.9973E-05 0.062562 0.0729531 0.0398133 9.9973E-05 9.9973E-05 0.186619 0.0352484
9.9973E-05 0.00364266 0.276797 0.296939 9.9973E-05 9.9973E-05 0.160322 0.174289 0.0877104
0.0483439 0.0672757 0.165912 0.285484 9.9964E-05 9.9964E-05 9.9964E-05 0.432585 9.9964E-05
9.9982E-05 0.00673945 0.384863 0.263709 0.0557766 0.15255 0.0869776 9.9982E-05 0.0491848
9.9973E-05 0.00880132 0.22747 0.395484 9.9973E-05 0.1485 9.9973E-05 0.149351 0.0700934
9.9973E-05 0.0490295 0.416363 0.224683 9.9973E-05 0.0460889 0.141617 0.121918 9.9973E-05
9.9955E-05 9.9955E-05 0.29534 0.505503 9.9955E-05 0.132569 9.9955E-05 9.9955E-05 0.0660889
0.0923309 0.0440795 0.35528 0.230179 9.9982E-05 0.165971 9.9982E-05 0.0480015 0.0639579
9.9973E-05 0.0769568 0.325723 0.438801 9.9973E-05 0.000315175 0.0633903 0.0945137 9.9973E-05
0.444596 9.9964E-05 0.0962545 0.0155375 9.9964E-05 9.9964E-05 9.9964E-05 0.442594 0.000618249
9.9982E-05 0.0191906 0.404138 0.0772854 9.9982E-05 0.267756 0.00385232 0.125009 0.102568
0.570109 0.0318045 0.171462 9.9982E-05 9.9982E-05 0.0394074 0.00867458 0.119543 0.0588
0.370467 0.0266363 0.0659527 0.174959 0.0155349 9.9991E-05 0.0374992 0.247443 0.0614082
0.288414 9.9973E-05 0.390418 0.207253 9.9973E-05 0.014559 9.9973E-05 0.058164 0.040892
0.576906 0.0072553 9.9955E-05 0.134012 9.9955E-05 9.9955E-05 9.9955E-05 0.281326 9.9955E-05
0.0853523 9.9973E-05 0.576805 0.301159 9.9973E-05 0.0313531 9.9973E-05 0.00463395 0.000396888
0.301544 0.0731914 0.233485 0.0346434 9.9982E-05 0.0698705 9.9982E-05 0.235066 0.0520001
0.00115744 9.9982E-05 0.203449 0.45393 0.050234 0.128361 0.0737577 9.9982E-05 0.0889103
0.104025 0.0390373 9.9982E-05 0.468418 9.9982E-05 0.0518817 0.114643 0.197696 0.0240984
0.799247 9.9955E-05 0.150715 9.9955E-05 0.0323628 9.9955E-05 0.0171755 9.9955E-05 9.9955E-05
0.792004 0.0310358 9.9964E-05 9.9964E-05 0.00660362 9.9964E-05 0.0589234 0.111034 9.9964E-05
0.0929595 0.00351715 0.208336 0.466326 9.9982E-05 0.11087 0.0609926 9.9982E-05 0.0567994
0.0685549 9.9973E-05 0.452777 0.237636 9.9973E-05 9.9973E-05 0.0497226 0.127856 0.0631539
9.999E-05 0.0430049 0.346724 0.220754 0.00238627 0.142173 0.102301 0.0803311 0.0622253
0.688588 9.9955E-05 0.0137052 9.9955E-05 9.9955E-05 0.260472 9.9955E-05 0.0367358 9.9955E-05
0.301993 0.0931445 0.0249387 0.142242 9.9982E-05 0.103952 0.0422892 0.291241 9.9982E-05
0.136903 9.9991E-05 0.0329984 0.405966 0.0382217 0.0297849 0.0177415 0.240218 0.0980665
9.9964E-05 9.9964E-05 0.0583159 0.727984 9.9964E-05 0.044062 9.9964E-05 0.103718 0.0655205
0.108423 0.0432085 0.421038 0.243532 9.9982E-05 9.9982E-05 0.0890071 0.0723537 0.0222374
0.540911 0.0332811 0.150049 0.00628894 9.9982E-05 0.0549241 0.11384 9.9982E-05 0.100506
9.9964E-05 9.9964E-05 0.232079 0.310181 0.0892596 0.176239 9.9964E-05 0.191842 9.9964E-05
9.9982E-05 0.00403529 0.315175 0.0501837 9.9982E-05 0.396989 0.121126 0.0506244 0.0616664
0.0312926 0.0821609 0.190886 0.382251 9.9991E-05 0.0323348 0.109746 0.153854 0.017375
9.9973E-05 0.0449154 0.0465239 0.557527 9.9973E-05 0.0745185 0.0498347 0.226381 9.9973E-05
0.0146722 0.0118551 0.266449 0.21914 9.9991E-05 0.154507 0.137968 0.103109 0.0922005
0.370394 0.0806646 9.9973E-05 0.073377 9.9973E-05 0.0634301 9.9973E-05 0.372298 0.0395369
9.9964E-05 0.0786947 0.380446 0.385289 9.9964E-05 0.0875889 0.067581 9.9964E-05 9.9964E-05
0.293912 0.0291731 0.224001 0.0813888 0.0426947 0.101305 9.9982E-05 0.227326 9.9982E-05
9.999E-05 0.0676801 0.252611 0.315166 0.0326873 0.19438 0.0162741 0.106551 0.0145506
0.73539 9.9955E-05 9.9955E-05 9.9955E-05 9.9955E-05 0.132774 9.9955E-05 0.112207 0.0191288
0.330555 0.00766833 0.0386204 0.399911 0.0283761 9.9982E-05 9.9982E-05 0.150228 0.0444409
9.9964E-05 0.0344713 0.460204 0.251035 9.9964E-05 0.200183 9.9964E-05 9.9964E-05 0.0537072
9.9982E-05 0.00707783 0.623894 0.10779 9.9982E-05 0.164517 0.00110675 0.0892505 0.00616416
0.101443 0.120746 0.220359 0.382951 9.9982E-05 9.9982E-05 0.0667098 0.0432696 0.0643213
0.145977 9.99639E-05 0.226975 0.0954387 9.99639E-05 9.99639E-05 9.99639E-05 0.505929 0.0252805
0.36214 9.9973E-05 0.185915 0.381585 9.9973E-05 0.0296503 9.9973E-05 0.0396403 0.000770256
0.747067 0.0525139 9.9991E-05 0.048219 0.00602953 0.0143693 0.0655003 0.00541889 0.060782
0.738104 9.9955E-05 9.9955E-05 9.9955E-05 9.9955E-05 0.00652515 0.0528834 0.201987 9.9955E-05
0.00750559 0.0198915 0.504678 0.210321 0.0268941 0.0653517 0.0187651 0.0762281 0.0703652
0.692344 9.9937E-05 9.9937E-05 9.9937E-05 9.9937E-05 9.9937E-05 9.9937E-05 0.306957 9.9937E-05
9.9973E-05 0.0701334 0.144159 0.430449 9.9973E-05 0.116712 9.9973E-05 0.215957 0.0222916
0.75018 9.9955E-05 0.0826032 9.9955E-05 9.9955E-05 0.123129 9.9955E-05 9.9955E-05 0.0435875
9.9964E-05 0.073529 0.433829 0.345831 9.9964E-05 9.9964E-05 0.00770874 9.9964E-05 0.138702
0.108148 0.0681788 0.228085 0.253891 9.9991E-05 0.0559106 0.0469349 0.234982 0.00376898
9.9982E-05 0.0544932 0.517654 0.0950812 9.9982E-05 0.092742 0.0476111 0.140521 0.0516976
0.664977 0.0290755 9.9973E-05 0.118165 0.0171882 0.0712618 9.9973E-05 0.099033 9.9973E-05
9.9964E-05 0.120678 0.555103 9.9964E-05 9.9964E-05 9.9964E-05 0.00952373 0.271632 0.0426631
0.00363821 0.0489213 0.45394 0.177017 9.9991E-05 0.17679 0.0249057 0.0555764 0.059111
0.265792 0.00866796 0.294187 0.263348 9.9982E-05 0.114542 9.9982E-05 0.0229987 0.0302647
9.9973E-05 0.0607394 0.074654 0.365185 9.9973E-05 0.301843 9.9973E-05 0.180235 0.0170439
0.0518583 0.0798596 0.280335 0.169304 9.9991E-05 0.193384 0.105833 0.0640294 0.055297
0.356372 9.9964E-05 0.339817 9.9964E-05 9.9964E-05 0.177737 9.9964E-05 0.0337048 0.0919697
0.027018 0.0221943 0.392917 0.376992 9.9982E-05 0.0886159 0.0659903 0.0260721 9.9982E-05
0.0644957 9.9973E-05 0.248258 0.177816 9.9973E-05 9.9973E-05 0.186041 0.316101 0.00698852
0.0731829 0.00230239 0.00936812 0.422204 9.9991E-05 0.209246 0.103236 0.128266 0.0520948
9.9973E-05 0.083216 0.315812 0.35115 9.9973E-05 0.112988 9.9973E-05 0.0250471 0.111486
9.9982E-05 0.080488 0.111977 0.313152 9.9982E-05 0.345714 0.0172475 0.110518 0.0207027
9.9982E-05 0.0165996 0.0969936 0.68113 0.00299737 0.034738 0.076983 9.9982E-05 0.0903588
0.0234699 0.0685684 0.486409 0.201471 9.9991E-05 0.0661059 0.000316233 0.130234 0.023325
9.9964E-05 9.9964E-05 0.420219 0.202994 9.9964E-05 0.125672 9.9964E-05 0.198408 0.052307
9.9946E-05 9.9946E-05 0.451632 0.508635 9.9946E-05 0.0391331 9.9946E-05 9.9946E-05 9.9946E-05
0.081373 0.0493514 0.378106 0.162225 9.9982E-05 9.9982E-05 0.0021839 0.224586 0.101975
0.283508 0.0229 0.129215 0.322541 9.9991E-05 0.0329578 0.124492 0.0678165 0.0164704
0.160665 9.9973E-05 0.0123018 0.521435 0.00854355 0.117543 9.9973E-05 0.179211 9.9973E-05
0.734563 0.0397557 9.99551E-05 9.99551E-05 9.99551E-05 9.99551E-05 0.0420742 9.99551E-05 0.183107
0.243021 0.0113027 0.144754 0.377536 9.9982E-05 0.0813962 0.117428 0.0243625 9.9982E-05
9.9973E-05 0.00571494 9.9973E-05 0.277981 9.9973E-05 0.336151 0.182489 0.137061 0.0603028
0.47443 9.9973E-05 9.9973E-05 0.0249896 9.9973E-05 0.195887 0.0364591 0.197734 0.0702001
9.9982E-05 0.0161825 0.378571 0.29505 9.9982E-05 0.124257 0.0458911 0.128658 0.0111912
0.214904 9.9964E-05 0.419654 0.293656 9.9964E-05 0.0182242 9.9964E-05 0.0531625 9.9964E-05
0.372809 0.0429413 0.157798 0.0532429 9.9964E-05 9.9964E-05 9.9964E-05 0.372809 9.9964E-05
0.743736 0.117573 9.9955E-05 9.9955E-05 9.9955E-05 9.9955E-05 9.9955E-05 0.120087 0.0181048
0.0833361 0.0302426 0.269571 0.218857 9.9991E-05 0.262647 0.0324509 0.0730152 0.0297798
9.9973E-05 9.9973E-05 0.28611 0.217685 0.0635516 0.0366121 9.9973E-05 0.336419 0.0593227
9.9982E-05 0.00870815 0.449586 0.0243298 9.9982E-05 0.136438 0.0465909 0.285204 0.0489437
0.222891 0.0655952 0.431469 0.277484 9.9964E-05 9.9964E-05 9.9964E-05 9.9964E-05 0.0021607
0.318114 9.9982E-05 0.012222 0.110862 9.9982E-05 0.0750084 0.0168856 0.321139 0.145569
0.125831 9.9964E-05 0.361337 0.389336 9.9964E-05 0.0557435 0.0673529 9.9964E-05 9.9964E-05
9.9973E-05 9.9973E-05 0.238434 0.244301 9.9973E-05 0.25396 0.143616 0.0763484 0.0430417
9.9973E-05 0.126062 0.594417 0.152053 9.9973E-05 0.0448328 9.9973E-05 0.071769 0.0105654
9.9973E-05 9.9973E-05 0.37654 0.16953 9.9973E-05 0.298943 0.0865747 0.0203642 0.0477481
0.693152 0.0110883 9.9973E-05 0.140221 9.9973E-05 0.0399039 0.0301581 0.0851763 9.9973E-05
0.343793 0.0498099 0.127534 0.0495297 0.0370848 9.9982E-05 0.0252396 0.366809 9.9982E-05
9.9964E-05 9.9964E-05 0.441559 0.203095 9.9964E-05 0.0681269 0.010399 0.27642 9.9964E-05
9.9964E-05 9.9964E-05 0.519075 0.127438 0.0297457 9.9964E-05 9.9964E-05 0.213769 0.109572
0.00782921 0.0632756 0.466774 0.328898 9.9973E-05 9.9973E-05 0.0787093 9.9973E-05 0.0542134
0.342527 9.9964E-05 9.9964E-05 0.404023 9.9964E-05 0.0279745 9.9964E-05 0.221733 0.00334276
0.834615 9.9946E-05 0.0134692 9.9946E-05 9.9946E-05 9.9946E-05 9.9946E-05 0.151316 9.9946E-05
0.334059 0.00134209 9.9973E-05 0.3893 9.9973E-05 9.9973E-05 0.0341254 0.235348 0.00552554
9.9973E-05 0.0178725 0.370942 0.39886 0.011031 0.0952862 0.105708 9.9973E-05 9.9973E-05
0.0775822 0.0323964 0.662134 9.9982E-05 9.9982E-05 0.0704462 0.00656475 0.0961337 0.0545427
0.0332527 0.00445609 0.523439 0.16217 0.0789957 0.192934 9.9982E-05 9.9982E-05 0.00455268
9.9973E-05 0.0641375 0.665956 0.19155 9.9973E-05 9.9973E-05 0.0382395 0.00746289 0.0323535
0.764872 9.9955E-05 9.9955E-05 9.9955E-05 0.0144138 9.9955E-05 9.9955E-05 0.163357 0.056858
0.00340406 0.0861154 0.542143 0.290769 0.0278051 0.0100113 9.9982E-05 9.9982E-05 0.0395518
9.9973E-05 9.9973E-05 0.496895 0.26296 0.0129944 0.0353603 0.122721 0.0687693 9.9973E-05
0.0986136 9.9973E-05 0.403361 0.1861 9.9973E-05 0.172963 0.0459515 9.9973E-05 0.0927108
0.498044 0.0344469 9.9964E-05 0.31598 9.9964E-05 9.9964E-05 9.9964E-05 0.131358 0.019771
9.9973E-05 0.0302609 0.216922 0.56669 9.9973E-05 9.9973E-05 0.124936 0.0293192 0.0315719
0.0697691 9.9973E-05 0.283884 0.429065 0.0809655 0.0589218 0.077095 9.9973E-05 9.9973E-05
9.9973E-05 9.9973E-05 0.549563 0.226672 0.0242163 0.126225 0.0416359 9.9973E-05 0.0313879
0.0265587 0.116899 0.38805 0.221456 9.9982E-05 0.0660132 9.9982E-05 0.149442 0.0313809
0.506092 0.0646585 0.197312 0.0265305 9.9973E-05 9.9973E-05 9.9973E-05 0.0730117 0.132096
0.811671 0.0263323 9.9964E-05 9.9964E-05 0.00469691 9.9964E-05 9.9964E-05 0.142452 0.0144477
9.9982E-05 9.9982E-05 0.250121 0.271471 0.00397807 0.0673632 0.127285 0.243407 0.0361739
0.0318614 0.0431735 0.411645 0.063683 9.9982E-05 0.35178 0.0640107 9.9982E-05 0.033646
9.9982E-05 0.00926236 0.325005 0.330448 9.9982E-05 0.211281 0.0527006 0.022625 0.0484782
9.9973E-05 0.0492194 9.9973E-05 0.548808 9.9973E-05 0.285604 0.000390068 0.0709293 0.0447487
0.370741 0.0225107 0.104159 0.389751 9.9973E-05 0.0400385 9.9973E-05 0.0725 9.9973E-05
0.00343225 0.055348 0.295013 0.33868 0.155165 9.9982E-05 9.9982E-05 0.126547 0.0256149
0.206908 0.018187 0.291795 0.2229 9.9982E-05 0.119361 0.0932155 0.0474331 9.9982E-05
9.99369E-05 9.99369E-05 9.99369E-05 9.99369E-05 9.99369E-05 9.99369E-05 0.860788 0.138513 9.99369E-05
0.48773 9.9991E-05 0.0924188 0.0905091 0.0493909 0.0889329 0.0139197 0.161768 0.0152309
0.274497 0.0353089 0.236304 0.297648 0.0586712 9.9982E-05 9.9982E-05 0.0700423 0.0273287
9.99369E-05 9.99369E-05 9.99369E-05 9.99369E-05 9.99369E-05 9.99369E-05 0.861088 0.138213 9.99369E-05
0.481078 0.105482 0.0389213 0.00445754 9.9991E-05 0.0398817 0.105351 0.222632 0.00209575
0.172235 9.9973E-05 0.478743 0.26939 9.9973E-05 9.9973E-05 0.00293228 0.0596377 0.0167628
0.334875 0.126724 9.9973E-05 0.365759 9.9973E-05 0.127772 0.0101689 0.0344004 9.9973E-05
0.210763 0.022891 9.9964E-05 0.433048 9.9964E-05 0.22889 9.9964E-05 9.9964E-05 0.104009
0.0208252 9.9973E-05 9.9973E-05 0.4374 0.02087 9.9973E-05 0.0656972 0.350773 0.104134
0.632217 0.0638795 9.9982E-05 0.126987 9.9982E-05 0.00613519 0.0204155 0.107292 0.0428741
0.222566 9.9982E-05 0.37944 0.133361 0.0812459 9.9982E-05 0.0638467 0.0300316 0.0893094
0.143005 0.0343 0.146985 0.219782 9.9973E-05 9.9973E-05 0.135511 0.320117 9.9973E-05
9.9982E-05 0.0949545 0.346484 0.145433 9.9982E-05 0.203419 0.090562 0.0413756 0.0775727
9.9964E-05 0.0654308 0.7094 9.9964E-05 9.9964E-05 0.197349 0.00832636 9.9964E-05 0.0190943
9.9982E-05 0.0497271 0.285957 0.228536 0.0335317 0.314366 0.0695463 0.0181359 9.9982E-05
0.0214729 9.9982E-05 0.0669284 0.598321 9.9982E-05 0.143582 0.0577639 0.072185 0.0395462
0.284037 0.0749852 0.231797 0.325673 9.9964E-05 0.0831083 9.9964E-05 9.9964E-05 9.9964E-05
0.639905 0.00263505 0.0346838 0.234196 9.9964E-05 9.9964E-05 9.9964E-05 9.9964E-05 0.0881803
0.259036 9.9982E-05 0.069456 0.185369 9.9982E-05 0.194262 0.0135971 0.229529 0.04855
9.9964E-05 9.9964E-05 9.9964E-05 0.205026 9.9964E-05 0.389668 0.169081 0.146383 0.0894412
9.9991E-05 0.0150482 0.159199 0.34753 0.0188643 0.0827295 0.0946224 0.191743 0.0901637
0.689576 9.9946E-05 9.9946E-05 9.9946E-05 9.9946E-05 0.118965 9.9946E-05 0.190859 9.9946E-05
9.9982E-05 0.0402385 0.267659 0.330513 9.9982E-05 0.0738815 0.172522 0.0640047 0.0509813
9.9973E-05 0.0535707 0.260341 0.244188 9.9973E-05 0.159097 9.9973E-05 0.175101 0.107402
0.156829 0.0937974 0.488835 0.183203 9.9982E-05 9.9982E-05 0.0144952 0.00790747 0.0547324
9.9982E-05 0.0139064 0.16975 0.331907 9.9982E-05 0.250221 0.0563462 0.134485 0.0431842
0.0190354 0.0667595 9.9982E-05 0.337738 9.9982E-05 0.00440691 0.0547005 0.37689 0.14027
0.0600334 0.126467 0.14392 0.259923 9.9982E-05 0.15461 0.207547 0.0472992 9.9982E-05
0.0202633 0.0837045 0.383712 0.0719248 9.9991E-05 0.190272 0.130284 0.0637351 0.0560046
9.9982E-05 9.9982E-05 0.465436 0.197914 0.012859 0.163725 0.10276 0.0487591 0.00834677
9.9973E-05 0.0654115 0.741216 0.102117 0.0696996 9.9973E-05 0.00797832 9.9973E-05 0.0132773
0.0973614 0.00475696 9.9982E-05 0.193997 9.9982E-05 0.41804 0.0809596 0.083091 0.121595
0.44062 9.9973E-05 0.0783729 0.121974 9.9973E-05 9.9973E-05 0.0562803 0.286426 0.0160268
0.171463 9.9973E-05 0.00379135 0.306485 9.9973E-05 0.112435 0.103851 0.301675 9.9973E-05
9.9982E-05 9.9982E-05 0.054649 0.260612 0.00758873 0.187303 0.201571 0.282215 0.00586141
0.0592723 0.0986945 0.328209 0.143048 0.044919 9.9991E-05 0.048454 0.262339 0.0149634
0.0257291 0.0702767 0.232456 0.362072 9.9973E-05 9.9973E-05 9.9973E-05 0.306969 0.00219771
0.801821 9.9946E-05 9.9946E-05 9.9946E-05 9.9946E-05 9.9946E-05 9.9946E-05 0.186834 0.0107461
0.0491754 0.0775346 0.0993032 0.613209 9.9991E-05 0.0565534 0.0503456 0.0181941 0.035585
0.12515 9.9964E-05 0.210589 9.9964E-05 9.9964E-05 9.9964E-05 0.016723 0.627141 0.0199968
9.9991E-05 0.0651813 0.242859 0.0891234 0.0259569 0.053636 0.151267 0.356253 0.0156242
0.147733 0.00897509 0.157054 0.398663 9.9973E-05 0.141813 9.9973E-05 0.145462 9.9973E-05
0.523098 9.9982E-05 0.0791791 0.214008 0.0101866 9.9982E-05 0.0642555 0.0289735 0.0800997
0.331374 0.0454347 0.243011 0.0416688 9.9991E-05 0.0223955 0.059683 0.22563 0.0307033
0.50651 0.109121 0.211955 0.171914 9.9955E-05 9.9955E-05 9.9955E-05 9.9955E-05 9.9955E-05
9.9964E-05 9.9964E-05 0.310228 0.51496 9.9964E-05 0.0421475 9.9964E-05 0.0961019 0.0361629
0.73345 0.0155321 9.9955E-05 0.10879 9.9955E-05 9.9955E-05 0.141728 9.9955E-05 9.9955E-05
0.369974 9.9982E-05 0.209218 0.254057 9.9982E-05 0.0310512 0.0564156 0.0784738 0.000609817
9.9973E-05 0.077544 0.147237 0.41443 9.9973E-05 0.238559 9.9973E-05 0.00733659 0.114594
0.978449 0.0106848 9.99461E-05 9.99461E-05 9.99461E-05 9.99461E-05 0.0102661 9.99461E-05 9.99461E-05
0.373566 0.0136813 9.9964E-05 0.276721 9.9964E-05 9.9964E-05 9.9964E-05 0.259955 0.0756772
0.00624769 0.0120785 0.29399 0.23734 9.9982E-05 0.12227 9.9982E-05 0.30559 0.0222835
0.320122 9.9973E-05 0.0192078 0.264949 9.9973E-05 0.112697 9.9973E-05 0.270842 0.0118824
0.125864 9.9982E-05 0.533188 0.135335 9.9982E-05 0.0334476 0.00276038 0.11172 0.0574852
9.9973E-05 0.0410326 0.173008 0.584021 0.0129058 0.118057 0.0706752 9.9973E-05 9.9973E-05
0.248554 9.9973E-05 0.153212 0.209624 9.9973E-05 0.240353 9.9973E-05 0.0936009 0.0543562
9.9964E-05 0.046942 0.44225 0.313195 9.9964E-05 0.0749522 9.9964E-05 0.122261 9.9964E-05
9.9964E-05 9.9964E-05 0.500603 0.394488 9.9964E-05 9.9964E-05 0.0234171 0.0174082 0.063684
0.00708464 0.110405 0.345418 0.281929 0.0226927 9.9991E-05 0.147754 0.0295312 0.0550858
0.14866 0.0477948 0.0424055 0.22669 9.9991E-05 0.145909 0.0802024 0.26392 0.0443187
0.227602 0.0102375 0.362164 0.252736 9.9982E-05 0.0737528 0.0297266 9.9982E-05 0.0435805
9.9991E-05 0.0457954 0.333362 0.295603 0.0798434 0.0958518 0.082866 0.0456155 0.0209625
0.105133 9.9973E-05 0.342304 0.351094 9.9973E-05 0.137695 9.9973E-05 0.027186 0.0362886
9.9991E-05 0.0694452 0.106497 0.218444 0.0237499 0.182576 0.142875 0.176326 0.0799863
9.9973E-05 0.0221892 0.0992991 0.429067 9.9973E-05 0.255105 0.13854 0.0554993 9.9973E-05
0.215038 9.9982E-05 0.103348 0.237764 9.9982E-05 0.116765 0.0712688 0.206076 0.0495406
9.9955E-05 9.9955E-05 0.545555 0.292691 9.9955E-05 0.128286 0.0329685 9.9955E-05 9.9955E-05
9.9973E-05 0.078698 0.166002 0.383229 9.9973E-05 0.101466 0.0686896 0.201615 9.9973E-05
0.022614 9.9973E-05 0.0991292 0.289164 0.0367289 0.372119 0.179945 9.9973E-05 9.9973E-05
9.9982E-05 0.0851278 0.128372 0.0186796 0.0938058 0.486517 9.9982E-05 0.141946 0.0453514
0.215326 9.9982E-05 0.087446 0.109438 9.9982E-05 0.166479 0.14151 0.214569 0.0650322
9.9973E-05 0.0757741 0.426828 0.322868 0.0212832 0.127004 9.9973E-05 9.9973E-05 0.0259433
0.0956458 0.0348547 9.9973E-05 0.484549 9.9973E-05 0.0671467 0.0759693 0.241534 9.9973E-05
9.9982E-05 0.0495103 0.317817 0.355447 0.00589064 9.9982E-05 0.0534488 0.0630597 0.154627
9.9964E-05 0.00157229 0.554302 0.225936 0.041933 0.175857 9.9964E-05 9.9964E-05 9.9964E-05
9.9982E-05 0.0128045 0.171388 0.397763 0.054372 0.221445 9.9982E-05 0.0978715 0.0441556
0.263623 0.114371 0.167442 0.0681781 9.9973E-05 0.157277 9.9973E-05 0.228809 9.9973E-05
0.293655 9.9955E-05 0.0283843 0.358626 9.9955E-05 9.9955E-05 9.9955E-05 0.318836 9.9955E-05
9.9946E-05 9.9946E-05 0.59172 0.354323 9.9946E-05 9.9946E-05 9.9946E-05 9.9946E-05 0.0533568
0.0206671 0.00938305 0.593644 0.0708581 0.0609573 0.0507505 0.16882 9.9991E-05 0.0248199
9.9964E-05 0.0435605 0.254636 0.352961 9.9964E-05 0.260625 9.9964E-05 9.9964E-05 0.0878177
9.9964E-05 0.000937976 0.191445 0.243957 9.9964E-05 0.461034 9.9964E-05 0.102225 9.9964E-05
0.214195 0.0297844 9.9973E-05 0.199867 9.9973E-05 9.9973E-05 0.206962 0.336415 0.0124765
0.103564 0.0179613 9.9982E-05 0.450803 9.9982E-05 0.244048 0.0464641 0.110511 0.0264485
9.9973E-05 0.0471109 0.347409 0.177965 0.136383 0.139124 9.9973E-05 0.151709 9.9973E-05
0.416942 0.0299497 9.9982E-05 0.059567 9.9982E-05 0.093934 0.0458723 0.232501 0.121034
0.173256 0.0441829 0.419774 0.241927 9.9973E-05 9.9973E-05 0.0114089 9.9973E-05 0.10915
0.0675523 0.0391886 0.0932367 0.372767 0.149617 9.9991E-05 0.0113477 0.262147 0.00404317
0.682061 0.062147 9.9982E-05 0.111313 9.9982E-05 0.0304343 0.0526297 0.0336854 0.0275303
9.9973E-05 0.0911395 9.9973E-05 0.431626 9.9973E-05 0.206832 0.0212475 0.19481 0.0540443
0.0122724 0.0722284 0.254655 0.2373 9.9991E-05 0.100373 0.0423626 0.192858 0.0878502
0.0180375 9.9973E-05 0.437742 0.439488 9.9973E-05 9.9973E-05 0.0085497 0.0349408 0.0609428
9.9973E-05 0.116346 0.352819 0.376393 9.9973E-05 0.0873887 0.02449 9.9973E-05 0.0422639
9.9982E-05 0.0788377 0.202959 0.222785 0.0498576 0.109793 0.0178491 0.317719 9.9982E-05
9.9973E-05 0.0205581 0.261102 0.477961 9.9973E-05 9.9973E-05 0.0942156 0.120936 0.0249272
9.9973E-05 0.0357492 0.405094 0.376922 9.9973E-05 0.0239321 0.0626958 9.9973E-05 0.0953071
9.9964E-05 0.0977971 0.655775 0.147506 9.9964E-05 9.9964E-05 0.0471416 0.0513803 9.9964E-05
0.0989479 0.00738023 0.219228 0.150259 9.9991E-05 0.118065 0.111761 0.12435 0.16991
9.9982E-05 0.106879 0.515787 0.178742 9.9982E-05 0.0875008 0.0625372 0.0473681 0.000986759
9.9964E-05 9.9964E-05 0.494362 0.0603464 9.9964E-05 0.137355 0.116886 0.190651 9.9964E-05
9.9973E-05 9.9973E-05 0.112408 0.225748 9.9973E-05 0.0079025 0.0660245 0.578881 0.00873613
9.9973E-05 0.0513042 0.409567 0.215957 9.9973E-05 0.15991 0.0151938 0.147768 9.9973E-05
9.9973E-05 0.087544 0.379924 0.380295 9.9973E-05 9.9973E-05 0.00422223 0.0973837 0.0503312
0.25497 0.0526779 0.169942 0.255379 9.9982E-05 9.9982E-05 0.0028435 0.138346 0.125641
0.209195 0.065529 0.198198 0.182892 9.9982E-05 0.00361531 9.9982E-05 0.289364 0.0510057
0.0124433 0.0326161 0.25195 0.531146 9.9973E-05 0.145793 0.025751 9.9973E-05 9.9973E-05
0.434169 0.0916745 0.127088 0.042185 9.9982E-05 0.171073 9.9982E-05 0.0714465 0.0621639
9.9982E-05 0.00735031 0.216547 0.497323 0.0167116 0.10106 0.136424 9.9982E-05 0.0243849
0.253895 9.9955E-05 0.290824 0.298456 9.9955E-05 9.9955E-05 9.9955E-05 0.156324 9.9955E-05
0.0164488 0.0511428 0.44318 0.391253 0.0608964 0.0300374 0.00684181 9.9982E-05 9.9982E-05
0.0184098 0.0600288 9.9964E-05 0.19458 9.9964E-05 0.143866 9.9964E-05 0.582715 9.9964E-05
0.254749 0.0692381 0.104876 0.341991 0.047853 9.9982E-05 0.0370545 0.144038 9.9982E-05
0.354203 9.9964E-05 0.326522 9.9964E-05 9.9964E-05 9.9964E-05 0.0222283 0.22239 0.0742566
9.9964E-05 9.9964E-05 0.0957665 0.659552 9.9964E-05 0.120531 9.9964E-05 0.0260026 0.0977483
9.9982E-05 0.0499829 0.41102 0.215289 9.9982E-05 0.147873 0.0523477 0.105964 0.0173232
0.21195 0.0736228 0.350546 0.150003 9.9973E-05 9.9973E-05 9.9973E-05 0.204175 0.00940287
0.00668451 0.0424903 0.412549 0.173965 9.9973E-05 0.266397 9.9973E-05 0.0976138 9.9973E-05
9.9964E-05 9.9964E-05 0.356341 0.480783 0.103747 0.0216633 9.9964E-05 9.9964E-05 0.0370662
0.758473 0.0679777 0.0352123 0.0178054 9.9973E-05 9.9973E-05 9.9973E-05 0.0333376 0.0868937
9.9982E-05 9.9982E-05 0.417008 0.301909 0.0234823 0.00858932 0.0182954 0.208905 0.0216105
9.9955E-05 9.9955E-05 0.229387 0.639942 9.9955E-05 0.118516 9.9955E-05 9.9955E-05 0.0116553
9.9955E-05 9.9955E-05 0.32033 0.529172 9.9955E-05 9.9955E-05 0.0328466 9.9955E-05 0.117152
0.0473971 0.0460133 0.398034 0.346705 9.9982E-05 0.0237553 0.0938881 9.9982E-05 0.0440073
0.0188868 0.0174601 0.652366 0.0998943 9.9991E-05 0.0502915 0.00329064 0.118014 0.0396965
9.9973E-05 9.9973E-05 0.300517 0.417235 9.9973E-05 0.166925 0.0303435 0.0657213 0.018958
0.0115021 9.9973E-05 0.454073 0.354399 0.00618345 9.9973E-05 0.0904576 9.9973E-05 0.0830848
0.0512479 0.0433679 0.471092 0.145632 9.9982E-05 0.03759 9.9982E-05 0.203225 0.0476449
0.400717 9.9991E-05 0.0449317 0.0845995 0.0291714 0.127811 0.00582559 0.291805 0.0150387
9.9973E-05 0.0101358 0.408199 0.469935 9.9973E-05 0.0407241 0.0106689 0.0600372 9.9973E-05
9.9982E-05 0.0312937 0.775055 0.0471428 9.9982E-05 0.104343 0.00837755 0.0100112 0.0235759
0.136273 0.0461466 0.188305 0.250835 9.9991E-05 0.149813 0.0721418 0.136582 0.0198037
0.385161 0.0386655 0.348397 0.0378847 9.9991E-05 0.016634 0.041572 0.11648 0.0151052
9.9991E-05 0.0116354 0.565474 0.0664004 0.115668 0.164145 0.0255244 0.0470055 0.00404664
0.157098 9.9973E-05 0.127871 0.475927 9.9973E-05 9.9973E-05 0.0650086 0.152496 0.0212996
9.9955E-05 9.9955E-05 0.310105 0.362974 9.9955E-05 0.268239 9.9955E-05 9.9955E-05 0.0581826
0.257358 0.0297018 0.0193467 0.310752 9.9982E-05 0.13533 9.9982E-05 0.228812 0.0184986
0.0712221 9.9991E-05 0.17931 0.459813 0.0931534 0.0509913 0.00634537 0.0995855 0.0394794
0.314542 9.9973E-05 0.144844 0.0736824 9.9973E-05 0.0266146 9.9973E-05 0.406271 0.0337467
0.222901 9.9973E-05 0.571441 0.084212 9.9973E-05 0.0081259 9.9973E-05 0.070441 0.042579
0.0283691 0.0708617 0.352187 0.074286 0.0644442 0.0207095 0.169284 0.204436 0.0154234
0.235983 0.045572 0.398392 0.199266 0.0629731 9.9982E-05 0.0456607 0.0119532 9.9982E-05
9.9982E-05 0.080878 0.319317 0.282906 9.9982E-05 0.158122 0.0260026 0.113659 0.018915
0.0129988 0.00643032 0.642685 0.14107 9.9982E-05 9.9982E-05 0.115876 0.0160558 0.0646835
9.9982E-05 0.0515877 0.18779 0.378194 9.9982E-05 0.0688149 0.13233 0.16743 0.0136523
0.197101 0.0599988 0.233442 0.168742 9.9973E-05 9.9973E-05 0.167444 0.172972 9.9973E-05
9.9964E-05 9.9964E-05 0.178804 0.448327 0.000206052 0.0738814 9.9964E-05 0.298382 9.9964E-05
9.9982E-05 9.9982E-05 0.201038 0.355886 0.0196975 0.129169 0.105423 0.0949702 0.0936167
0.00103792 0.039989 0.64622 0.128932 0.0248551 0.0538968 9.9991E-05 0.0838041 0.0211656
0.470891 9.9982E-05 0.152399 0.060106 0.0478302 0.150809 9.9982E-05 0.103963 0.0138024
0.810799 0.0668911 9.9955E-05 0.0516061 9.9955E-05 0.0702041 9.9955E-05 9.9955E-05 9.9955E-05
0.0627771 9.9991E-05 0.3874 0.301201 0.0533605 0.0517814 0.0493427 0.0889983 0.0050387
0.0915118 0.000637897 0.372231 0.176473 0.0906803 0.171542 9.9991E-05 0.0574823 0.0393422
9.9982E-05 0.0436833 0.0122073 0.395174 9.9982E-05 0.19756 0.0123377 0.268244 0.0705929
0.119389 9.9982E-05 0.0145079 0.522797 9.9982E-05 0.151273 0.0189335 0.15109 0.02181
0.228094 0.0808901 0.0955884 0.526985 9.9964E-05 9.9964E-05 0.068043 9.9964E-05 9.9964E-05
0.124195 0.0344101 0.445504 0.0429713 9.9982E-05 0.279964 0.0630493 9.9982E-05 0.00970585
9.9982E-05 0.0855068 0.296405 0.269507 9.9982E-05 0.12844 0.181912 0.021922 0.0161065
0.0741091 0.0035105 0.436522 0.231829 0.0499085 0.171984 0.0149589 0.000652767 0.0165248
9.9964E-05 9.9964E-05 0.275941 0.383738 9.9964E-05 0.168462 0.025879 9.9964E-05 0.14558
9.9964E-05 9.9964E-05 0.322994 0.442675 0.0366235 9.9964E-05 0.167673 9.9964E-05 0.0296344
9.9973E-05 0.0254212 0.471276 0.348349 9.9973E-05 0.0578026 0.0113678 0.0854834 9.9973E-05
9.9973E-05 0.0186506 0.468736 0.233451 9.9973E-05 0.0547645 9.9973E-05 0.149288 0.0748105
9.9973E-05 0.0400045 0.282813 0.183125 9.9973E-05 0.055608 0.0719184 0.366232 9.9973E-05
9.9955E-05 9.9955E-05 0.34897 0.421428 0.145746 0.083356 9.9955E-05 9.9955E-05 9.9955E-05
0.0512451 0.0119805 0.610205 0.0116788 9.9982E-05 0.145753 0.049666 0.119272 9.9982E-05
9.9991E-05 0.0225491 0.244101 0.273248 0.0959272 0.122279 0.0831921 0.0974333 0.0611703
9.9973E-05 9.9973E-05 0.144504 0.663021 9.9973E-05 0.0270145 0.0672601 0.044251 0.0536494
0.116652 9.9982E-05 0.371707 0.213401 0.0430945 0.109173 0.0681563 9.9982E-05 0.0776172
0.544574 0.0280489 0.341672 9.9973E-05 0.0404167 9.9973E-05 0.0157774 9.9973E-05 0.0292116
0.313381 9.9973E-05 0.162017 0.137478 9.9973E-05 0.0835467 9.9973E-05 0.233394 0.0698833
0.746948 9.9955E-05 0.073024 9.9955E-05 0.104037 9.9955E-05 9.9955E-05 9.9955E-05 0.075492
9.9964E-05 9.9964E-05 0.410706 0.315872 9.9964E-05 0.164917 0.097508 0.0105971 9.9964E-05
0.659088 9.9946E-05 0.23601 9.9946E-05 9.9946E-05 9.9946E-05 9.9946E-05 9.9946E-05 0.104302
0.68916 0.0347292 9.9964E-05 0.116598 9.9964E-05 0.0982908 0.0608218 9.9964E-05 9.9964E-05
0.0215706 0.0159956 0.0678574 0.525406 9.9982E-05 0.259482 0.052922 9.9982E-05 0.0565658
9.9982E-05 0.0477559 0.417686 0.26436 0.026981 0.150828 0.0555713 9.9982E-05 0.036617
9.9982E-05 0.0153725 0.469087 0.119434 0.0816129 0.214515 9.9982E-05 0.0894019 0.0103776
0.645736 9.9955E-05 0.00459842 0.142728 9.9955E-05 9.9955E-05 9.9955E-05 0.206438 9.9955E-05
9.9964E-05 0.0572223 0.535945 0.302359 9.9964E-05 0.0640454 0.0400279 9.9964E-05 9.9964E-05
0.228029 0.115515 9.9964E-05 0.167019 9.9964E-05 9.9964E-05 9.9964E-05 0.450711 0.0383262
0.0274836 9.9964E-05 0.478233 0.0265303 9.9964E-05 0.247737 0.219616 9.9964E-05 9.9964E-05
0.739854 9.9955E-05 9.9955E-05 0.0449699 9.9955E-05 9.9955E-05 0.119525 9.9955E-05 0.0951506
0.00404028 0.0246628 0.0784721 0.373616 0.0197429 0.0734732 9.9991E-05 0.395893 0.0299999
9.9964E-05 0.0532674 0.447673 0.465585 9.9964E-05 9.9964E-05 0.0280569 0.00501774 9.9964E-05
9.9973E-05 0.0317828 0.534549 0.288284 9.9973E-05 0.112403 0.00920584 0.0234753 9.9973E-05
9.9964E-05 9.9964E-05 0.166228 0.416196 9.9964E-05 0.240113 9.9964E-05 0.152038 0.0250246
0.66655 0.0431072 0.101272 0.0219523 0.0108613 9.9982E-05 9.9982E-05 0.148594 0.0074636
0.173239 0.0511922 0.149688 0.395119 9.9991E-05 0.0991511 0.021513 0.0650223 0.0449747
0.182241 0.0464985 9.9982E-05 0.178361 0.0579732 9.9982E-05 0.0694061 0.43054 0.0347811
9.9982E-05 0.0271199 0.274536 0.177959 9.9982E-05 0.160271 0.12894 0.212624 0.0183508
0.674377 9.9973E-05 9.9973E-05 0.151652 9.9973E-05 0.0372288 0.0627601 0.0609639 0.0127186
0.0934606 0.0153695 0.202562 0.281493 0.146298 0.162437 9.9982E-05 9.9982E-05 0.0981792
0.252031 0.0112461 9.9982E-05 0.422539 9.9982E-05 0.0701015 0.0322572 0.125113 0.0865117
0.000811432 9.9982E-05 0.251934 0.34153 0.0575191 0.254185 0.0556802 0.038139 9.9982E-05
0.145709 0.110104 0.00755022 0.345972 9.9991E-05 0.0467545 0.0602187 0.21654 0.0670516
0.506099 9.9973E-05 0.216614 9.9973E-05 0.0564491 0.0328368 9.9973E-05 0.13487 0.0528315
9.9982E-05 0.0015848 0.514649 9.9982E-05 0.0483796 0.176447 0.0173335 0.228161 0.013244
0.00580657 0.0918253 0.387035 0.20407 9.9982E-05 0.212269 0.0862155 9.9982E-05 0.012579
9.9982E-05 0.0944854 0.441745 0.176836 9.9982E-05 0.133356 0.0746657 0.0558037 0.0229086
9.9973E-05 0.0687808 0.245649 0.416915 9.9973E-05 0.184658 0.0720141 9.9973E-05 0.011683
0.33755 0.0463981 9.9973E-05 0.207036 9.9973E-05 0.163805 9.9973E-05 0.21925 0.0256604
9.9973E-05 0.0464565 0.21207 0.543956 0.0845603 9.9973E-05 9.9973E-05 0.0340905 0.0785664
9.9955E-05 9.9955E-05 0.441649 0.297296 9.9955E-05 0.192967 9.9955E-05 9.9955E-05 0.0675881
0.0223621 9.9973E-05 0.521331 0.224216 0.0413437 0.104663 9.9973E-05 0.0857842 9.9973E-05
0.313371 0.0837048 0.175078 9.9964E-05 9.9964E-05 0.0801842 9.9964E-05 0.347262 9.9964E-05
0.173744 0.0261796 0.241413 0.295811 9.9982E-05 0.0870464 0.0155621 0.160044 9.9982E-05
0.00270768 0.031558 0.29462 0.438463 9.9973E-05 0.151288 9.9973E-05 9.9973E-05 0.0810633
0.0697036 0.037732 9.9991E-05 0.0912958 0.00553189 0.290588 0.173512 0.315331 0.0162054
0.158 0.137119 0.0541217 0.310155 9.9982E-05 0.259622 0.0378214 9.9982E-05 0.0429598
9.9973E-05 0.0619043 0.259492 0.257259 9.9973E-05 0.193665 0.0816791 0.145701 9.9973E-05
0.273045 0.115178 9.9964E-05 0.346955 9.9964E-05 9.9964E-05 0.134792 0.12963 9.9964E-05
9.9973E-05 9.9973E-05 0.0695599 0.281474 0.0403257 9.9973E-05 0.168166 0.42334 0.016835
0.361978 0.0179565 0.233006 0.122765 9.9982E-05 9.9982E-05 0.0893728 0.168985 0.00573655
9.9964E-05 0.174761 0.467767 0.297087 9.9964E-05 0.00921655 9.9964E-05 9.9964E-05 0.0507683
9.9964E-05 9.9964E-05 0.518893 0.38213 0.0326098 9.9964E-05 0.0383329 9.9964E-05 0.0276343
9.9973E-05 9.9973E-05 0.436766 0.391344 0.0422135 0.000156245 0.0725813 9.9973E-05 0.0566395
9.9964E-05 0.0347433 0.47446 0.227517 9.9964E-05 0.252299 9.9964E-05 9.9964E-05 0.0105814
9.9982E-05 0.139124 0.273546 0.236473 9.9982E-05 0.0780894 0.0704659 0.129324 0.0727769
9.9973E-05 9.9973E-05 0.504423 0.0742206 0.0636958 0.211393 9.9973E-05 0.102259 0.0437091
0.197163 9.9973E-05 0.0382218 0.443311 9.9973E-05 9.9973E-05 0.0710792 0.152036 0.0978897
9.9964E-05 9.9964E-05 0.0660765 0.485781 9.9964E-05 0.135193 0.0507381 0.261812 9.9964E-05
9.9982E-05 9.9982E-05 0.490475 0.289596 0.0083691 0.0474045 0.103577 0.0559397 0.00443839
0.0314298 0.0370859 0.467876 0.393661 9.9973E-05 0.0264885 9.9973E-05 9.9973E-05 0.043159
9.9964E-05 9.9964E-05 0.198772 0.322382 9.9964E-05 0.179396 9.9964E-05 0.229099 0.0699506
0.176921 0.0266499 9.9973E-05 0.37731 9.9973E-05 0.0954006 9.9973E-05 0.230565 0.092854
9.9982E-05 0.0348187 0.283799 0.137364 9.9982E-05 0.329337 0.108658 0.0544611 0.0513629
9.9991E-05 0.0786548 0.459597 0.160456 0.0342108 0.135349 0.00247905 0.112287 0.0168653
0.67123 9.9955E-05 9.9955E-05 9.9955E-05 9.9955E-05 0.046811 9.9955E-05 0.239347 0.0421125
0.601167 0.0123089 0.178929 9.9973E-05 9.9973E-05 0.151042 0.0474667 9.9973E-05 0.00878664
9.9973E-05 9.9973E-05 0.40161 0.183395 0.0141531 9.9973E-05 0.186463 0.155453 0.0586252
0.0346309 0.0686092 0.342867 0.0811818 0.30571 0.0475173 0.111313 9.9991E-05 0.00807111
0.0693243 0.212188 0.0548034 0.0415073 0.329324 0.267725 9.9982E-05 0.024928 9.9982E-05
0.0500601 0.130699 0.149096 0.0384627 0.273661 0.279667 9.9991E-05 0.0401083 0.038146
9.9973E-05 9.9973E-05 0.295944 0.231962 0.0835724 0.234307 0.0587144 0.0951999 9.9973E-05
9.9982E-05 0.0724013 0.173097 0.0324755 0.417345 0.222507 9.9982E-05 0.0126509 0.069323
0.0226335 0.155558 0.306797 0.0576275 0.405387 0.0432153 9.9982E-05 9.9982E-05 0.00858169
9.9964E-05 0.0911462 9.9964E-05 0.424598 0.373806 9.9964E-05 0.0900636 0.0199869 9.9964E-05
0.0271427 0.10897 0.127564 9.9991E-05 0.367561 0.161524 0.131776 0.0408224 0.0345398
9.9991E-05 0.104426 0.059651 0.255962 0.318426 0.121389 0.052863 0.0466056 0.0405774
9.9982E-05 0.122632 0.476614 0.0196225 0.286029 9.9982E-05 0.0516224 0.0406548 0.00262462
9.9982E-05 0.183227 0.162967 0.242863 0.143755 9.9982E-05 0.038761 0.207348 0.0208803
9.9982E-05 0.134381 0.136259 0.1602 0.39534 0.0451088 9.9982E-05 0.0830564 0.0454547
9.9982E-05 0.043462 0.113286 0.384865 0.0506734 0.292877 0.0449424 9.9982E-05 0.0696948
0.0199513 0.0657279 0.1912 9.9982E-05 0.179091 0.331761 0.178347 9.9982E-05 0.033722
9.9973E-05 0.0548154 0.341927 9.9973E-05 0.330795 0.185121 0.0328084 9.9973E-05 0.0542336
0.0494841 0.130118 9.9982E-05 0.162819 0.384513 0.162558 9.9982E-05 0.0300869 0.0802213
9.9991E-05 0.122825 0.165989 0.178737 0.247926 0.0737117 0.0426376 0.157239 0.0108346
9.9991E-05 0.0919684 0.121359 0.126804 0.168178 0.180762 0.000227714 0.28744 0.0231606
0.665346 0.135813 0.000933479 0.026548 9.9973E-05 9.9973E-05 0.128768 9.9973E-05 0.0422913
0.0395601 0.115715 0.243873 0.0802392 0.185739 0.170315 0.154477 9.9991E-05 0.00998084
0.00663364 0.157863 0.20813 0.0360962 0.164938 0.0957172 0.219584 0.0405612 0.0704766
0.0998342 0.0959125 0.351893 0.330226 0.015986 0.0576286 0.0127612 0.0356587 9.9991E-05
9.9982E-05 0.211535 0.0632504 0.022096 0.418388 0.131346 0.0719052 0.0812798 9.9982E-05
9.9964E-05 0.225165 9.9964E-05 9.9964E-05 0.315271 0.0252924 0.183963 0.249908 9.9964E-05
9.9973E-05 0.102264 0.104027 0.511886 0.00888279 9.9973E-05 0.172735 0.0999054 9.9973E-05
0.00807374 0.0709993 0.222908 0.164064 0.403643 9.9982E-05 0.0648312 9.9982E-05 0.0652795
9.9973E-05 0.0639046 0.076612 0.284209 0.263695 0.24308 9.9973E-05 9.9973E-05 0.0681994
0.0436091 0.138343 0.254729 0.0126559 0.27781 0.15634 0.0683395 0.0461619 0.00201082
0.026236 0.156071 9.99677E-05 0.253465 0.34547 0.218359 9.99677E-05 9.99677E-05 9.99677E-05
0.0460131 0.140325 0.133392 9.9982E-05 0.314301 0.156854 0.128258 9.9982E-05 0.0806585
9.9973E-05 0.0410708 0.0440127 9.9973E-05 0.480555 0.359871 9.9973E-05 0.0720774 0.00211305
9.993E-05 0.999201 9.993E-05 9.993E-05 9.993E-05 9.993E-05 9.993E-05 9.993E-05 9.993E-05
0.000101553 0.174328 0.023279 0.194744 0.229275 0.139913 0.100526 0.00386656 0.133967
9.9982E-05 0.0402269 0.0281137 0.269538 0.364093 0.167597 0.089725 9.9982E-05 0.040506
0.0408818 0.091928 0.00165914 0.225044 0.442485 9.9991E-05 0.0537446 0.111541 0.0326164
9.9982E-05 0.115183 9.9982E-05 0.250086 0.454979 0.0579042 0.0797612 0.0190589 0.0228282
0.04092 0.0269149 0.073258 0.0823277 0.445577 0.0562056 0.0699007 0.178449 0.0264473
9.9964E-05 9.9964E-05 0.313299 0.102835 9.9964E-05 0.369127 0.133295 9.9964E-05 0.0810446
9.9973E-05 0.0625439 0.244877 9.9973E-05 0.4645 0.0301916 9.9973E-05 0.024122 0.173466
9.9991E-05 0.127269 0.181716 0.166402 0.186676 0.173133 0.083232 0.046016 0.0354564
9.9973E-05 0.0912763 0.0892464 0.220552 0.29579 0.111218 9.9973E-05 0.191617 9.9973E-05
9.9991E-05 0.0370647 0.0817691 0.405895 0.37542 0.04842 0.00280695 0.0284987 0.0200254
9.993E-05 0.999201 9.993E-05 9.993E-05 9.993E-05 9.993E-05 9.993E-05 9.993E-05 9.993E-05
9.9973E-05 0.0496138 0.252058 0.235573 9.9973E-05 0.191485 0.122238 0.148733 9.9973E-05
0.0121066 0.173222 0.317478 0.0308496 0.328369 0.097888 0.0214773 9.9991E-05 0.0185088
0.26252 0.0255944 0.237616 0.300581 0.0534839 0.0513754 9.9982E-05 0.0686297 9.9982E-05
9.9964E-05 9.9964E-05 0.185905 0.232353 9.9964E-05 0.441869 9.9964E-05 0.0203264 0.119147
9.9973E-05 9.9973E-05 0.196475 0.436742 0.128205 0.0790236 9.9973E-05 0.132282 0.0269726
0.0189408 0.091823 0.257206 0.10653 0.428585 9.9982E-05 0.0202683 9.9982E-05 0.0764475
9.9982E-05 0.0113447 0.0818548 0.173255 0.326204 0.219115 0.112759 9.9982E-05 0.0752667
9.9973E-05 0.0918833 0.194457 0.107847 0.537554 9.9973E-05 0.0561335 9.9973E-05 0.0118256
9.9982E-05 0.122846 0.166133 0.319489 0.343611 0.01284 0.023983 0.0108971 9.9982E-05
0.0667468 0.0508223 0.249388 0.139554 0.303797 0.126137 0.0633556 9.9982E-05 9.9982E-05
9.9973E-05 9.9973E-05 0.100619 0.282129 0.404003 0.0981607 0.035728 9.9973E-05 0.0790606
9.9964E-05 9.9964E-05 0.205527 0.193754 0.424825 0.10369 0.0718038 9.9964E-05 9.9964E-05
9.9973E-05 0.269821 0.0518903 0.0684978 0.388453 0.182553 9.9973E-05 0.038485 9.9973E-05
9.9964E-05 0.241517 9.9964E-05 0.419874 0.228339 0.0546201 9.9964E-05 9.9964E-05 0.0552505
9.993E-05 9.993E-05 9.993E-05 9.993E-05 9.993E-05 0.999201 9.993E-05 9.993E-05 9.993E-05
9.9973E-05 0.15732 0.0310423 0.221751 0.460954 0.101596 9.9973E-05 9.9973E-05 0.0270367
0.00462059 0.125414 0.113719 0.299356 0.39497 0.0255794 0.0297485 9.9991E-05 0.00649292
0.0121069 0.151255 0.190933 9.9991E-05 0.316272 0.0977633 0.119234 0.0882238 0.0241122
9.9991E-05 0.0475185 0.0849682 0.0345046 0.41346 0.264754 0.0156005 0.0870959 0.0519977
9.9982E-05 0.0461146 0.327902 0.307101 0.0562719 0.116455 0.0425483 0.103408 9.9982E-05
9.9982E-05 0.107749 0.0469708 0.163011 0.304545 0.295019 0.0767203 9.9982E-05 0.00578469
0.120499 0.0123375 0.116426 0.435943 0.0397105 9.9991E-05 0.0318266 0.192102 0.0510556
9.9982E-05 0.140267 0.197771 0.153725 0.231847 0.0402861 0.177203 9.9982E-05 0.0587014
0.0572565 0.0511922 0.0888366 0.0780786 0.443723 9.99928E-05 0.120375 0.112691 0.0477469
0.0800572 0.0389381 9.9982E-05 0.49706 9.9982E-05 0.184369 0.0865928 0.0725603 0.0402236
0.0120268 0.14421 0.204504 0.00981508 0.254702 0.229917 0.053305 9.9991E-05 0.0914192
9.9973E-05 0.125843 9.9973E-05 0.344187 0.378022 0.118628 9.9973E-05 0.0228054 0.0102148
9.993E-05 9.993E-05 9.993E-05 9.993E-05 9.993E-05 0.999201 9.993E-05 9.993E-05 9.993E-05
9.9973E-05 0.0588066 9.9973E-05 0.242642 0.364606 0.175843 0.156801 9.9973E-05 0.00100132
9.9991E-05 0.13201 0.249529 0.0698016 0.204203 0.073103 0.127563 0.12372 0.0199709
9.9973E-05 0.114955 0.266991 0.0671624 0.466517 9.9973E-05 0.0223141 9.9973E-05 0.0617607
0.0385701 0.142336 0.13703 0.156164 0.476748 9.9982E-05 9.9982E-05 0.0391483 0.0098032
0.0340499 0.054064 0.301959 0.0386416 0.377835 0.117767 0.0754837 9.9982E-05 9.9982E-05
9.9982E-05 0.0314775 0.21142 0.291302 0.173307 0.186474 9.9982E-05 0.0991986 0.00662041
9.9982E-05 0.117497 0.0236524 0.14542 0.30536 0.235461 0.163276 9.9982E-05 0.00913309
9.9982E-05 0.120455 0.0583491 0.292834 0.210586 0.11605 0.0837038 0.117822 9.9982E-05
0.719248 9.9955E-05 9.9955E-05 9.9955E-05 0.0857576 0.0641342 9.9955E-05 0.13036 9.9955E-05
9.9982E-05 0.0691729 0.131333 0.213001 0.305212 0.174133 0.0410645 9.9982E-05 0.0658838
0.104919 0.00751419 0.439519 0.309561 0.0171172 0.0468781 0.0638104 9.9991E-05 0.0105806
9.9973E-05 0.14136 9.9973E-05 0.109573 0.535736 0.035828 0.0824955 0.0947072 9.9973E-05
