0.0398933 0.0202203 0.310329 0.247301 9.9973E-05 0.351974 9.9973E-05 0.0299825 9.9973E-05
0.0109893 9.9991E-05 0.129134 0.182583 0.0664171 0.19955 0.185794 0.19109 0.0343417
9.9964E-05 9.9964E-05 0.018542 0.375136 0.0655269 0.151245 0.38915 9.9964E-05 9.9964E-05
9.9973E-05 9.9973E-05 0.100551 0.486103 0.0239753 9.9973E-05 0.150802 0.156129 0.0821389
0.0298746 0.00928936 9.9982E-05 0.592153 9.9982E-05 0.113062 0.0624562 0.185407 0.00755797
0.0439796 9.9946E-05 9.9946E-05 9.9946E-05 9.9946E-05 9.9946E-05 0.356215 9.9946E-05 0.599206
9.999E-05 0.0407722 0.127961 0.467766 0.0957223 0.198688 0.042417 0.0227529 0.00382049
0.0449709 9.9973E-05 0.0760089 9.9973E-05 0.00895078 0.101534 0.0598487 9.9973E-05 0.708387
0.0608136 9.9982E-05 0.0753088 0.240308 0.00322934 0.471685 0.137657 9.9982E-05 0.0107977
0.0242023 9.9973E-05 0.114857 0.3792 9.9973E-05 0.269302 0.0896235 0.122515 9.9973E-05
0.039831 9.9964E-05 0.109833 0.442248 9.9964E-05 0.239099 0.168589 9.9964E-05 9.9964E-05
0.0888257 9.9982E-05 0.00574908 0.170412 9.9982E-05 0.282165 0.189869 0.0991697 0.163609
9.9973E-05 9.9973E-05 0.0539 0.254325 0.0498609 0.57348 0.0302328 0.037901 9.9973E-05
0.0113505 0.0216167 0.121187 0.494381 0.0238321 0.112259 0.180853 0.00151742 0.0330045
9.9964E-05 9.9964E-05 0.00444532 9.9964E-05 9.9964E-05 0.104934 0.291834 0.149566 0.448821
9.9964E-05 9.9964E-05 0.143486 0.257152 0.199484 0.0898482 0.30963 9.9964E-05 9.9964E-05
0.104879 9.9973E-05 0.162333 0.244719 9.9973E-05 0.138963 0.278059 9.9973E-05 0.0707472
0.0304175 0.0354538 9.9973E-05 0.5822 0.0830532 0.220875 9.9973E-05 0.0476999 9.9973E-05
0.0347322 9.9982E-05 0.101219 0.355818 9.9982E-05 0.324511 0.0555468 0.10883 0.0191431
0.0433726 9.9955E-05 0.256674 0.698417 9.9955E-05 9.9955E-05 9.9955E-05 0.00103567 9.9955E-05
9.9964E-05 9.9964E-05 0.0403153 0.56793 9.9964E-05 0.28934 0.00021147 0.101803 9.9964E-05
0.0113284 9.9982E-05 0.0900498 0.441744 9.9982E-05 0.162977 0.0717328 0.130575 0.0913926
0.104709 9.9982E-05 0.139258 0.493966 9.9982E-05 0.16816 0.0500274 0.0266451 0.0170343
9.9964E-05 0.000549336 0.253371 9.9964E-05 9.9964E-05 9.9964E-05 0.227437 0.051753 0.46649
0.0701959 9.9973E-05 0.193387 0.227314 0.114838 0.38406 9.9973E-05 0.0099051 9.9973E-05
0.0184729 9.9964E-05 9.9964E-05 0.0664672 9.9964E-05 9.9964E-05 0.261161 0.128544 0.524955
9.9964E-05 0.0146026 9.9964E-05 0.18952 0.139051 9.9964E-05 0.281844 9.9964E-05 0.374583
0.034475 9.9955E-05 9.9955E-05 0.518847 9.9955E-05 0.122673 9.9955E-05 9.9955E-05 0.323505
0.0454621 9.9973E-05 0.0597049 0.0491933 9.9973E-05 9.9973E-05 0.272246 0.0604453 0.512648
9.9973E-05 9.9973E-05 0.0459378 0.682321 9.9973E-05 0.0176686 0.0359547 0.051831 0.165987
0.0550685 9.9973E-05 0.154845 0.225131 0.0420853 9.9973E-05 0.141198 9.9973E-05 0.381372
9.9964E-05 0.0511409 9.9964E-05 0.284329 0.0561568 0.459528 0.148445 9.9964E-05 9.9964E-05
0.0354575 9.9982E-05 0.121388 0.279334 0.00863616 0.136695 0.25358 9.9982E-05 0.164709
9.9946E-05 9.9946E-05 9.9946E-05 9.9946E-05 9.9946E-05 0.0845486 0.197289 9.9946E-05 0.717563
9.9955E-05 0.0956003 9.9955E-05 9.9955E-05 0.0522233 9.9955E-05 0.0437236 9.9955E-05 0.807953
9.9973E-05 9.9973E-05 9.9973E-05 0.393969 0.0750888 0.341361 0.125958 0.00682271 0.0565
9.9982E-05 9.9982E-05 0.127134 0.422668 0.0879298 0.0311518 0.0967013 0.11183 0.122386
9.9973E-05 9.9973E-05 0.179515 0.355758 0.12561 0.329507 0.00159545 0.0077136 9.9973E-05
9.9964E-05 9.9964E-05 9.9964E-05 0.0500537 9.9964E-05 0.0996142 0.0568998 0.106801 0.686231
0.139291 0.00070864 0.119166 0.0337794 9.9991E-05 0.0933188 0.214072 0.0696737 0.329891
0.0230721 0.0221486 0.0938586 0.22384 0.0467995 0.138769 0.179761 0.0861389 0.185612
0.0243918 9.9964E-05 0.109359 0.487663 9.9964E-05 0.113218 0.264968 9.9964E-05 9.9964E-05
0.0264835 9.9973E-05 9.9973E-05 0.585769 0.0916189 0.0973047 0.0367314 9.9973E-05 0.161792
9.9982E-05 9.9982E-05 0.0244557 0.0320615 0.160586 0.15875 0.0567233 0.0377871 0.529437
9.9973E-05 0.131427 0.213829 0.229245 9.9973E-05 0.270906 0.0497301 0.104563 9.9973E-05
0.00545027 9.9973E-05 0.341966 0.0763921 0.108972 0.321807 9.9973E-05 0.145113 9.9973E-05
0.123592 9.9991E-05 0.0985926 0.465028 0.0480356 0.0263617 0.136513 0.0656903 0.0360873
0.0314794 0.00280623 0.120987 0.38303 0.0298596 9.9991E-05 0.303979 0.115803 0.0119554
9.9973E-05 9.9973E-05 0.244666 0.185755 0.0364017 0.408974 0.102691 9.9973E-05 0.0212125
0.0713798 9.9982E-05 0.0900098 9.9982E-05 0.0364924 0.150708 0.317728 0.0235522 0.309929
0.050547 0.0168133 0.0158031 0.425155 9.9973E-05 0.359206 0.132176 9.9973E-05 9.9973E-05
0.0310899 0.0854237 0.184085 0.118332 9.9991E-05 0.084418 0.178253 0.015201 0.303098
0.0127296 9.9982E-05 0.0276854 0.247878 0.0745498 0.245786 0.230411 0.16076 9.9982E-05
9.9946E-05 9.9946E-05 9.9946E-05 9.9946E-05 0.0684264 9.9946E-05 0.192291 9.9946E-05 0.738683
0.0128392 9.9982E-05 0.0315362 0.147544 9.9982E-05 0.0304588 0.486933 0.00934565 0.281142
0.0297829 0.0142573 0.0418743 0.644013 9.9982E-05 0.154098 0.0342482 0.0815266 9.9982E-05
0.0253484 0.0178926 0.272734 0.433208 9.9964E-05 0.250417 9.9964E-05 9.9964E-05 9.9964E-05
0.100009 9.9973E-05 0.174538 0.516651 0.0352924 9.9973E-05 0.0131694 9.9973E-05 0.16004
9.99639E-05 9.99639E-05 0.316366 0.20287 9.99639E-05 9.99639E-05 0.198541 0.00844925 0.273373
9.9955E-05 9.9955E-05 0.0328689 0.380703 9.9955E-05 0.224999 9.9955E-05 9.9955E-05 0.36093
0.0478536 9.9964E-05 0.169387 9.9964E-05 0.00425639 9.9964E-05 0.120056 9.9964E-05 0.658047
9.9955E-05 9.9955E-05 0.00179752 9.9955E-05 9.9955E-05 9.9955E-05 0.323792 0.0340939 0.639817
9.999E-05 0.0425721 0.241229 0.492736 0.0592384 0.146634 0.00387846 0.00107849 0.0125333
9.9946E-05 9.9946E-05 0.138546 9.9946E-05 9.9946E-05 9.9946E-05 0.0645056 9.9946E-05 0.796349
0.0639555 0.0101578 0.0120706 0.291512 9.9991E-05 0.281338 0.236592 0.0992045 0.00507033
9.9946E-05 9.9946E-05 9.9946E-05 9.9946E-05 9.9946E-05 9.9946E-05 0.12837 0.200971 0.670059
0.0397434 9.9973E-05 0.115623 0.562824 9.9973E-05 0.241932 0.00074834 0.0388289 9.9973E-05
0.0557625 9.9991E-05 0.0990424 0.23263 0.0010278 0.0258784 0.443134 0.0785 0.063925
0.0361331 9.9964E-05 0.308701 0.198308 0.0770262 0.379432 9.9964E-05 9.9964E-05 9.9964E-05
9.9946E-05 0.00472563 9.9946E-05 9.9946E-05 9.9946E-05 9.9946E-05 0.488517 9.9946E-05 0.506157
0.0906062 9.9973E-05 0.431498 0.246237 0.0359404 0.18365 9.9973E-05 0.011768 9.9973E-05
0.0680173 9.9991E-05 0.0456202 0.399248 0.102798 0.190407 0.0316042 0.112309 0.0498959
9.9982E-05 0.0971491 0.116979 0.311878 0.0764032 0.0966045 0.0168986 9.9982E-05 0.283888
0.0635131 0.0613571 0.0883568 0.368183 9.9982E-05 0.0895603 0.268668 0.0601615 9.9982E-05
0.116416 9.9991E-05 0.0397842 0.398392 0.0614707 0.120884 0.205951 0.0250572 0.031945
9.9973E-05 0.0395849 0.0582591 0.413639 9.9973E-05 0.0558563 9.9973E-05 0.0441703 0.388191
0.0266321 9.9991E-05 0.0437743 0.53079 0.0869668 0.021765 0.144211 0.108342 0.037419
9.9973E-05 9.9973E-05 0.31422 0.239982 0.108834 9.9973E-05 0.197609 0.0546416 0.0844143
0.0566537 9.9982E-05 0.262118 0.0537786 9.9982E-05 0.331548 0.236186 0.0157871 0.0437296
0.0516725 9.9982E-05 0.093425 0.305726 0.0991545 0.261169 0.136091 0.0525626 9.9982E-05
0.0791252 9.9973E-05 0.092889 0.276544 9.9973E-05 0.166332 0.107736 0.277074 9.9973E-05
0.0274508 9.9982E-05 0.0118757 0.378346 0.0825974 0.161434 0.305349 0.0327469 9.9982E-05
0.0618991 9.9982E-05 0.15468 0.357212 9.9982E-05 0.169417 0.0134497 0.182344 0.0607989
0.027418 9.9964E-05 0.165968 0.590023 9.9964E-05 9.9964E-05 0.062445 0.153746 9.9964E-05
9.9964E-05 9.9964E-05 0.0339751 0.316573 9.9964E-05 0.288214 0.2659 0.0949384 9.9964E-05
0.0461431 9.9991E-05 0.266761 0.0434489 0.0129932 0.219795 0.234907 0.127201 0.04865
9.9982E-05 9.9982E-05 0.111047 0.202743 0.0111754 0.123963 0.279887 0.0989238 0.172061
9.9973E-05 0.0134072 0.000543613 0.313794 9.9973E-05 9.9973E-05 0.465504 0.095654 0.110797
0.0180118 9.99551E-05 9.99551E-05 9.99551E-05 9.99551E-05 0.0152223 0.26371 9.99551E-05 0.702556
0.0464247 0.0148685 0.0369659 0.146352 0.0336691 0.155384 0.320912 0.0718442 0.173579
0.0382455 9.9964E-05 0.351282 9.9964E-05 0.0541356 0.385621 0.170316 9.9964E-05 9.9964E-05
0.0455173 9.9991E-05 0.0555577 0.00755045 0.00469693 0.183747 0.262758 0.0186426 0.421429
0.0359088 9.9991E-05 0.25653 0.198221 0.0201182 0.418876 0.0319207 0.0186067 0.0197183
9.9964E-05 9.9964E-05 0.0330395 0.462208 9.9964E-05 0.210174 9.9964E-05 0.0304962 0.263683
0.100387 9.9973E-05 0.166498 0.159284 9.9973E-05 9.9973E-05 0.197499 0.0348951 0.341137
0.122756 9.9946E-05 9.9946E-05 9.9946E-05 9.9946E-05 9.9946E-05 0.151309 9.9946E-05 0.725335
0.00226246 9.9982E-05 0.0786794 0.393922 0.000674178 0.25545 9.9982E-05 0.164886 0.103926
9.9973E-05 0.0559326 0.128671 0.208597 9.9973E-05 0.0989902 0.426473 0.0810361 9.9973E-05
9.9973E-05 9.9973E-05 0.372973 0.306959 0.0559254 0.125648 9.9973E-05 0.0777582 0.060437
9.9982E-05 0.0133106 9.9982E-05 0.55905 0.00939341 0.174074 0.0254297 0.0142271 0.204316
0.00835566 9.9982E-05 0.167416 0.0497906 0.131464 9.9982E-05 0.18872 0.0262885 0.427765
0.016861 9.9982E-05 0.0558372 0.320015 9.9982E-05 0.352213 0.0915015 0.14416 0.0192123
9.9982E-05 0.100892 0.185831 0.447473 0.0689021 0.163487 0.0207746 9.9982E-05 0.0124399
0.128819 9.9982E-05 0.091367 0.419905 0.0274837 0.234651 9.9982E-05 0.0944201 0.00315373
9.9964E-05 9.9964E-05 0.145721 0.218658 0.069229 0.45701 0.108982 9.9964E-05 9.9964E-05
9.9973E-05 9.9973E-05 0.0569695 9.9973E-05 0.0107155 0.140684 0.141666 0.0257005 0.623965
0.0478827 0.0909793 9.9964E-05 9.9964E-05 9.9964E-05 0.204911 0.219968 9.9964E-05 0.435859
0.0083886 9.9964E-05 0.332483 0.508257 9.9964E-05 9.9964E-05 0.0684052 0.0820667 9.9964E-05
9.9982E-05 9.9982E-05 0.136421 0.28908 0.00300426 0.301882 0.215307 0.052403 0.00170267
0.0762236 9.9964E-05 9.9964E-05 0.594643 0.027147 0.168492 0.133095 9.9964E-05 9.9964E-05
9.9964E-05 9.9964E-05 0.0604439 9.9964E-05 9.9964E-05 0.343528 0.182808 0.0257277 0.387093
9.9946E-05 9.9946E-05 0.0894972 9.9946E-05 9.9946E-05 9.9946E-05 0.0819626 9.9946E-05 0.827941
0.0170216 9.9964E-05 0.190785 0.283908 9.9964E-05 9.9964E-05 0.167661 9.9964E-05 0.340224
0.0288043 9.9964E-05 9.9964E-05 0.462325 0.0376148 0.418862 0.0519941 9.9964E-05 9.9964E-05
0.0334063 9.9973E-05 0.153695 0.586921 0.0744018 9.9973E-05 9.9973E-05 0.0371394 0.114137
9.9964E-05 9.9964E-05 0.229728 0.514426 0.0167079 0.071574 9.9964E-05 0.167165 9.9964E-05
0.0344684 9.9982E-05 0.181467 0.467407 0.0121072 0.121705 0.0869004 0.095745 9.9982E-05
9.9946E-05 9.9946E-05 9.9946E-05 9.9946E-05 0.0413348 9.9946E-05 0.17173 9.9946E-05 0.786336
0.0901384 9.9964E-05 9.9964E-05 0.621699 9.9964E-05 0.151911 9.9964E-05 0.0912825 0.0445699
0.0102723 0.0109178 0.140829 0.533976 0.178399 9.9973E-05 0.125307 9.9973E-05 9.9973E-05
0.0261646 9.9964E-05 9.9964E-05 0.367219 9.9964E-05 0.465087 9.9964E-05 0.0302396 0.11089
0.0378579 9.9982E-05 0.014438 0.0661465 9.9982E-05 0.0588752 0.322398 0.000889222 0.499195
9.9982E-05 0.0547862 0.0958705 0.683241 0.0353413 0.00616081 0.116912 9.9982E-05 0.00748865
9.9973E-05 0.0995734 0.0534569 0.289284 9.9973E-05 0.211821 0.304086 0.0414786 9.9973E-05
9.9982E-05 0.0273439 9.9982E-05 0.499366 0.0291262 0.367154 0.00516572 0.0639365 0.0077076
0.114664 9.9991E-05 0.105836 0.359025 0.0494891 0.103045 0.0799907 0.150409 0.0374403
0.0681015 9.9982E-05 0.0674545 0.230284 0.046468 9.9982E-05 0.023659 0.0166881 0.547145
0.0397905 0.004359 0.0228688 9.9964E-05 9.9964E-05 9.9964E-05 0.152962 9.9964E-05 0.77962
9.9973E-05 9.9973E-05 0.0870747 0.142607 0.156997 0.285095 0.310416 0.0175108 9.9973E-05
0.047591 9.9982E-05 0.132085 0.426058 0.115207 0.104652 0.126101 0.0481065 9.9982E-05
0.0141429 0.00412628 0.0501968 0.305032 0.0544383 0.406044 0.156935 0.00898433 9.9991E-05
0.0556012 9.9964E-05 9.9964E-05 9.9964E-05 0.114764 0.379133 0.395058 0.0550446 9.9964E-05
9.9964E-05 9.9964E-05 0.153507 0.286585 9.9964E-05 9.9964E-05 0.240864 0.0645286 0.254116
0.00932193 0.132731 0.162511 0.355373 0.0117879 0.0755625 0.175629 0.0663119 0.0107715
0.00456647 9.9973E-05 9.9973E-05 0.502784 9.9973E-05 0.197873 0.0498277 0.0658858 0.178763
9.993E-05 9.993E-05 0.999201 9.993E-05 9.993E-05 9.993E-05 9.993E-05 9.993E-05 9.993E-05
9.9973E-05 0.0385932 0.217023 0.157875 9.9973E-05 9.9973E-05 0.0767505 0.0346058 0.474853
9.9973E-05 9.9973E-05 9.9973E-05 0.241465 0.025014 0.141197 0.368153 0.0145684 0.209303
9.993E-05 9.993E-05 0.999201 9.993E-05 9.993E-05 9.993E-05 9.993E-05 9.993E-05 9.993E-05
0.072555 9.9982E-05 0.188871 0.0154656 9.9982E-05 0.0614786 0.0972584 0.0531089 0.511062
9.9964E-05 9.9964E-05 9.9964E-05 0.499509 0.0740834 0.055458 0.195718 9.9964E-05 0.174832
0.148586 9.9973E-05 9.9973E-05 0.286586 0.0567339 9.9973E-05 0.132883 0.0539467 0.320965
0.00313793 9.9982E-05 9.9982E-05 0.141226 0.0833221 0.231885 0.407037 0.00162766 0.131564
9.9982E-05 0.019849 0.157992 0.210718 0.0693038 9.9982E-05 0.280133 0.0881502 0.173655
0.0236894 0.0979229 0.0629342 0.0322064 0.000819529 9.9982E-05 0.113844 9.9982E-05 0.668384
9.9973E-05 9.9973E-05 0.0258228 0.399151 0.122699 9.9973E-05 0.13977 0.110733 0.201523
0.0326355 9.9973E-05 0.137409 0.26621 0.112638 9.9973E-05 0.315723 9.9973E-05 0.135084
0.0513742 9.9982E-05 0.0364795 0.438738 0.236826 0.0591038 0.156059 0.0212189 9.9982E-05
0.0642562 9.9973E-05 0.117019 0.470253 0.0267119 0.18291 9.9973E-05 0.13855 9.9973E-05
0.0465427 0.0941159 0.231051 0.141077 9.9982E-05 0.363235 0.103564 0.0202143 9.9982E-05
0.00574001 9.9973E-05 9.9973E-05 0.319272 0.0337028 0.231563 0.315963 0.0934594 9.9973E-05
0.0379304 0.0305834 9.9964E-05 0.227222 9.9964E-05 0.394757 9.9964E-05 9.9964E-05 0.309107
0.0647262 9.9964E-05 9.9964E-05 0.172339 0.047036 0.00984394 9.9964E-05 9.9964E-05 0.705655
9.9991E-05 0.0282268 0.128838 0.107858 0.0714167 0.0277637 0.172781 0.13491 0.328105
0.028768 9.9982E-05 0.269025 0.140228 0.189842 0.113141 0.197002 0.0617949 9.9982E-05
0.00293436 9.9982E-05 0.15231 0.230539 0.11717 0.260876 0.183641 0.0523288 9.9982E-05
9.9955E-05 9.9955E-05 0.174073 9.9955E-05 9.9955E-05 9.9955E-05 0.12377 0.0112515 0.690405
0.00357331 9.9973E-05 0.0287889 0.123218 0.107975 0.657052 0.0790931 9.9973E-05 9.9973E-05
0.0204699 0.0355002 0.241332 0.354156 0.0287321 0.0931153 0.176014 0.0505814 9.9991E-05
0.0747751 9.9982E-05 9.9982E-05 0.251136 0.0676293 0.329023 0.100364 0.03633 0.140543
0.0370658 0.0102287 0.255723 0.352972 0.130953 9.9973E-05 0.212758 9.9973E-05 9.9973E-05
0.0221241 9.9973E-05 0.147069 9.9973E-05 0.0310536 0.417564 0.242465 9.9973E-05 0.139424
0.0602409 9.9982E-05 0.163248 0.167585 0.0474906 0.094283 0.354559 0.112393 9.9982E-05
0.0542638 9.9982E-05 0.16358 0.145993 9.9982E-05 0.338876 0.0823564 0.1904 0.0243308
9.9973E-05 9.9973E-05 0.0612537 0.573574 0.0559817 0.175273 0.0477533 0.0858646 9.9973E-05
0.0863603 9.9955E-05 0.171505 0.28925 9.9955E-05 0.452385 9.9955E-05 9.9955E-05 9.9955E-05
9.9982E-05 9.9982E-05 0.218351 0.0115341 0.0816936 0.198368 0.332412 0.0847917 0.07265
0.00293936 9.9964E-05 0.11339 9.9964E-05 9.9964E-05 0.154873 0.313096 9.9964E-05 0.415302
0.00110717 9.9982E-05 0.251597 0.0309727 9.9982E-05 0.28354 0.190897 0.0169359 0.22475
9.9964E-05 0.0830115 0.379035 0.173023 0.0758133 9.9964E-05 0.288718 9.9964E-05 9.9964E-05
0.0866831 9.9973E-05 0.272417 0.180037 9.9973E-05 9.9973E-05 0.292556 0.0806012 0.0874062
0.07123 9.9973E-05 0.0272448 0.492458 9.9973E-05 0.0274503 0.378286 9.9973E-05 0.00303092
9.9964E-05 0.00106622 0.00843239 9.9964E-05 9.9964E-05 9.9964E-05 0.0859151 0.0422799 0.861907
9.9973E-05 9.9973E-05 0.0435919 0.141831 0.00528634 0.46128 0.323038 9.9973E-05 0.0246738
9.9973E-05 0.0469162 0.298932 0.146988 9.9973E-05 9.9973E-05 0.306562 0.000308126 0.199993
9.9964E-05 0.0777189 0.429692 9.9964E-05 9.9964E-05 0.328608 0.159129 0.00445286 9.9964E-05
0.0380429 9.9982E-05 0.00710118 0.402521 0.00590936 9.9982E-05 0.397063 0.031487 0.117675
0.0129736 0.0185613 9.9982E-05 9.9982E-05 0.0168196 0.204431 0.32197 0.0339275 0.391117
0.0228441 9.9982E-05 0.120521 0.17958 0.0896749 0.0724194 0.121864 9.9982E-05 0.392897
0.172224 9.9964E-05 9.9964E-05 0.312245 0.000307019 9.9964E-05 0.0287092 9.9964E-05 0.486114
0.00391865 9.9955E-05 9.9955E-05 0.40893 9.9955E-05 0.296782 0.28987 9.9955E-05 9.9955E-05
9.9946E-05 9.9946E-05 9.9946E-05 9.9946E-05 0.00796042 9.9946E-05 0.46039 9.9946E-05 0.53105
0.0212888 9.9982E-05 9.9982E-05 0.254383 0.050944 0.068295 0.247719 0.038095 0.319075
0.0861202 9.9991E-05 0.0231944 0.373799 0.0396751 0.36304 0.00409944 0.059875 0.0500969
0.024598 9.99551E-05 9.99551E-05 9.99551E-05 0.0261757 9.99551E-05 0.0958268 9.99551E-05 0.8529
0.013045 9.9973E-05 0.0439651 0.0952587 0.0158513 9.9973E-05 0.470337 9.9973E-05 0.361243
0.0363728 9.9991E-05 0.216417 0.180374 0.0375334 0.261493 0.244377 0.0215993 0.00173346
0.00094828 9.9964E-05 0.0489556 0.3813 9.9964E-05 9.9964E-05 0.225866 9.9964E-05 0.34253
9.9964E-05 9.9964E-05 0.267622 0.497877 0.0799556 0.00238728 9.9964E-05 9.9964E-05 0.151758
0.0155902 0.076312 9.9973E-05 0.473025 0.00106192 0.194907 0.238805 9.9973E-05 9.9973E-05
0.023616 9.9973E-05 9.9973E-05 0.188854 0.127049 0.280841 0.133701 9.9973E-05 0.245639
0.0328547 0.000897848 0.143761 0.554141 9.9982E-05 0.165169 0.064825 0.0381519 9.9982E-05
9.9946E-05 9.9946E-05 9.9946E-05 0.451274 9.9946E-05 0.390699 0.157427 9.9946E-05 9.9946E-05
9.9991E-05 0.0919589 0.0861124 0.526841 0.0724074 0.0621825 0.0616784 0.0579082 0.0408114
0.06668 0.0775199 0.113639 0.110204 9.9991E-05 0.003082 0.393289 0.099649 0.135837
9.9973E-05 9.9973E-05 0.0364848 0.603584 0.00381038 0.0550116 9.9973E-05 0.0192723 0.281537
0.0381894 0.0353267 0.0703983 0.314639 0.158102 0.33705 9.9982E-05 0.0460946 9.9982E-05
9.9982E-05 0.0130372 0.107617 0.641341 9.9982E-05 0.0257572 0.0417374 0.0668216 0.103489
0.00359304 0.0465062 0.262417 0.0314695 0.148567 0.477048 0.0301994 9.9982E-05 9.9982E-05
0.0211309 9.9973E-05 9.9973E-05 0.333736 0.131795 0.254403 0.251845 0.0067909 9.9973E-05
9.9982E-05 9.9982E-05 0.208706 0.085693 0.0590439 0.18421 0.145381 0.113236 0.203531
9.9964E-05 9.9964E-05 0.101779 0.515089 9.9964E-05 0.116511 0.140187 0.126034 9.9964E-05
9.9982E-05 0.0488862 0.22999 0.261364 0.0207401 0.305448 0.122594 9.9982E-05 0.0107766
9.9982E-05 0.114885 0.0604943 0.261636 0.100979 0.260668 0.133233 0.0679045 9.9982E-05
0.0363461 0.204865 0.239812 0.311348 9.9973E-05 0.136801 9.9973E-05 0.0705272 9.9973E-05
9.9973E-05 9.9973E-05 0.0842418 0.0719947 9.9973E-05 0.177035 0.245888 0.206218 0.214323
0.0716187 0.0465642 9.9955E-05 0.560182 9.9955E-05 0.321136 9.9955E-05 9.9955E-05 9.9955E-05
0.035034 9.9973E-05 0.290292 0.164984 9.9973E-05 0.0798327 0.377013 9.9973E-05 0.0525438
0.0151262 9.9982E-05 0.193414 0.255604 0.142034 0.280416 0.0917374 9.9982E-05 0.0214685
0.017256 0.0462074 9.9973E-05 0.566745 9.9973E-05 0.154263 0.0115788 0.20365 9.9973E-05
9.9982E-05 0.0348104 0.143819 0.445735 0.0919351 0.206719 9.9982E-05 0.0487518 0.0280306
0.0909626 9.9982E-05 0.0851237 0.220072 9.9982E-05 0.00197077 0.158029 0.146483 0.297159
9.9973E-05 0.0611032 9.9973E-05 0.209239 9.9973E-05 0.0282967 0.330057 0.058756 0.312249
9.9946E-05 0.0259454 9.9946E-05 0.903987 9.9946E-05 9.9946E-05 9.9946E-05 0.0694682 9.9946E-05
0.00534073 0.00190982 0.185229 0.444503 0.152366 0.210352 9.9973E-05 9.9973E-05 9.9973E-05
0.099015 9.9973E-05 9.9973E-05 0.492027 0.0803218 0.222703 0.0582195 0.0474144 9.9973E-05
0.0547544 0.0504047 0.204231 0.220346 9.9973E-05 0.392308 0.077656 9.9973E-05 9.9973E-05
0.0363607 9.9973E-05 0.310558 0.0393977 9.9973E-05 9.9973E-05 0.457721 0.00225248 0.15341
0.0510472 9.9982E-05 0.0557654 0.214415 0.037852 9.9982E-05 0.428371 0.149753 0.0625967
0.0190298 0.119054 0.150328 0.257638 9.9982E-05 0.273154 0.107116 0.07348 9.9982E-05
0.0381508 9.9982E-05 0.154119 9.9982E-05 0.0587707 0.0419358 0.1879 0.0443769 0.474547
9.9964E-05 9.9964E-05 9.9964E-05 0.251713 0.0919768 0.348269 0.138003 9.9964E-05 0.169638
0.0578333 0.092139 0.242564 0.351185 9.9982E-05 9.9982E-05 0.194664 0.00365816 0.0577564
0.0424365 9.9955E-05 9.9955E-05 9.9955E-05 9.9955E-05 0.017751 0.321915 9.9955E-05 0.617398
0.0406763 0.00550334 0.0617753 0.242005 0.113744 0.172239 0.335346 0.0286107 9.9991E-05
0.0101139 9.9991E-05 0.184146 0.190254 0.0390558 0.422888 0.0314555 0.0948289 0.0271582
9.9964E-05 9.9964E-05 0.198587 0.559166 9.9964E-05 0.137888 9.9964E-05 0.0628077 0.0411526
0.052545 9.9973E-05 0.158465 0.549864 0.0368132 0.139875 9.9973E-05 0.0621367 9.9973E-05
0.0829598 0.0611122 0.186283 0.224528 0.0576711 9.9982E-05 0.363612 0.0236338 9.9982E-05
0.0587994 9.9973E-05 0.0529328 0.407517 9.9973E-05 0.246771 0.193967 0.0397129 9.9973E-05
0.0325014 9.9982E-05 9.9982E-05 0.586222 0.1499 0.141725 0.0182541 0.0327413 0.0384554
0.0475654 9.9982E-05 0.0771772 0.572283 0.0294993 0.0457791 0.105071 0.122425 9.9982E-05
0.029761 9.9982E-05 0.145535 0.118494 0.149736 0.215439 0.224691 9.9982E-05 0.116143
0.0625962 9.9973E-05 0.167018 0.447589 9.9973E-05 0.239655 0.0116753 0.0711664 9.9973E-05
9.9973E-05 9.9973E-05 0.253158 0.387069 0.056381 0.0786507 0.150662 0.0737794 9.9973E-05
9.9955E-05 9.9955E-05 0.216051 9.9955E-05 0.199328 9.9955E-05 0.563601 9.9955E-05 0.0205206
0.0340859 9.9973E-05 0.173532 0.501478 9.9973E-05 0.129949 0.0723952 0.0882601 9.9973E-05
0.0668256 9.9964E-05 0.353624 0.380745 9.9964E-05 0.191406 0.00699959 9.9964E-05 9.9964E-05
0.0406038 9.9982E-05 0.0959187 0.1312 9.9982E-05 0.325041 0.0321412 0.0551608 0.319734
0.0745923 9.9964E-05 0.183295 0.454108 9.9964E-05 9.9964E-05 0.0281658 9.9964E-05 0.259439
0.0472881 9.9982E-05 0.0388107 0.66669 9.9982E-05 0.0910583 0.062535 0.0928029 0.000614642
0.0743066 9.9982E-05 0.0585646 0.155842 0.0428076 0.153988 9.9982E-05 0.00613145 0.50816
0.0562721 9.9982E-05 0.0592253 0.274512 0.00623825 0.198118 0.33664 0.068795 9.9982E-05
9.9964E-05 9.9964E-05 0.122988 0.356668 9.9964E-05 0.0178126 0.314934 9.9964E-05 0.187197
0.0429368 0.0434479 9.9973E-05 0.410962 0.00386892 0.434707 9.9973E-05 9.9973E-05 0.0637781
0.0942667 9.9973E-05 0.264332 9.9973E-05 9.9973E-05 0.016155 0.550934 0.0607161 0.013296
0.076711 0.144546 0.0981892 0.22046 9.9973E-05 9.9973E-05 0.246986 9.9973E-05 0.212808
9.9973E-05 9.9973E-05 0.247082 9.9973E-05 0.0474742 0.0855465 0.142668 0.0619205 0.415009
9.9964E-05 9.9964E-05 9.9964E-05 0.298505 0.0219088 0.436047 0.229386 9.9964E-05 0.0137537
0.12661 9.9982E-05 0.319165 0.498971 0.00381278 0.0238522 0.00372688 0.0236626 9.9982E-05
0.0174413 9.9973E-05 0.256373 0.0879613 9.9973E-05 0.321385 0.0298785 9.9973E-05 0.286661
0.0340013 9.9991E-05 0.0900346 0.320754 0.036459 0.168309 0.0980222 0.245573 0.00674649
9.9973E-05 0.0522493 0.0394732 0.584628 9.9973E-05 0.151689 0.0665124 0.105148 9.9973E-05
0.0714782 9.9964E-05 9.9964E-05 9.9964E-05 0.0386034 9.9964E-05 0.00302969 0.0214264 0.865062
9.9973E-05 9.9973E-05 0.106318 0.377307 0.000839431 0.21035 0.156344 0.148541 9.9973E-05
0.0121035 0.0180863 9.9964E-05 0.598474 9.9964E-05 0.127001 0.243934 9.9964E-05 9.9964E-05
0.0413239 9.9982E-05 0.0125946 0.413516 0.114629 0.205078 0.155842 0.0568172 9.9982E-05
0.0281393 9.9973E-05 9.9973E-05 0.44753 0.0587757 0.037411 0.285919 0.141925 9.9973E-05
0.0483037 9.9991E-05 0.129464 0.481651 0.0203712 0.13913 0.0421639 0.114078 0.0247377
9.9964E-05 9.9964E-05 0.133196 0.179197 9.9964E-05 0.578059 0.0252515 0.0838965 9.9964E-05
9.9973E-05 9.9973E-05 9.9973E-05 0.688322 0.185392 0.00940849 0.0517401 0.0272767 0.0375612
0.0830913 9.9982E-05 0.0544281 0.421909 0.1185 0.161425 0.111838 9.9982E-05 0.0486084
0.0180192 9.9991E-05 0.0392671 0.0432977 0.0259731 0.154329 0.103309 0.129572 0.486133
9.9955E-05 9.9955E-05 0.0624824 0.275654 9.9955E-05 0.528281 0.133083 9.9955E-05 9.9955E-05
0.0230022 9.9964E-05 0.143324 0.613304 9.9964E-05 0.145207 9.9964E-05 0.0747635 9.9964E-05
0.0624554 0.00190399 0.129071 0.110632 9.9991E-05 0.327011 0.247584 0.00282427 0.118418
0.0250771 9.9982E-05 0.0665301 0.334814 0.0196959 9.9982E-05 0.169571 0.0750703 0.309041
9.9973E-05 0.0443205 0.179898 0.242394 0.0343533 0.416673 9.9973E-05 0.0820608 9.9973E-05
9.9964E-05 9.9964E-05 0.0739666 0.508621 9.9964E-05 9.9964E-05 0.23718 0.00534306 0.17449
0.032796 9.9973E-05 9.9973E-05 0.512797 0.00939918 0.363679 9.9973E-05 0.00874119 0.0722873
0.0893184 9.9973E-05 0.0721612 0.412095 0.0271288 9.9973E-05 0.129986 9.9973E-05 0.269011
0.0275891 0.137233 0.0773499 0.279851 9.9991E-05 0.0789245 0.259779 0.0693733 0.0697999
9.9964E-05 9.9964E-05 0.094067 9.9964E-05 9.9964E-05 0.0954523 0.316732 0.130698 0.36265
9.9964E-05 9.9964E-05 0.062432 0.292124 9.9964E-05 0.326267 9.9964E-05 0.0969498 0.221828
0.0280063 0.0215677 0.206518 0.136352 0.137114 0.349908 0.120334 9.9982E-05 9.9982E-05
0.0252389 9.9991E-05 0.00542002 0.202852 0.038675 0.147901 0.169703 0.190471 0.219639
0.0326829 9.9973E-05 0.026889 0.196182 9.9973E-05 0.397746 0.233029 0.11317 9.9973E-05
0.0685565 9.9991E-05 0.278225 0.475601 0.0497975 0.0268214 0.0765733 0.0121048 0.0122205
0.0145696 9.9973E-05 0.205904 0.144266 9.9973E-05 0.11972 0.455571 0.0596689 9.9973E-05
0.0407352 0.056877 0.124634 0.249211 9.9991E-05 0.0793546 0.245831 0.0151027 0.188154
9.9964E-05 9.9964E-05 0.151399 0.104503 9.9964E-05 0.366589 0.369045 0.00806382 9.9964E-05
9.9973E-05 9.9973E-05 0.120703 0.206723 0.138399 0.302679 0.136105 0.0950921 9.9973E-05
0.0121151 0.0234276 0.201262 0.517809 0.0244993 0.140005 0.042879 0.0353534 0.00265052
9.9982E-05 0.0500634 9.9982E-05 0.195503 0.0664676 0.0969569 0.0513012 0.0361883 0.50332
0.0361279 9.9964E-05 9.9964E-05 9.9964E-05 0.0124152 0.0461244 9.9964E-05 0.089191 0.815742
9.9991E-05 0.0747626 0.0451167 0.47546 0.107808 0.0360682 0.146454 0.0736943 0.0405366
0.0190252 9.9991E-05 0.080083 0.270189 0.0852523 0.195284 0.0725224 0.211033 0.066511
0.0387288 0.0155479 0.0744497 0.218261 0.027083 0.137137 0.383212 0.104541 0.00103971
9.9973E-05 9.9973E-05 0.18569 9.9973E-05 0.0277235 0.355325 0.293343 0.00934876 0.12827
0.0959612 9.9991E-05 0.110599 0.319712 0.0198831 0.0477745 0.152756 0.106993 0.146222
0.00616387 9.9964E-05 9.9964E-05 0.527001 0.222298 9.9964E-05 9.9964E-05 0.165867 0.0782694
0.10555 9.9973E-05 0.147092 0.401507 0.0479376 0.217643 0.0799704 9.9973E-05 9.9973E-05
9.9973E-05 0.0563062 0.0586265 0.262341 9.9973E-05 0.441711 0.15888 0.0218352 9.9973E-05
0.0165332 0.0213369 0.112395 0.458413 0.0666751 0.204869 0.103706 9.9991E-05 0.0159724
9.9964E-05 0.0736673 0.0434017 0.619822 0.0992271 0.163482 9.9964E-05 9.9964E-05 9.9964E-05
9.9955E-05 9.9955E-05 0.129331 0.776246 9.9955E-05 0.0749327 0.0189897 9.9955E-05 9.9955E-05
0.00464667 9.9973E-05 0.13096 0.707013 0.0585564 9.9973E-05 0.0625902 0.0359337 9.9973E-05
0.093676 9.9964E-05 0.407618 0.139135 9.9964E-05 0.111387 0.247785 9.9964E-05 9.9964E-05
9.9955E-05 0.114151 0.064501 0.383815 9.9955E-05 0.437033 9.9955E-05 9.9955E-05 9.9955E-05
9.9973E-05 9.9973E-05 0.119371 0.420076 0.0477051 0.202273 9.9973E-05 0.195958 0.0143173
0.051978 9.9982E-05 0.190606 0.398717 0.118943 0.160408 0.0278074 0.0513403 9.9982E-05
9.9964E-05 9.9964E-05 9.9964E-05 0.262243 0.0277683 0.296783 0.388173 0.0246341 9.9964E-05
0.00734699 9.9973E-05 0.026285 0.578024 0.0166968 9.9973E-05 9.9973E-05 0.199959 0.171387
0.0688487 0.0106046 9.9973E-05 0.194884 0.0425685 9.9973E-05 9.9973E-05 0.156406 0.526388
9.9982E-05 9.9982E-05 0.0993478 0.0919059 0.0315031 0.198312 0.141232 0.0488948 0.388604
0.00935029 0.00163777 9.9973E-05 0.0753184 0.00621003 0.0925722 9.9973E-05 9.9973E-05 0.814611
9.9982E-05 9.9982E-05 0.115661 0.464896 0.162238 0.136861 0.0398595 0.0740252 0.00625859
0.0296685 9.9973E-05 0.00286981 0.134839 0.0662081 9.9973E-05 0.0836849 9.9973E-05 0.68243
9.9964E-05 0.0527847 9.9964E-05 0.0648437 0.0207648 9.9964E-05 0.272415 9.9964E-05 0.588792
0.0249449 9.9982E-05 0.0500316 0.311411 0.0524801 0.190504 0.209001 0.161427 9.9982E-05
0.00425381 0.113174 0.0229909 0.588217 0.0451866 0.0384266 0.0610298 0.117901 0.00882037
9.9964E-05 9.9964E-05 0.158513 0.276247 9.9964E-05 0.285529 0.104462 0.174849 9.9964E-05
0.015932 9.9973E-05 9.9973E-05 0.0125734 9.9973E-05 0.112794 0.183181 0.0143469 0.660872
0.0231726 0.0170048 0.231077 0.516357 9.9973E-05 0.140859 0.0712292 9.9973E-05 9.9973E-05
0.0368934 9.9982E-05 0.0514686 0.0519907 0.0728514 9.9982E-05 0.41498 0.0731981 0.298418
9.9982E-05 0.0114135 0.21015 0.486678 0.0777503 0.0321221 0.0272092 0.154477 9.9982E-05
9.9955E-05 9.9955E-05 9.9955E-05 9.9955E-05 0.0522361 0.0874794 0.175836 9.9955E-05 0.683949
0.0500079 0.0381422 0.126219 0.23203 9.9982E-05 9.9982E-05 0.404358 0.0679922 0.081051
0.0539564 9.9982E-05 0.0289539 0.516473 0.0513962 0.252315 0.0487837 9.9982E-05 0.0479214
0.0131761 9.9973E-05 0.0606823 0.722669 0.0112428 0.120755 9.9973E-05 0.0711749 9.9973E-05
9.9964E-05 0.0484848 0.295573 0.239569 9.9964E-05 0.308854 0.107119 9.9964E-05 9.9964E-05
0.0201645 0.00110446 9.9973E-05 0.230372 9.9973E-05 9.9973E-05 0.0413319 0.0604935 0.646234
0.0770102 9.9973E-05 0.0255041 0.341508 9.9973E-05 0.10661 0.297124 9.9973E-05 0.151943
0.0199295 0.0564745 0.116538 0.181177 0.086582 9.9982E-05 0.20321 9.9982E-05 0.335889
0.0762676 0.0224327 0.0323206 0.51383 0.0993516 9.9982E-05 0.0768776 0.17872 9.9982E-05
0.00197254 9.9982E-05 0.0213085 0.0771342 0.0971357 0.114845 0.076335 9.9982E-05 0.611069
0.0202448 0.201917 0.0645951 0.100707 9.9982E-05 0.385842 0.157995 9.9982E-05 0.0684993
0.0239041 9.9964E-05 9.9964E-05 9.9964E-05 0.0106099 0.313704 0.410396 9.9964E-05 0.240986
9.9973E-05 0.0172138 0.170579 0.324641 9.9973E-05 0.248258 0.128722 0.110286 9.9973E-05
0.0591868 9.9973E-05 0.159852 9.9973E-05 0.0274616 0.160239 0.492805 9.9973E-05 0.100156
0.00116001 0.00474002 0.0982999 0.122365 9.9982E-05 0.221065 9.9982E-05 0.0823659 0.469805
0.0476885 0.0332805 0.260054 0.45607 9.9973E-05 0.0151919 9.9973E-05 0.187415 9.9973E-05
0.053582 9.9991E-05 0.121643 0.508523 0.0615754 0.0223006 0.126782 0.0983823 0.00711043
0.0860602 9.9982E-05 0.0820051 0.0710012 0.0549508 0.528169 0.142266 0.0353475 9.9982E-05
9.9973E-05 0.0603949 9.9973E-05 0.384481 0.0444052 0.409239 9.9973E-05 0.0496693 0.0515112
0.0171181 9.9982E-05 0.128317 0.131155 9.9982E-05 0.0452944 0.355687 0.0157661 0.306462
0.0457782 0.100341 9.9982E-05 0.376083 0.0189514 0.142042 0.212614 0.103991 9.9982E-05
0.0402106 9.9973E-05 0.0165627 0.731183 0.0330094 0.089836 9.9973E-05 0.0888982 9.9973E-05
9.9973E-05 0.0306884 0.0468916 0.60604 9.9973E-05 0.17771 9.9973E-05 0.0731277 0.0652424
0.0745476 9.9982E-05 0.119581 0.0670682 0.0414899 9.9982E-05 0.285466 0.0100896 0.401558
0.0378621 9.9982E-05 0.112489 0.248307 9.9982E-05 0.0588676 0.328812 0.0703772 0.143085
9.9991E-05 0.0170395 0.05049 0.406991 0.00493226 0.309585 0.0709554 0.134169 0.0057383
0.0251342 9.9973E-05 0.220585 9.9973E-05 0.083208 0.110547 0.31517 0.245056 9.9973E-05
0.106997 9.9991E-05 0.0136162 0.0666217 0.0445409 0.358768 0.101181 0.149442 0.158733
0.0549556 9.9982E-05 0.107498 0.246449 0.0172734 0.279614 0.164397 0.129614 9.9982E-05
0.063435 9.9991E-05 0.0673657 0.0585108 0.00169443 0.0976006 0.43287 0.0295082 0.248915
9.9955E-05 9.9955E-05 0.176782 0.283002 0.116528 9.9955E-05 0.423188 9.9955E-05 9.9955E-05
0.0262348 9.9973E-05 9.9973E-05 0.254915 0.0315877 0.0301293 0.332311 9.9973E-05 0.324522
0.176665 9.9955E-05 9.9955E-05 0.575132 0.081545 0.166158 9.9955E-05 9.9955E-05 9.9955E-05
9.9964E-05 9.9964E-05 0.0646573 0.697585 0.0797563 9.9964E-05 0.093104 0.0644977 9.9964E-05
9.9982E-05 0.0279418 0.00584081 0.683663 0.0440408 0.0423189 0.124804 0.0711907 9.9982E-05
0.0498904 0.0656862 0.00328139 0.658253 9.9982E-05 0.0737516 0.0661046 0.082833 9.9982E-05
0.0989098 9.9964E-05 0.347284 0.439391 0.0951063 0.0189089 9.9964E-05 9.9964E-05 9.9964E-05
9.9964E-05 9.9964E-05 0.187508 0.461934 0.116855 9.9964E-05 0.100536 0.132767 9.9964E-05
9.9973E-05 9.9973E-05 0.0360352 0.136837 0.0677929 0.170296 0.3232 9.9973E-05 0.265538
0.00991893 0.00987228 0.1255 0.135572 9.9973E-05 0.212937 0.5059 9.9973E-05 9.9973E-05
9.9973E-05 9.9973E-05 0.0207443 0.425968 0.0462649 0.337165 0.0745422 0.0950156 9.9973E-05
0.0867705 9.9982E-05 0.0260102 0.58605 0.0254624 0.216032 0.00217903 9.9982E-05 0.057296
0.0224621 9.9982E-05 0.114717 0.207987 9.9982E-05 0.181129 0.314026 0.137486 0.021992
0.0284989 0.013791 0.0217937 9.9982E-05 0.0692215 0.240447 0.445732 9.9982E-05 0.180316
0.0263604 0.0430129 0.246715 0.169259 0.035899 0.345556 0.0503122 0.0827862 9.9991E-05
0.0902077 9.9973E-05 0.159858 0.410573 0.166097 0.154189 0.0187752 9.9973E-05 9.9973E-05
9.9973E-05 0.0615167 0.102624 0.0391408 9.9973E-05 9.9973E-05 0.130215 0.00539527 0.660809
9.9964E-05 9.9964E-05 0.0967754 0.0693719 0.0417791 0.213378 9.9964E-05 9.9964E-05 0.578295
0.0062422 9.9982E-05 0.0790098 0.545888 0.133216 0.0334227 0.0604696 0.141552 9.9982E-05
0.00419686 0.332129 9.9982E-05 0.44281 0.131509 0.0119896 9.9982E-05 0.0640713 0.0130931
0.143877 0.355245 0.049777 0.0159267 9.9973E-05 9.9973E-05 0.145104 0.28977 9.9973E-05
0.0502943 0.271131 9.9982E-05 0.0805975 0.120982 0.232448 0.11855 0.125797 9.9982E-05
9.9982E-05 0.137088 0.168569 0.403143 0.0629691 0.21391 0.00158589 0.0125345 9.9982E-05
0.0744798 0.386243 0.0779236 0.163207 0.141512 0.0555043 9.9982E-05 0.10093 9.9982E-05
0.125498 0.344369 0.0759018 0.225101 0.10341 0.054239 9.9991E-05 0.0297672 0.0416126
0.0458175 0.471861 9.9973E-05 0.191466 9.9973E-05 0.173675 0.116252 9.9973E-05 0.000629358
9.9982E-05 0.301366 0.131446 0.0356965 0.271156 0.0766998 9.9982E-05 0.157787 0.0256488
0.0199324 0.329199 9.9982E-05 0.171647 0.235929 0.10177 0.0834478 0.057874 9.9982E-05
0.0756091 0.181623 0.0902425 0.364057 0.249375 9.9991E-05 0.00861292 0.0292159 0.00116405
0.158815 0.125241 0.0504729 0.322525 0.111664 0.0397273 0.1704 0.0210544 9.9991E-05
0.0739338 0.394607 9.9982E-05 0.105507 0.00561147 0.216808 0.0610967 0.142236 9.9982E-05
0.0198838 0.13535 0.0909938 0.235198 0.0247951 0.291549 0.0654979 0.136633 9.9991E-05
9.9964E-05 0.0817724 0.133848 9.9964E-05 0.299051 0.278416 9.9964E-05 0.206513 9.9964E-05
0.0150553 0.269456 9.9973E-05 0.095406 0.176125 0.332689 9.9973E-05 0.110968 9.9973E-05
0.0790276 0.490448 9.9991E-05 0.0624049 0.0383696 0.0243822 0.217248 0.0803101 0.00770976
0.0811812 0.385742 0.147063 0.302311 9.9964E-05 0.0833037 9.9964E-05 9.9964E-05 9.9964E-05
0.0440689 0.235197 9.9982E-05 0.156875 0.140326 0.0207231 0.199929 0.202681 9.9982E-05
0.0530255 0.0543895 9.9973E-05 0.0689403 9.9973E-05 9.9973E-05 0.0769751 0.0404518 0.705918
0.0762166 0.18978 0.145074 0.189585 0.177991 0.191149 9.9982E-05 9.9982E-05 0.0300041
0.0539194 0.201459 0.179922 0.0143363 0.212822 0.295058 0.042283 9.9982E-05 9.9982E-05
0.0790997 0.0846939 0.00648792 0.478946 9.9991E-05 0.0250011 0.165187 0.0468448 0.11364
0.0586386 0.549581 0.197705 0.0187956 0.0669641 9.9982E-05 9.9982E-05 0.0673665 0.0407492
0.086299 0.354724 0.348128 9.9964E-05 0.193467 9.9964E-05 9.9964E-05 0.0169823 9.9964E-05
0.014824 0.146684 0.19453 0.224076 0.0697833 9.9973E-05 0.349803 9.9973E-05 9.9973E-05
0.0886094 0.308336 9.9973E-05 0.241012 0.249273 9.9973E-05 0.0492448 0.0632251 9.9973E-05
0.0723674 0.234762 9.9982E-05 0.210435 0.0526268 0.239713 0.0248422 0.165054 9.9982E-05
0.0849023 0.174623 0.000899142 0.102104 0.143874 0.182583 0.0179473 0.292968 9.9991E-05
0.0984398 0.380174 9.9973E-05 0.0805674 0.210698 9.9973E-05 0.201386 0.0284351 9.9973E-05
0.112537 0.329732 0.00130605 0.0253506 0.138919 0.127816 0.133402 0.102929 0.0280083
0.0214509 0.469933 0.0532476 0.146476 0.135388 0.0177285 9.9982E-05 0.155576 9.9982E-05
0.999201 9.993E-05 9.993E-05 9.993E-05 9.993E-05 9.993E-05 9.993E-05 9.993E-05 9.993E-05
0.0767976 0.282733 0.0305018 0.140627 0.130352 0.0949005 9.9991E-05 0.21472 0.0292691
0.0749886 0.269047 9.9982E-05 0.310025 0.119557 0.0539791 0.0104276 0.161776 9.9982E-05
0.089911 0.489657 0.0504892 9.9982E-05 0.0372784 0.161658 0.131787 9.9982E-05 0.039019
0.0682101 0.414742 0.0502871 0.00684688 0.170096 0.186243 0.103375 9.9982E-05 9.9982E-05
0.00310097 0.390776 0.201965 0.117478 0.141659 9.9982E-05 9.9982E-05 0.0857156 0.0591068
9.9973E-05 9.9973E-05 0.00758026 0.367797 0.191456 0.396425 0.00123897 0.0352025 9.9973E-05
9.9982E-05 0.365057 0.0767687 0.114135 0.179585 0.153458 9.9982E-05 0.0834891 0.0273071
0.0929803 0.224947 9.9982E-05 0.122119 0.0971119 0.363808 9.9982E-05 0.094565 0.00426875
0.0390203 0.32702 0.256628 0.192267 0.0541876 0.130577 9.9973E-05 9.9973E-05 9.9973E-05
0.00977534 0.328374 9.9973E-05 0.260559 0.0584175 9.9973E-05 0.110738 0.231837 9.9973E-05
0.999201 9.993E-05 9.993E-05 9.993E-05 9.993E-05 9.993E-05 9.993E-05 9.993E-05 9.993E-05
0.0206054 0.00933361 0.269553 0.433388 0.128597 9.9982E-05 0.0761785 0.0621455 9.9982E-05
0.141949 0.361375 0.0034603 0.207579 0.111372 9.9982E-05 9.9982E-05 0.172598 0.00146642
0.0270194 0.0488618 9.9973E-05 0.384432 0.0329828 9.9973E-05 0.358066 9.9973E-05 0.148338
0.0232483 9.9982E-05 0.0975138 0.208493 0.13064 0.212996 0.149078 0.177832 9.9982E-05
9.9991E-05 0.138184 0.191959 0.480966 0.0175394 0.0197054 0.103272 0.0332294 0.0150439
0.0156036 0.386666 0.0233386 0.0487348 0.164859 0.351576 9.9982E-05 9.9982E-05 0.00902222
0.0130754 0.153365 0.24295 9.9973E-05 0.255787 0.332205 9.9973E-05 0.00231762 9.9973E-05
0.0714745 0.392784 9.9973E-05 0.098997 0.260929 0.144849 9.9973E-05 9.9973E-05 0.0306668
0.0861139 0.29318 0.114365 0.240684 0.0938767 0.0566778 0.0409329 0.074069 9.9991E-05
0.0116302 0.295127 0.0367796 0.230526 0.20639 0.110385 0.0708176 0.0335194 0.00482593
9.9973E-05 0.300876 9.9973E-05 0.21637 0.255555 0.147602 9.9973E-05 0.0748483 0.00444864
9.9973E-05 0.355933 0.0474787 0.3334 0.0529521 0.146009 9.9973E-05 0.0639277 9.9973E-05
0.136514 0.483545 0.0217002 0.0930532 0.00799366 0.11282 9.9982E-05 0.144173 9.9982E-05
0.186683 0.299121 9.9955E-05 0.296446 9.9955E-05 0.217251 9.9955E-05 9.9955E-05 9.9955E-05
0.0151432 9.99459E-05 9.99459E-05 9.99459E-05 9.99459E-05 9.99459E-05 0.0597948 0.924462 9.99459E-05
0.0820612 0.501698 9.9973E-05 0.145188 0.117883 0.12712 9.9973E-05 0.0257494 9.9973E-05
0.00831762 0.556216 9.9964E-05 0.117629 0.0281322 0.289305 9.9964E-05 9.9964E-05 9.9964E-05
0.0826305 0.301238 0.118207 0.0598434 0.216673 0.146081 9.9991E-05 0.0622734 0.012954
9.9973E-05 0.4725 0.151597 9.9973E-05 0.109802 0.136147 0.0602809 0.0693723 9.9973E-05
0.0249217 0.102752 0.172578 0.501013 9.9982E-05 0.0698537 0.0990382 0.0296433 9.9982E-05
0.0749025 0.349264 9.9964E-05 0.00956923 9.9964E-05 0.420801 9.9964E-05 0.145064 9.9964E-05
0.0425667 9.9991E-05 0.0713622 0.323194 0.0084304 0.0480053 0.354341 0.00646197 0.145539
0.0483272 0.235065 0.0634605 0.187882 0.328971 0.0199501 9.9991E-05 0.0856012 0.0306438
9.9982E-05 0.49391 0.0176536 9.9982E-05 0.0451159 0.351065 0.0541777 0.00253473 0.0353426
0.0671281 0.0105427 0.0123097 0.391512 0.115672 0.0448793 0.270941 0.0125733 0.0744414
0.041697 0.162066 0.0324958 0.00610544 0.30471 0.231249 9.9991E-05 0.206359 0.0152185
0.0780327 0.375107 0.0781693 0.0603211 9.9982E-05 0.208999 0.0830169 0.116154 9.9982E-05
0.0361592 9.9937E-05 9.9937E-05 9.9937E-05 9.9937E-05 9.9937E-05 9.9937E-05 0.963141 9.9937E-05
0.000687573 0.343962 9.9982E-05 0.0726749 0.165901 0.27048 0.0653687 0.0807255 9.9982E-05
0.0393525 0.265753 0.247795 0.204506 0.117482 0.071303 0.0536077 9.9982E-05 9.9982E-05
9.9973E-05 0.406871 0.0147837 0.301089 0.183247 9.9973E-05 0.0605991 0.0331103 9.9973E-05
0.0823001 0.437844 0.0737634 0.154701 0.0652482 9.9982E-05 9.9982E-05 0.146381 0.0395627
0.0169439 0.250475 0.135797 0.211493 0.178066 0.0348521 9.9982E-05 0.172173 9.9982E-05
0.0486894 0.0947143 0.219081 0.174531 9.9982E-05 0.293327 0.0477877 0.121669 9.9982E-05
0.0595793 0.345179 0.16332 0.132682 0.0434027 0.143452 0.0274316 0.0848533 9.9991E-05
0.0969396 0.162935 0.058972 0.246567 0.186216 0.135486 0.0934805 0.019304 9.9991E-05
9.9955E-05 0.0307825 9.9955E-05 9.9955E-05 9.9955E-05 9.9955E-05 0.20177 0.106562 0.660386
9.9973E-05 0.352515 9.9973E-05 0.204546 0.122169 0.16017 9.9973E-05 0.151916 0.00838453
9.9982E-05 0.090618 0.0116335 0.57863 0.0616713 0.105283 0.0804319 9.9982E-05 0.071532
0.0666783 0.479416 0.114413 9.9982E-05 0.130857 0.0503492 0.0946805 0.0634069 9.9982E-05
