9.9973E-05 0.0217448 0.0193794 0.446484 9.9973E-05 0.0621523 9.9973E-05 0.149152 0.300787
0.0516436 9.9982E-05 9.9982E-05 0.210821 0.0843302 0.0589181 0.047946 0.150909 0.395232
0.150105 9.9955E-05 9.9955E-05 9.9955E-05 0.279025 9.9955E-05 9.9955E-05 0.164666 0.405705
0.0202905 0.131993 9.9991E-05 0.051357 0.0123518 0.00129622 0.0232715 0.349563 0.409777
9.9982E-05 0.000931685 9.9982E-05 0.123673 0.044009 0.0128616 0.0411472 0.417432 0.359745
9.9964E-05 0.622068 0.0465856 9.9964E-05 0.307234 0.0097698 9.9964E-05 0.0139433 9.9964E-05
9.9973E-05 9.9973E-05 0.0868603 0.127413 0.172289 9.9973E-05 0.00719891 0.184106 0.421832
0.0221364 0.803629 9.9955E-05 0.140454 0.0332802 9.9955E-05 9.9955E-05 9.9955E-05 9.9955E-05
9.9973E-05 9.9973E-05 9.9973E-05 0.324141 0.167202 0.0150737 0.0194899 0.366684 0.107109
0.0181305 9.9982E-05 9.9982E-05 0.110591 0.183306 0.0199837 0.108269 0.231564 0.327957
0.0893393 9.9973E-05 9.9973E-05 0.17543 0.0950575 0.0102263 9.9973E-05 0.421278 0.208369
9.9982E-05 0.189244 9.9982E-05 0.0162545 0.111893 0.0455387 0.144384 0.231651 0.260834
9.9973E-05 9.9973E-05 9.9973E-05 0.112446 0.0618981 0.00943421 0.0567567 0.177715 0.58145
0.125846 0.0934393 9.9982E-05 9.9982E-05 0.0376641 0.0299468 0.0207229 0.535966 0.156215
9.9955E-05 0.457075 9.9955E-05 9.9955E-05 0.404101 9.9955E-05 0.0214985 9.9955E-05 0.116825
0.226754 9.9964E-05 9.9964E-05 9.9964E-05 0.215037 9.9964E-05 0.0825047 0.241881 0.233423
9.9982E-05 0.0887904 9.9982E-05 0.423202 0.259457 0.0311916 0.0264183 0.150077 0.0206639
0.00193971 9.9973E-05 0.0523565 9.9973E-05 9.9973E-05 0.0297044 0.00300938 0.303906 0.608784
9.9964E-05 9.9964E-05 9.9964E-05 0.239858 0.101757 9.9964E-05 0.146333 0.359643 0.15201
0.0780091 9.9964E-05 9.9964E-05 0.192341 9.9964E-05 0.0442849 9.9964E-05 0.488806 0.196159
9.9964E-05 9.9964E-05 0.0138195 0.164193 9.9964E-05 9.9964E-05 0.100392 0.482665 0.238531
0.0206568 0.0585504 9.9982E-05 0.168263 0.131642 0.0489739 9.9982E-05 0.292227 0.279487
0.106328 9.9982E-05 9.9982E-05 0.0921003 0.14963 0.0411078 0.0494556 0.40777 0.153409
0.106148 0.463757 9.9964E-05 0.141043 0.199158 9.9964E-05 9.9964E-05 9.9964E-05 0.0894944
0.0404336 0.0214554 0.0555141 0.182288 9.9982E-05 0.0377419 9.9982E-05 0.389048 0.27332
9.9964E-05 0.483112 9.9964E-05 9.9964E-05 0.286386 0.0152992 0.0900311 9.9964E-05 0.124772
0.047966 0.367876 9.9982E-05 0.158831 0.266813 9.9982E-05 0.0275455 0.0950186 0.0357503
9.9973E-05 0.319989 9.9973E-05 0.0498408 9.9973E-05 0.0132592 0.0519293 0.48081 0.0838709
0.0538499 0.507654 9.9973E-05 0.102562 0.311513 0.00359284 9.9973E-05 0.0205282 9.9973E-05
9.9955E-05 0.104319 9.9955E-05 9.9955E-05 0.0382013 9.9955E-05 9.9955E-05 0.564033 0.292947
9.9964E-05 0.381178 9.9964E-05 0.193926 0.126494 0.064973 9.9964E-05 9.9964E-05 0.233029
0.102027 9.9982E-05 0.0606014 9.9982E-05 0.107184 0.00834308 0.0276073 0.354742 0.339295
0.168156 0.11658 9.9955E-05 9.9955E-05 0.265091 9.9955E-05 9.9955E-05 0.449674 9.9955E-05
9.9946E-05 0.770486 9.9946E-05 9.9946E-05 0.0576392 9.9946E-05 9.9946E-05 9.9946E-05 0.171275
0.105129 0.692883 0.0425321 9.9964E-05 0.0969806 9.9964E-05 0.0620763 9.9964E-05 9.9964E-05
0.0485612 0.0881477 9.9982E-05 9.9982E-05 0.0689079 0.00498969 0.0244911 0.448373 0.31633
0.00799419 0.0871153 9.9982E-05 0.0783725 0.111497 9.9982E-05 0.0852802 0.376543 0.252998
0.106098 9.9973E-05 9.9973E-05 0.281956 9.9973E-05 0.0231277 0.0433043 0.469488 0.0757261
0.0254687 0.701131 0.0257638 0.0167801 9.9973E-05 9.9973E-05 9.9973E-05 0.081409 0.149148
9.9964E-05 0.306409 9.9964E-05 0.164851 0.18155 0.0690068 9.9964E-05 9.9964E-05 0.277783
0.0340237 0.156343 9.9991E-05 0.170611 0.203464 0.00612472 0.141705 0.19119 0.0964384
9.9964E-05 9.9964E-05 9.9964E-05 0.0974548 0.354853 9.9964E-05 0.0806861 0.429269 0.0373371
0.0724071 0.0951165 9.9991E-05 0.0937461 0.0539305 0.0445061 0.00233526 0.2767 0.361159
0.0523857 0.532314 9.9991E-05 0.0216096 0.0411264 0.0276636 0.0237043 0.105767 0.195329
9.9973E-05 9.9973E-05 0.060904 0.3979 0.0304801 9.9973E-05 0.0357678 0.358333 0.116315
0.159111 9.9982E-05 9.9982E-05 0.216156 0.0243973 0.0243231 0.12325 0.330411 0.122152
0.119103 0.0504314 0.00362162 0.189957 0.135466 0.0377945 0.053344 0.371198 0.0390844
0.0387383 9.9964E-05 9.9964E-05 0.227799 0.330585 0.00658619 9.9964E-05 0.395892 9.9964E-05
0.0745738 0.0421702 9.9991E-05 0.36304 0.0714902 0.0190135 0.0242447 0.135621 0.269747
9.9955E-05 0.382891 9.9955E-05 0.241821 0.349287 0.0255022 9.9955E-05 9.9955E-05 9.9955E-05
0.0984495 9.9973E-05 0.00652552 9.9973E-05 0.108226 0.0356606 9.9973E-05 0.476863 0.273975
9.999E-05 0.356434 0.02476 0.175347 0.168208 0.0219094 0.0145721 0.0781276 0.160543
9.9982E-05 9.9982E-05 0.0308446 0.148902 0.17708 0.0339537 0.084759 0.239125 0.285135
0.0141259 0.787128 9.9946E-05 9.9946E-05 0.198147 9.9946E-05 9.9946E-05 9.9946E-05 9.9946E-05
0.0336715 0.319477 9.9982E-05 9.9982E-05 0.279963 0.0131837 0.0621455 0.135195 0.156164
9.9964E-05 9.9964E-05 9.9964E-05 9.9964E-05 0.0836866 0.0691698 0.00658499 0.34637 0.493788
0.0908259 9.9955E-05 9.9955E-05 0.422494 9.9955E-05 9.9955E-05 9.9955E-05 0.410546 0.0756349
0.0761266 0.152122 9.9991E-05 0.00720099 0.0264251 0.0649928 0.127072 0.524854 0.021107
0.0642276 0.286529 9.9973E-05 0.311658 0.132046 9.9973E-05 0.0133346 0.191905 9.9973E-05
9.9955E-05 0.319063 9.9955E-05 0.169366 9.9955E-05 9.9955E-05 9.9955E-05 0.456117 0.0549545
0.0319568 0.735006 0.0780587 0.0847951 0.0627672 0.00711666 9.9973E-05 9.9973E-05 9.9973E-05
9.9937E-05 0.720031 9.9937E-05 9.9937E-05 0.279269 9.9937E-05 9.9937E-05 9.9937E-05 9.9937E-05
9.9982E-05 0.065649 0.0336254 0.0426146 0.0245757 9.9982E-05 0.0242012 0.483129 0.326005
9.9955E-05 0.853356 9.9955E-05 0.0786491 0.0565105 9.9955E-05 0.0109844 9.9955E-05 9.9955E-05
9.9973E-05 9.9973E-05 9.9973E-05 0.052235 0.294656 0.0565037 0.0661327 0.387302 0.14287
9.9946E-05 0.770002 9.9946E-05 9.9946E-05 9.9946E-05 9.9946E-05 0.0775402 9.9946E-05 0.151858
0.0329058 9.9973E-05 9.9973E-05 0.0713762 9.9973E-05 0.0449184 0.15479 0.61746 0.0782497
0.00187532 0.0940595 9.9982E-05 0.0110946 0.368386 0.0546924 0.00818877 9.9982E-05 0.461503
0.138576 9.9964E-05 9.9964E-05 0.408588 9.9964E-05 9.9964E-05 0.107697 0.335358 0.00938073
9.9955E-05 0.517691 9.9955E-05 9.9955E-05 0.432637 0.0124787 0.0366942 9.9955E-05 9.9955E-05
0.0331707 0.00861283 9.9982E-05 0.430161 9.9982E-05 0.0669544 0.10454 0.12107 0.235291
0.0774727 0.0541487 9.9982E-05 0.129427 9.9982E-05 0.0879079 0.0152008 0.207882 0.427761
0.0384996 0.303555 9.9991E-05 0.138377 0.00186821 0.0621726 0.0015792 0.369391 0.084458
9.9982E-05 9.9982E-05 0.00774059 0.000830302 0.23734 0.0711666 0.0205225 0.290792 0.371409
0.150232 0.0663282 9.9991E-05 0.0991751 0.101945 0.071712 0.0110627 0.231678 0.267768
9.9973E-05 0.376282 9.9973E-05 0.0515249 9.9973E-05 0.0091381 0.0423345 0.193514 0.326907
0.0572189 0.0102409 0.000728161 0.0202624 0.0396184 0.00753797 0.0231691 0.486198 0.355026
0.198508 0.155416 9.9982E-05 0.26228 0.109509 0.00660787 0.017966 0.249512 9.9982E-05
0.164589 0.0951742 0.026989 0.0577796 0.184566 0.0192965 9.9991E-05 0.162284 0.289222
0.073638 0.0153163 0.0406771 0.0536401 0.0257357 0.0382453 0.0133259 0.659779 0.0796421
0.0321004 9.9973E-05 9.9973E-05 0.167972 0.175189 0.10652 0.0945851 9.9973E-05 0.423334
0.0722066 9.9973E-05 9.9973E-05 9.9973E-05 0.131831 0.00116141 0.115917 0.501753 0.176831
0.022861 0.0742678 9.9991E-05 0.305818 0.00706269 0.0431114 0.0240311 0.307083 0.215665
0.0196365 9.9964E-05 9.9964E-05 0.132382 9.9964E-05 9.9964E-05 0.0209854 0.518438 0.308158
0.0237109 9.9964E-05 9.9964E-05 0.122757 0.0943369 9.9964E-05 9.9964E-05 0.277449 0.481346
0.0904032 0.103553 9.9982E-05 0.311302 0.0857066 0.0393089 0.0811195 9.9982E-05 0.288407
0.0890259 0.230585 9.9964E-05 9.9964E-05 0.217694 9.9964E-05 9.9964E-05 0.215932 0.246364
0.0500262 0.150327 9.9973E-05 9.9973E-05 0.321641 9.9973E-05 0.0203322 0.374468 0.0829061
0.0461042 0.733545 9.99641E-05 9.99641E-05 0.110662 9.99641E-05 0.060809 0.0484809 9.99641E-05
0.034325 0.168714 0.0105436 0.0873635 0.174958 0.0284544 0.0745781 0.294241 0.126824
0.228553 0.0338742 9.9991E-05 0.145766 0.199153 0.00109081 0.129841 0.215964 0.0456596
9.9964E-05 0.408256 9.9964E-05 0.107522 0.2703 9.9964E-05 0.0599732 0.153548 9.9964E-05
0.125797 0.00417523 9.9982E-05 0.275612 9.9982E-05 0.0289364 0.00998623 0.369042 0.186252
9.9964E-05 0.239602 9.9964E-05 0.105561 0.0411396 9.9964E-05 9.9964E-05 0.310744 0.302554
9.9982E-05 0.357832 9.9982E-05 0.145776 0.350409 0.0377322 0.0130271 0.0379092 0.0571147
9.9955E-05 0.737998 9.9955E-05 9.9955E-05 0.185532 0.0605105 9.9955E-05 9.9955E-05 0.0154605
0.0512113 0.0768348 9.9982E-05 9.9982E-05 0.043344 0.0387336 0.121572 0.448967 0.219137
0.00224054 9.9973E-05 9.9973E-05 0.121425 0.313709 9.9973E-05 0.099998 0.337946 0.124382
0.134478 0.0507668 9.9982E-05 0.381453 0.0457574 9.9982E-05 0.0146264 0.157847 0.214871
9.9955E-05 0.20212 9.9955E-05 0.148183 9.9955E-05 9.9955E-05 9.9955E-05 0.337915 0.311282
0.0857744 0.38533 9.9973E-05 0.127685 0.302968 0.0126316 0.0853107 9.9973E-05 9.9973E-05
0.0686891 0.111041 9.9982E-05 0.0159685 0.0666645 9.9982E-05 0.016997 0.278051 0.442389
0.138747 0.0406981 0.0903233 0.135499 9.9982E-05 0.00724454 9.9982E-05 0.302284 0.285004
9.9964E-05 9.9964E-05 9.9964E-05 0.36833 9.9964E-05 0.0662261 0.0486288 0.306168 0.210248
0.265569 9.9973E-05 0.00289781 0.0896491 9.9973E-05 9.9973E-05 0.0024581 0.440445 0.19868
0.0317414 0.633688 9.9964E-05 9.9964E-05 0.232278 9.9964E-05 0.00865294 9.9964E-05 0.0932398
0.00743096 0.410825 0.0377487 0.166341 0.330604 9.9982E-05 0.0112993 9.9982E-05 0.0355519
0.0532681 9.9955E-05 9.9955E-05 0.361218 9.9955E-05 9.9955E-05 9.9955E-05 0.196124 0.38889
0.0673141 9.9973E-05 9.9973E-05 0.0385496 0.180585 9.9973E-05 0.113607 0.260392 0.339252
0.148691 9.9973E-05 9.9973E-05 9.9973E-05 0.0374653 0.084333 0.00282893 0.473098 0.253284
9.9955E-05 0.341085 9.9955E-05 0.0617964 0.300572 9.9955E-05 9.9955E-05 0.296047 9.9955E-05
9.9937E-05 0.81148 9.9937E-05 0.187821 9.9937E-05 9.9937E-05 9.9937E-05 9.9937E-05 9.9937E-05
0.0545531 0.352339 9.9982E-05 0.00717588 0.18989 0.00338884 9.9982E-05 0.347103 0.0453507
0.062698 9.9973E-05 0.000576475 9.9973E-05 0.0325894 0.0191598 9.9973E-05 0.328966 0.555711
9.9973E-05 0.0483332 9.9973E-05 0.302629 0.0872712 9.9973E-05 0.0769439 0.141272 0.343251
0.0749118 9.9973E-05 9.9973E-05 0.250395 9.9973E-05 0.00439717 0.00116118 0.18179 0.487045
0.0255539 9.9982E-05 9.9982E-05 0.490481 0.00151301 0.00249527 0.0181011 0.316937 0.144718
0.00860558 0.782139 9.9955E-05 9.9955E-05 0.174217 9.9955E-05 0.0345379 9.9955E-05 9.9955E-05
9.9973E-05 0.0231021 9.9973E-05 0.070941 9.9973E-05 0.0631672 0.0484193 0.41695 0.377121
0.178355 9.9973E-05 0.0857342 9.9973E-05 0.0518489 0.00341992 9.9973E-05 0.457373 0.222969
9.9973E-05 0.128407 9.9973E-05 0.00234805 9.9973E-05 0.0345972 0.0154793 0.406011 0.412858
9.9964E-05 0.588877 9.9964E-05 9.9964E-05 0.245525 0.0291414 0.00738597 0.12867 9.9964E-05
0.12178 9.99685E-05 9.99685E-05 0.0639442 0.0833356 9.99685E-05 0.0222348 0.708305 9.99685E-05
0.0868432 9.9973E-05 0.00299724 0.172417 0.171464 9.9973E-05 9.9973E-05 0.249037 0.316942
0.10713 9.9982E-05 0.00429166 0.0638265 9.9982E-05 0.0185498 0.00938275 0.29797 0.498649
9.9982E-05 0.039591 9.9982E-05 0.121885 0.140039 0.119181 0.0120139 0.213291 0.353798
9.9964E-05 0.521646 9.9964E-05 0.119559 9.9964E-05 0.0286256 0.200205 0.129565 9.9964E-05
0.0243312 0.831924 0.0414703 0.0464281 0.0549188 9.9973E-05 9.9973E-05 9.9973E-05 0.000627563
0.158307 9.9973E-05 9.9973E-05 0.0061527 0.341742 9.9973E-05 0.0706858 0.0562391 0.366573
0.0697768 0.0165101 0.0500744 0.119647 0.0455865 0.0364594 0.0112956 0.281189 0.369462
9.9982E-05 9.9982E-05 0.0485723 0.293397 0.0693696 0.00685309 0.0474872 0.211395 0.322726
9.9982E-05 9.9982E-05 0.0618704 0.0779491 0.291413 0.0491352 0.0541335 0.236378 0.228921
0.0164555 0.30173 9.9964E-05 9.9964E-05 0.293489 9.9964E-05 0.0879228 0.300003 9.9964E-05
0.0431041 9.9982E-05 0.148148 0.159447 0.177356 0.00773825 9.9982E-05 0.334735 0.12927
0.0540316 0.14544 9.9982E-05 0.113699 0.0278489 0.0375571 9.9982E-05 0.318478 0.302746
0.999201 9.993E-05 9.993E-05 9.993E-05 9.993E-05 9.993E-05 9.993E-05 9.993E-05 9.993E-05
0.104111 0.507141 0.00461365 0.0119095 0.0610407 0.00601528 0.0245889 0.28048 9.9991E-05
9.9973E-05 0.238697 9.9973E-05 9.9973E-05 0.157335 0.012444 0.0272885 0.335181 0.228755
0.990276 0.00902479 9.99369E-05 9.99369E-05 9.99369E-05 9.99369E-05 9.99369E-05 9.99369E-05 9.99369E-05
0.161057 0.51396 9.9973E-05 0.0176472 0.171512 0.0566056 9.9973E-05 0.078919 9.9973E-05
9.9955E-05 0.0567023 9.9955E-05 9.9955E-05 0.318351 9.9955E-05 9.9955E-05 0.252066 0.37238
9.9955E-05 0.303516 9.9955E-05 9.9955E-05 0.208178 0.173148 9.9955E-05 0.314659 9.9955E-05
0.0130935 0.148246 9.9982E-05 9.9982E-05 0.250073 0.0157126 0.110774 0.258271 0.20363
9.9964E-05 0.0854128 9.9964E-05 0.287946 0.488856 9.9964E-05 0.0896437 0.047742 9.9964E-05
9.9964E-05 0.505491 0.0367793 0.127497 0.317006 0.0128278 9.9964E-05 9.9964E-05 9.9964E-05
0.0279507 0.22167 9.9991E-05 0.0397838 0.0644157 0.0138917 0.218868 0.141039 0.272282
0.110168 0.0961125 9.9982E-05 0.201484 0.335009 0.0344081 9.9982E-05 0.101035 0.121583
0.0739272 9.9973E-05 9.9973E-05 0.277286 0.0465179 0.0797554 0.0842781 0.437936 9.9973E-05
0.0119066 9.9955E-05 9.9955E-05 0.348246 9.9955E-05 0.0450232 9.9955E-05 9.9955E-05 0.594324
0.0400284 9.9973E-05 0.185065 0.155939 9.9973E-05 0.0560717 9.9973E-05 0.274162 0.288434
9.9955E-05 9.9955E-05 9.9955E-05 9.9955E-05 0.305406 9.9955E-05 0.0208648 0.406356 0.266874
9.9973E-05 0.296347 9.9973E-05 0.132218 0.0426849 0.0334647 9.9973E-05 0.315421 0.179564
9.9964E-05 0.682792 9.9964E-05 9.9964E-05 0.0769355 0.0489644 0.0426215 0.148286 9.9964E-05
9.9964E-05 0.410263 0.125322 9.9964E-05 0.200487 9.9964E-05 9.9964E-05 0.0397201 0.223808
0.296036 0.0217929 9.9982E-05 9.9982E-05 0.116352 0.0289805 0.0612803 0.147598 0.32776
0.195305 9.9982E-05 0.0400627 0.091766 0.153187 9.9982E-05 0.0913871 0.210112 0.217981
0.00227613 0.688552 0.0244395 9.9964E-05 0.25716 9.9964E-05 9.9964E-05 9.9964E-05 0.0271728
0.20001 9.9991E-05 0.0152299 0.120418 0.141909 0.00923885 0.0231703 0.319686 0.170238
9.9973E-05 9.9973E-05 0.0066031 0.198482 0.156572 9.9973E-05 0.122668 0.313586 0.201788
0.0700168 0.147106 9.9991E-05 0.110097 0.0882252 0.0551386 0.0915129 0.327628 0.110175
0.143069 9.9973E-05 0.0526369 9.9973E-05 0.159255 0.00695882 9.9973E-05 0.378821 0.25896
0.128522 0.124198 9.9991E-05 0.220867 0.183745 0.0277533 0.0666625 0.208251 0.0399008
0.217424 9.9973E-05 9.9973E-05 9.9973E-05 0.216871 0.0340416 0.094713 0.241415 0.195236
0.0777963 0.0195431 9.9982E-05 0.141744 0.0625225 0.105842 0.0209234 9.9982E-05 0.571429
9.9955E-05 9.9955E-05 9.9955E-05 0.318398 9.9955E-05 9.9955E-05 0.0159188 0.221926 0.443257
0.102959 9.9973E-05 9.9973E-05 0.0865017 9.9973E-05 0.0901673 0.0189044 0.533624 0.167544
0.0115722 0.0785672 0.01538 0.000231578 0.332005 0.034675 0.0510058 0.0704031 0.40616
0.110544 0.426415 9.9964E-05 0.0397336 0.204202 9.9964E-05 9.9964E-05 0.218706 9.9964E-05
0.178067 0.218961 9.9991E-05 0.0424657 0.185198 0.000474648 0.0051026 0.233679 0.135952
0.207401 0.00300759 0.0313561 0.254054 0.280733 0.00641758 0.0201851 0.0640756 0.132771
0.0927454 0.146053 9.9991E-05 0.111909 0.108683 0.0783024 0.0524244 0.0264848 0.383298
9.9973E-05 0.0705226 9.9973E-05 0.0141671 0.25855 0.0423106 9.9973E-05 0.419759 0.19439
9.99461E-05 0.851143 0.0237775 9.99461E-05 0.124479 9.99461E-05 9.99461E-05 9.99461E-05 9.99461E-05
0.136706 9.9982E-05 0.00412416 9.9982E-05 0.506852 0.00811985 0.0351641 0.28164 0.027194
0.0377907 0.23606 9.9964E-05 0.36078 0.239083 9.9964E-05 9.9964E-05 9.9964E-05 0.125886
0.14463 9.9982E-05 0.0135534 0.451123 0.221432 0.037358 0.0386358 9.9982E-05 0.0930683
9.9973E-05 0.132553 9.9973E-05 0.124397 0.351348 0.0396054 9.9973E-05 0.14031 0.211487
0.0312604 0.485206 9.9973E-05 9.9973E-05 0.25613 9.9973E-05 0.0751331 0.0052596 0.146711
9.9982E-05 0.389403 9.9982E-05 0.133788 0.0728659 0.0324223 0.0344982 0.089118 0.247705
0.00577788 0.495565 9.9982E-05 0.013807 0.0445265 0.0795614 9.9982E-05 0.248852 0.11171
9.9964E-05 9.9964E-05 9.9964E-05 0.040223 0.218332 9.9964E-05 0.00653008 0.39667 0.337845
0.0787696 0.64169 9.9946E-05 9.9946E-05 0.27894 9.9946E-05 9.9946E-05 9.9946E-05 9.9946E-05
0.0757599 0.327736 9.9964E-05 0.0438846 0.186606 9.9964E-05 9.9964E-05 9.9964E-05 0.365614
0.0332181 9.9991E-05 0.0549318 0.0328925 0.058368 0.0871407 0.0891784 0.398715 0.245456
0.00781325 0.851221 9.99551E-05 9.99551E-05 0.134704 0.00576149 9.99551E-05 9.99551E-05 9.99551E-05
0.00748269 0.379407 9.9964E-05 9.9964E-05 0.455904 0.00538612 9.9964E-05 0.15142 9.9964E-05
0.031683 9.9982E-05 9.9982E-05 0.134616 0.328776 0.0310119 0.0397167 0.368594 0.0654022
9.9964E-05 0.284702 9.9964E-05 9.9964E-05 0.291941 9.9964E-05 0.0125025 0.298003 0.112451
9.99687E-05 0.148771 9.99687E-05 0.19388 0.087114 9.99687E-05 9.99687E-05 0.333259 0.236576
0.0641485 9.9973E-05 0.0936865 0.0715827 0.0282036 9.9973E-05 9.9973E-05 0.568624 0.173455
9.9973E-05 0.253528 0.0321979 9.9973E-05 0.189277 0.0150796 9.9973E-05 0.247563 0.262054
9.9964E-05 9.9964E-05 9.9964E-05 0.296602 0.0609569 0.024458 9.9964E-05 0.413032 0.204552
0.00287344 9.9964E-05 9.9964E-05 0.152292 0.0870891 9.9964E-05 9.9964E-05 0.387993 0.369353
0.145552 0.0413338 0.065046 0.0406674 0.120779 0.0165352 0.0351702 0.375335 0.159581
0.0824867 0.157713 0.0394133 9.9982E-05 0.283231 0.0828218 9.9982E-05 0.2863 0.0678337
0.0597114 0.209223 9.9982E-05 0.0432787 9.9982E-05 0.0128143 0.0372415 0.437382 0.200149
0.132072 9.9982E-05 0.0884556 0.165098 9.9982E-05 0.0180487 0.026435 0.281569 0.288122
9.9964E-05 0.131743 0.0680145 9.9964E-05 0.104533 9.9964E-05 9.9964E-05 0.391785 0.303526
0.143699 9.9991E-05 0.0751501 0.124076 0.131984 0.021214 0.120675 0.205359 0.177742
0.0620745 9.9973E-05 0.0525018 0.186749 0.258817 9.9973E-05 9.9973E-05 0.239888 0.199669
0.0278357 0.197613 0.0272723 0.151844 0.09452 9.9982E-05 9.9982E-05 0.0984143 0.402301
0.00768499 9.9955E-05 9.9955E-05 9.9955E-05 0.0737311 9.9955E-05 9.9955E-05 0.271137 0.646947
0.0744026 9.9982E-05 0.0178842 0.454176 0.15129 0.0169367 9.9982E-05 0.0421763 0.242934
0.0977919 9.9982E-05 0.177464 0.0901642 0.138041 9.9982E-05 0.0362697 0.0660095 0.39406
9.9973E-05 9.9973E-05 0.200922 0.353977 9.9973E-05 0.0226024 0.00885898 0.138964 0.274376
0.0998004 0.183286 0.0286555 0.038983 0.177763 9.9991E-05 0.132677 0.19448 0.144255
9.9964E-05 9.9964E-05 0.0794227 0.206562 9.9964E-05 0.0238955 9.9964E-05 0.367839 0.321881
0.104168 0.114848 9.9991E-05 0.0753152 0.376073 0.0116886 0.0370451 0.255157 0.0256055
0.111325 0.00466895 9.9991E-05 0.0882113 0.118591 0.0524148 0.0934358 0.149579 0.381674
0.0256513 9.9982E-05 0.0650531 0.0561618 9.9982E-05 0.00419364 0.00864355 0.28659 0.553506
0.00303196 9.9991E-05 0.00873288 0.323295 0.0694749 0.00214773 0.0642778 0.20013 0.32881
9.9982E-05 0.294938 9.9982E-05 0.109378 0.159611 0.106167 0.0187491 0.172512 0.138444
9.9982E-05 0.320229 0.00542975 0.229219 0.258766 9.9982E-05 0.0590279 0.00316111 0.123967
0.0465659 9.9955E-05 9.9955E-05 9.9955E-05 9.9955E-05 9.9955E-05 0.077671 0.429396 0.445867
0.235539 0.011208 0.0502926 0.0288323 9.9973E-05 9.9973E-05 9.9973E-05 0.138139 0.535689
0.0140021 9.9982E-05 0.0346061 9.9982E-05 0.11619 0.0380982 0.0259763 0.429734 0.341194
0.0101901 9.9982E-05 0.0789405 0.118412 0.197812 0.0395528 9.9982E-05 0.331606 0.223287
0.248629 0.208215 9.9982E-05 0.0583415 0.215656 0.0148292 0.00839533 0.245734 9.9982E-05
0.0839685 0.0950582 9.9982E-05 9.9982E-05 0.326517 0.0395876 0.0352718 0.119775 0.299622
9.9982E-05 9.9982E-05 0.0610943 0.246625 0.20387 0.0409034 0.0672214 0.0127246 0.367361
0.11747 0.489472 9.9982E-05 9.9982E-05 0.172238 0.0816229 0.00532582 0.035499 0.0981726
9.9982E-05 0.188749 9.9982E-05 0.0863532 0.199176 0.0275132 0.0559483 0.312619 0.129441
0.0245748 0.0789053 0.00709298 0.10073 0.233488 0.0416832 0.036816 0.47661 9.9991E-05
9.9964E-05 0.635241 0.00649254 9.9964E-05 0.298506 0.00166293 9.9964E-05 9.9964E-05 0.0576972
0.0524192 9.9982E-05 9.9982E-05 0.117771 0.309538 0.0576349 0.0640104 0.38314 0.0152864
0.0540104 0.01601 9.9991E-05 0.234843 0.0446851 0.00842173 0.122159 0.26707 0.252701
0.0485978 0.103478 9.9964E-05 9.9964E-05 9.9964E-05 9.9964E-05 0.113446 0.596853 0.137225
9.9964E-05 9.9964E-05 9.9964E-05 0.210837 9.9964E-05 0.0308041 0.0709311 0.379745 0.307283
0.13582 9.9982E-05 0.058733 0.311375 0.22275 0.0569807 9.9982E-05 0.179996 0.0341447
0.0843663 9.9982E-05 9.9982E-05 0.072037 0.20309 0.0161612 0.0449379 0.230931 0.348277
0.0293927 9.9973E-05 9.9973E-05 9.9973E-05 0.0241711 0.040805 0.0037734 0.448361 0.453197
0.113505 0.0246879 9.9973E-05 0.138218 9.9973E-05 0.0532845 9.9973E-05 0.2342 0.435805
0.112605 0.11189 9.9991E-05 0.128452 0.221963 0.0297265 0.101452 0.170367 0.123445
0.0156317 9.9973E-05 9.9973E-05 0.0569094 0.0863013 0.0406928 9.9973E-05 0.19267 0.607495
0.120569 9.9964E-05 9.9964E-05 0.213327 0.0104559 9.9964E-05 9.9964E-05 0.198519 0.45673
9.99461E-05 9.99461E-05 9.99461E-05 0.189412 0.723378 9.99461E-05 9.99461E-05 0.0866099 9.99461E-05
0.00984159 9.9982E-05 9.9982E-05 0.357325 0.115281 0.000659789 0.000360004 0.0793132 0.437019
0.0143722 9.9973E-05 9.9973E-05 0.47842 0.0732271 0.00488374 9.9973E-05 0.37232 0.0564778
0.0546719 0.33008 9.9982E-05 0.157682 9.9982E-05 0.00841003 0.0484078 0.325254 0.0752945
0.082043 0.286494 9.9982E-05 0.155823 0.0629679 0.0662274 9.9982E-05 0.182462 0.163783
0.0417696 0.0563105 0.00262265 0.0609849 0.060152 0.00810879 9.9991E-05 0.597398 0.172553
0.0481098 0.491043 9.9982E-05 9.9982E-05 0.0802757 0.0627097 0.0354082 0.0650039 0.21725
0.0514705 9.9982E-05 9.9982E-05 0.0280594 0.250945 0.0454007 0.0395799 0.385394 0.19895
9.9964E-05 0.307602 9.9964E-05 0.0689798 0.219094 9.9964E-05 9.9964E-05 0.162561 0.241364
0.0552097 0.0393978 0.0897323 0.00576066 9.9982E-05 0.0263519 9.9982E-05 0.394472 0.388876
0.0868136 0.0525364 9.9982E-05 0.11231 0.564211 0.0709381 0.042694 0.0702961 9.9982E-05
0.0320747 0.211218 0.0703281 0.175756 0.191791 0.0630749 9.9982E-05 0.255557 9.9982E-05
0.050621 0.433496 0.00207017 0.078976 0.18575 0.0184387 0.0191898 0.0750262 0.136432
9.9964E-05 9.9964E-05 9.9964E-05 0.0491463 0.233289 9.9964E-05 0.00517884 0.413244 0.298742
0.0375421 9.9973E-05 9.9973E-05 0.513193 0.0391061 0.0611521 9.9973E-05 0.136262 0.212444
0.0444596 0.285682 9.9973E-05 0.248668 0.0242373 0.0338308 9.9973E-05 0.362822 9.9973E-05
9.9982E-05 0.00992767 9.9982E-05 0.200232 0.118889 0.0199216 0.0191239 0.0140626 0.617643
0.00778969 9.9982E-05 0.0160298 0.0276116 0.0196438 9.9982E-05 0.0737404 0.607217 0.247768
9.9964E-05 0.767337 9.9964E-05 0.0400941 0.0741825 0.0533372 0.0646496 9.9964E-05 9.9964E-05
0.042621 9.9964E-05 9.9964E-05 0.248016 0.126092 9.9964E-05 9.9964E-05 0.180715 0.402155
9.9973E-05 9.9973E-05 9.9973E-05 0.0579324 0.258757 0.0330775 0.00282565 0.525516 0.121591
0.00130083 0.0253525 9.9982E-05 9.9982E-05 0.00278952 0.0306651 0.0856096 0.679152 0.174931
0.166168 0.0112056 9.9982E-05 9.9982E-05 0.182557 0.0180459 0.032542 0.256434 0.332846
9.9982E-05 0.00923452 9.9982E-05 0.0432412 0.161301 0.0379923 0.00613983 0.248144 0.493747
9.9973E-05 0.0156172 9.9973E-05 0.22163 0.0721086 9.9973E-05 0.0917109 0.358702 0.239931
0.0432743 0.0513026 9.9964E-05 9.9964E-05 9.9964E-05 9.9964E-05 0.0652602 0.691962 0.147801
0.00697937 0.131137 9.9991E-05 0.0980057 0.0937913 0.0488069 0.0411915 0.320893 0.259096
9.9973E-05 0.486843 9.9973E-05 9.9973E-05 0.125022 0.0520536 0.115898 0.0287442 0.19114
0.032238 9.9964E-05 9.9964E-05 0.28925 0.131613 9.9964E-05 9.9964E-05 0.341354 0.205145
0.0529458 9.9964E-05 9.9964E-05 0.0969449 9.9964E-05 9.9964E-05 0.0387236 0.429088 0.381897
0.118659 0.116862 0.00341405 9.9991E-05 0.243937 0.0724123 0.0400894 0.0867437 0.317782
0.0334519 0.380455 9.9973E-05 9.9973E-05 0.0754205 0.0354682 9.9973E-05 0.211256 0.263648
0.06768 9.9964E-05 0.0334873 0.323243 9.9964E-05 9.9964E-05 9.9964E-05 0.163227 0.411962
9.9946E-05 0.166076 9.9946E-05 9.9946E-05 0.161642 9.9946E-05 9.9946E-05 0.671683 9.9946E-05
9.9973E-05 9.9973E-05 0.00197142 0.196703 9.9973E-05 0.0390992 0.0118492 0.411259 0.338818
0.0650198 0.222735 9.9973E-05 9.9973E-05 0.217337 0.0266471 9.9973E-05 0.308327 0.159633
0.00426379 0.0922214 0.0474429 0.211695 0.150412 9.9991E-05 0.0296871 0.355459 0.108719
9.9973E-05 0.318244 9.9973E-05 0.139014 0.250994 9.9973E-05 0.121261 0.154709 0.0154788
9.9964E-05 0.295568 9.9964E-05 0.243562 9.9964E-05 9.9964E-05 0.0590526 0.249142 0.152276
0.16156 0.010313 0.0104693 0.441008 0.0850217 0.0527713 9.9991E-05 0.0397104 0.199046
9.9973E-05 0.168168 9.9973E-05 0.106175 0.111393 9.9973E-05 0.118005 0.00874002 0.48722
0.00381992 9.9982E-05 9.9982E-05 0.259317 0.13958 0.0452031 0.0700952 0.127879 0.353906
0.141801 0.0348577 9.9991E-05 0.106912 0.0387207 0.00585461 0.0344046 0.354814 0.282536
0.179544 9.9982E-05 9.9982E-05 0.0875463 0.295604 0.0220466 0.0202858 0.261139 0.133634
0.110702 0.240505 0.0607605 0.181865 0.158488 9.9973E-05 9.9973E-05 9.9973E-05 0.247379
0.00323923 9.9973E-05 0.0141713 0.315328 0.344153 9.9973E-05 9.9973E-05 0.118846 0.203963
0.00517549 9.9973E-05 0.0313787 9.9973E-05 0.121317 9.9973E-05 0.121748 0.285352 0.434729
0.0573979 9.9964E-05 9.9964E-05 0.247744 9.9964E-05 0.0100677 9.9964E-05 0.371167 0.313224
9.9982E-05 0.491821 0.0933446 0.0854816 0.0952765 9.9982E-05 0.0206173 0.0696928 0.143566
9.9955E-05 0.809164 0.0625248 9.9955E-05 9.9955E-05 0.0417627 9.9955E-05 0.0860483 9.9955E-05
0.0736111 0.0615669 0.0655904 0.00154686 0.115982 0.0058108 9.9991E-05 0.486967 0.188825
0.00559477 0.0670778 9.9991E-05 0.106634 0.0748228 0.00155252 0.117338 0.144084 0.482796
0.0812766 0.0100155 0.0280289 9.9991E-05 0.380282 0.0118489 0.103277 0.153568 0.231603
9.9973E-05 0.0420986 9.9973E-05 0.115161 0.413646 9.9973E-05 0.039828 0.181775 0.207192
0.0607003 0.222294 9.9973E-05 9.9973E-05 0.264308 0.0808604 9.9973E-05 0.36798 0.00355676
0.0336906 0.0875825 9.9991E-05 0.11307 0.0515992 0.0453529 0.0383191 0.0101288 0.620157
0.169308 9.9982E-05 0.0142873 0.0651888 0.132201 0.0606728 9.9982E-05 0.305539 0.252603
9.9973E-05 9.9973E-05 0.0810119 0.0489854 0.0452928 9.9973E-05 0.0196788 0.473749 0.330982
0.0720849 0.0472504 9.9973E-05 0.144499 9.9973E-05 0.0146052 9.9973E-05 0.530549 0.190712
0.0520841 9.9964E-05 0.0462399 0.260904 9.9964E-05 9.9964E-05 9.9964E-05 0.415694 0.224678
0.00890011 0.0290835 9.9964E-05 0.22606 9.9964E-05 9.9964E-05 9.9964E-05 0.464729 0.270828
0.0191661 9.9973E-05 9.9973E-05 0.220812 9.9973E-05 0.0175116 0.0375156 0.497602 0.207093
0.157024 9.9964E-05 9.9964E-05 0.438618 0.287269 0.0284272 9.9964E-05 0.0882616 9.9964E-05
0.0696045 0.00305157 0.129903 9.9973E-05 0.0854771 9.9973E-05 9.9973E-05 0.461892 0.249771
0.119981 0.0584917 9.9982E-05 0.13296 0.0168897 9.9982E-05 0.0399851 0.195349 0.436144
0.0501737 9.9991E-05 0.0536899 0.111086 0.156654 0.0666621 0.0736044 0.279407 0.208624
0.0129189 9.9964E-05 0.0420637 9.9964E-05 0.336538 9.9964E-05 9.9964E-05 0.496234 0.111845
0.0224918 0.134387 9.9982E-05 0.0121396 9.9982E-05 0.0180325 0.108227 0.237214 0.467308
0.0686654 0.518828 0.0247765 0.0790265 9.9991E-05 0.0722395 0.041338 0.131644 0.0633817
9.9973E-05 0.282418 9.9973E-05 0.177003 0.241991 9.9973E-05 0.0797072 0.0229181 0.195664
9.9964E-05 0.787862 9.9964E-05 9.9964E-05 9.9964E-05 0.039029 0.028132 0.0511264 0.0934508
0.170526 9.9982E-05 9.9982E-05 0.017972 0.075969 0.0290301 0.0515533 0.346913 0.307836
9.9955E-05 0.736986 9.9955E-05 9.9955E-05 9.9955E-05 0.0315305 9.9955E-05 0.123466 0.107518
0.0197121 0.581623 0.0796132 9.9973E-05 0.235271 0.0308684 9.9973E-05 0.0526121 9.9973E-05
0.131683 9.9973E-05 9.9973E-05 9.9973E-05 0.217103 0.0351275 0.121232 0.387204 0.10735
9.9991E-05 0.0127387 0.0573537 0.0277956 0.00272406 0.0484418 0.102932 0.47021 0.277704
0.0199821 9.9991E-05 0.0423856 0.228258 0.0397934 0.000314116 0.0604992 0.22459 0.384078
9.9973E-05 0.636397 9.9973E-05 0.118862 0.110247 0.0523354 0.0522254 0.0296336 9.9973E-05
9.9955E-05 9.9955E-05 9.9955E-05 0.371443 0.0694711 9.9955E-05 9.9955E-05 0.543399 0.0151865
9.9982E-05 0.30548 9.9982E-05 0.183346 0.336436 0.0515218 0.0985674 0.0219462 0.00250217
0.204465 0.0182304 0.00207955 9.9973E-05 9.9973E-05 9.9973E-05 0.0403753 0.286144 0.448406
0.0127205 0.697181 0.0116307 9.9982E-05 0.0861742 0.0178141 0.0949261 9.9982E-05 0.0793533
9.9982E-05 0.0994111 0.0268136 0.313769 0.204617 9.9982E-05 0.0232776 0.209983 0.121928
0.055584 0.0153683 9.9991E-05 0.25355 0.0285402 0.0639612 0.0384831 0.376909 0.167504
9.9955E-05 9.9955E-05 9.9955E-05 0.342689 9.9955E-05 0.00907614 9.9955E-05 0.231692 0.416043
0.00660113 9.9973E-05 0.115603 0.113058 0.0982713 9.9973E-05 9.9973E-05 0.271136 0.395031
9.9955E-05 0.641929 9.9955E-05 9.9955E-05 0.0866528 0.0254335 9.9955E-05 9.9955E-05 0.245485
9.9973E-05 0.124464 9.9973E-05 0.124761 0.255673 0.0433039 9.9973E-05 0.208365 0.243133
0.0508548 0.276789 9.9982E-05 0.161247 0.245475 0.040247 0.0446448 0.180543 9.9982E-05
0.242644 9.9982E-05 0.0438542 9.9982E-05 0.022501 0.0360677 0.00496681 0.40484 0.244926
0.0425189 0.66405 0.0155014 0.0477488 0.129845 9.9982E-05 9.9982E-05 0.090185 0.00995089
9.9991E-05 0.0577375 0.209706 0.0662122 0.211596 0.004524 0.0364929 0.163262 0.25037
0.0220099 0.256529 0.0108808 9.9982E-05 0.490541 0.0226145 9.9982E-05 0.122597 0.0746288
0.144967 9.9982E-05 0.0650959 0.214403 0.0304843 9.9982E-05 0.00148642 0.249611 0.293752
0.101866 0.0968953 9.9982E-05 0.0697051 0.453325 0.089168 9.9982E-05 0.176719 0.0121217
9.9964E-05 0.486445 9.9964E-05 9.9964E-05 0.102125 9.9964E-05 0.0974869 0.256618 0.0569252
0.108156 9.9991E-05 0.0286853 0.425499 0.000221011 0.0042754 0.08065 0.113507 0.238906
0.111366 9.9973E-05 9.9973E-05 0.199273 0.00481414 0.0674703 9.9973E-05 0.189889 0.426888
9.9964E-05 9.9964E-05 9.9964E-05 0.34182 0.230357 0.0839739 0.0454828 9.9964E-05 0.297966
0.0320923 0.0196483 0.0380568 0.139967 9.9991E-05 0.00582039 0.0597045 0.460724 0.243887
9.9964E-05 0.266261 9.9964E-05 9.9964E-05 0.422498 0.00609793 9.9964E-05 0.19942 0.105323
9.9973E-05 9.9973E-05 0.0538322 9.9973E-05 0.197238 0.0424947 0.0657305 0.391407 0.248998
9.9955E-05 9.9955E-05 9.9955E-05 9.9955E-05 9.9955E-05 0.0410897 0.000895696 0.431114 0.526401
9.9973E-05 0.0283815 0.0389652 0.184357 0.0202386 9.9973E-05 9.9973E-05 0.351333 0.376425
0.0586041 0.393807 9.9973E-05 0.144473 0.198228 0.023522 9.9973E-05 9.9973E-05 0.181066
0.0891483 0.145791 9.9982E-05 0.0191983 0.261347 0.0562538 9.9982E-05 0.192046 0.236016
9.9973E-05 9.9973E-05 0.0647301 0.0807409 9.9973E-05 0.00260486 0.113745 0.405879 0.332
0.209316 0.014605 9.9973E-05 0.0623074 0.36566 9.9973E-05 0.126889 9.9973E-05 0.220923
0.0997637 0.139608 9.9982E-05 9.9982E-05 0.168672 0.0535325 0.0799266 0.299516 0.158782
0.0508978 9.9973E-05 9.9973E-05 0.214604 0.158134 0.0281601 9.9973E-05 0.134782 0.413122
0.121892 0.309411 0.0571355 0.0909752 0.185801 0.0477548 0.00828852 0.0904837 0.088259
0.166703 9.9982E-05 0.0122103 0.118203 0.364649 9.9982E-05 0.0470086 0.227054 0.0639726
0.0537603 0.337607 9.9964E-05 9.9964E-05 0.286536 9.9964E-05 9.9964E-05 0.0755535 0.246143
9.9955E-05 9.9955E-05 9.9955E-05 0.226639 9.9955E-05 0.0933747 9.9955E-05 0.321313 0.358173
0.0394123 9.9973E-05 9.9973E-05 0.0825269 9.9973E-05 0.0181007 0.0444239 0.521106 0.29413
0.0745613 9.9973E-05 0.0128279 9.9973E-05 0.0857087 9.9973E-05 0.0760466 0.634419 0.116137
0.00979556 9.9964E-05 9.9964E-05 9.9964E-05 0.0494398 0.0667381 9.9964E-05 0.395558 0.478069
0.192467 9.9973E-05 9.9973E-05 0.254863 0.0456024 0.0743477 0.0094841 0.422936 9.9973E-05
0.0712147 9.9973E-05 9.9973E-05 0.205646 0.00916992 9.9973E-05 0.0975885 0.296601 0.31948
0.0136341 0.207965 9.9982E-05 0.11601 0.282146 9.9982E-05 0.0451875 0.271949 0.0629084
0.00854293 9.9973E-05 9.9973E-05 0.103867 0.370755 0.00361369 9.9973E-05 0.22651 0.286411
0.0368664 9.9964E-05 9.9964E-05 0.0769921 9.9964E-05 9.9964E-05 0.0112329 0.29023 0.584278
0.0402988 0.0813772 9.9991E-05 0.0267733 0.0439596 0.0692078 0.00180914 0.574004 0.16247
9.9982E-05 0.0751021 0.0116416 0.0413326 0.208457 9.9982E-05 0.0600107 0.251825 0.351431
9.9964E-05 0.181108 0.082578 9.9964E-05 0.459528 9.9964E-05 0.0739862 0.202399 9.9964E-05
0.179279 9.9982E-05 0.0226073 0.3382 9.9982E-05 0.0299029 0.0692089 0.287527 0.0730747
0.031742 9.9973E-05 9.9973E-05 0.187184 0.00906288 0.0869543 9.9973E-05 0.395982 0.288774
9.9973E-05 0.721273 9.9973E-05 0.123405 0.0118049 9.9973E-05 0.0022826 0.0244756 0.116459
9.9955E-05 0.525487 9.9955E-05 0.279423 0.11295 9.9955E-05 9.9955E-05 9.9955E-05 0.0816397
0.213774 9.9982E-05 9.9982E-05 0.0358527 0.0215198 0.0200403 0.0672621 0.232986 0.408366
0.097871 9.9982E-05 0.285135 0.114314 9.9982E-05 0.00796449 0.0462869 0.251383 0.196846
9.9973E-05 9.9973E-05 0.363659 0.0916277 0.145991 0.120797 0.182781 9.9973E-05 0.0948445
9.9973E-05 9.9973E-05 0.292989 0.0717503 0.0640634 0.0638807 0.054914 9.9973E-05 0.452102
0.0704201 9.9964E-05 0.0876613 0.339858 9.9964E-05 9.9964E-05 9.9964E-05 0.238322 0.263338
9.9973E-05 9.9973E-05 0.372861 0.220387 9.9973E-05 0.0312458 0.213084 0.0828649 0.0792583
9.9982E-05 0.0245184 0.355637 0.376809 9.9982E-05 0.0413497 0.0385081 0.109931 0.0530466
0.0381868 0.0174579 0.448609 0.00150072 0.0682677 0.0421429 9.9982E-05 0.383635 9.9982E-05
0.107125 9.9973E-05 0.273706 0.290792 9.9973E-05 0.0422719 0.123324 9.9973E-05 0.162481
9.9973E-05 9.9973E-05 0.326614 9.9973E-05 0.137573 0.0201619 0.130847 0.0650766 0.319427
0.110193 0.000815615 0.194085 0.067798 0.0808059 0.110524 0.00523951 0.0692879 0.361251
0.127253 9.9991E-05 0.132577 0.134703 0.126785 0.107643 0.0335707 0.0935853 0.243783
9.9982E-05 0.00190633 0.349693 0.176836 0.0154666 0.0800568 0.114503 0.261338 9.9982E-05
0.0738599 0.00340736 0.14249 9.9991E-05 0.0128902 0.0225814 0.104191 0.364417 0.276062
0.155412 0.00187409 0.178586 0.267371 9.9973E-05 9.9973E-05 0.157887 9.9973E-05 0.23857
0.0912834 9.9982E-05 0.31411 0.0451915 9.9982E-05 0.0439721 0.13173 0.111996 0.261518
9.9964E-05 9.9964E-05 0.455248 9.9964E-05 0.257335 0.0343284 0.173276 9.9964E-05 0.0794124
0.0301341 9.9982E-05 0.283295 0.17371 9.9982E-05 0.0582218 0.00501354 0.148133 0.301292
0.0228869 9.9982E-05 0.248446 0.334451 0.15368 0.044456 9.9982E-05 0.0494307 0.14645
0.00383972 0.664061 0.042739 9.9982E-05 0.10221 0.0754152 0.0511034 0.060432 9.9982E-05
0.217985 0.0793352 0.300367 0.0974593 9.9982E-05 0.0471616 9.9982E-05 0.236229 0.0212631
0.214574 0.0194924 0.229146 0.222317 9.9991E-05 0.0932178 0.0836556 0.0651809 0.0723157
0.0290559 0.0583785 0.0963289 0.0341885 0.0972996 0.0373383 9.9991E-05 0.34197 0.30534
0.0394908 0.0375874 0.565859 0.286981 9.9973E-05 0.0627764 9.9973E-05 9.9973E-05 0.00700601
0.272695 9.9964E-05 0.387914 0.187141 9.9964E-05 0.0741979 0.0776524 9.9964E-05 9.9964E-05
0.163438 9.9982E-05 0.0894865 0.09131 0.260992 0.014894 9.9982E-05 0.244891 0.134788
0.0814586 0.0289759 0.426417 0.092841 9.9991E-05 0.0772438 0.144255 0.146196 0.00251276
9.9982E-05 9.9982E-05 0.284852 0.0172221 0.141175 0.0317029 0.238516 0.267584 0.0187477
0.0798116 9.9991E-05 0.326972 0.0955686 0.0972076 0.0720107 0.114316 0.0940616 0.119952
0.0991385 0.0652255 0.445647 9.9991E-05 0.062373 0.0595511 0.0420229 0.166792 0.0591504
0.117457 0.0182843 0.373102 9.9982E-05 0.113706 0.0828 0.132968 9.9982E-05 0.161484
0.0347797 9.9964E-05 0.587904 0.182603 9.9964E-05 9.9964E-05 0.0585858 9.9964E-05 0.135727
9.993E-05 9.993E-05 9.993E-05 9.993E-05 9.993E-05 0.999201 9.993E-05 9.993E-05 9.993E-05
0.033248 9.9982E-05 0.245271 0.0710579 0.0864728 0.0573324 0.301289 9.9982E-05 0.205129
0.0514182 9.9982E-05 0.427278 9.9982E-05 0.0281893 0.0820357 0.0406982 0.115792 0.254389
0.106941 0.0517048 0.445042 0.146432 0.134326 9.9973E-05 0.115255 9.9973E-05 9.9973E-05
0.0863604 9.9982E-05 0.372634 0.0356454 0.135045 0.0835438 0.0362082 9.9982E-05 0.250363
0.0915768 0.126682 0.454691 0.153028 0.00149698 9.9991E-05 0.0886488 0.0515763 0.0322003
0.116254 9.9964E-05 0.0936377 9.9964E-05 9.9964E-05 9.9964E-05 0.000980572 0.223213 0.565515
9.9982E-05 9.9982E-05 0.404896 0.173167 0.0100932 0.0584231 0.273301 0.0181049 0.0618148
0.0582456 0.00331365 0.28594 9.9982E-05 9.9982E-05 0.0424006 0.140994 0.269824 0.199083
9.9973E-05 9.9973E-05 0.292905 0.383782 0.0354739 0.00337277 0.100533 0.183633 9.9973E-05
0.0430923 9.9973E-05 0.321638 0.00892349 0.124026 9.9973E-05 0.119725 0.382295 9.9973E-05
9.993E-05 9.993E-05 9.993E-05 9.993E-05 9.993E-05 0.999201 9.993E-05 9.993E-05 9.993E-05
0.0908785 9.9982E-05 0.114442 0.132618 0.0262482 0.0146377 9.9982E-05 0.325515 0.295461
9.9973E-05 9.9973E-05 0.367887 0.118051 9.9973E-05 0.066393 0.0866026 0.240286 0.12048
0.038057 0.163642 0.0430179 9.9982E-05 0.40577 0.0358258 9.9982E-05 0.305444 0.00804361
0.105058 0.011023 0.0385165 9.9991E-05 0.0079763 0.029714 0.16053 0.219908 0.427174
0.0442339 9.9973E-05 0.105362 0.183816 0.158567 9.9973E-05 0.0274729 0.480248 9.9973E-05
0.0409783 0.033225 0.379697 0.332505 0.0149505 0.0572897 0.0354223 9.9991E-05 0.105833
0.0367483 9.9973E-05 0.3305 0.37835 9.9973E-05 0.0203697 0.0906238 0.143108 9.9973E-05
0.0642162 0.0514049 0.459544 0.129807 9.9991E-05 0.0336014 0.164924 0.0636154 0.0327881
0.0949077 9.9982E-05 0.359824 0.271004 0.00128549 0.0803989 9.9982E-05 0.00587468 0.186506
0.0710419 0.0368785 0.379168 0.000742713 0.0536838 9.9991E-05 0.0293463 0.029058 0.399981
0.0695999 0.0310829 0.40654 0.0377662 9.9982E-05 9.9982E-05 0.141065 0.133696 0.18005
0.0184514 9.9973E-05 0.418453 0.00362335 0.0189908 9.9973E-05 9.9973E-05 0.175073 0.365109
9.9964E-05 9.9964E-05 0.436431 0.263256 0.0479938 0.125267 9.9964E-05 9.9964E-05 0.126652
0.0261005 9.9973E-05 0.33317 0.119105 9.9973E-05 0.15637 0.042224 0.322731 9.9973E-05
9.9955E-05 9.9955E-05 0.161393 9.9955E-05 0.0784919 0.0283363 9.9955E-05 9.9955E-05 0.731279
9.9973E-05 9.9973E-05 0.562438 0.111508 9.9973E-05 0.0736883 0.0442011 0.17213 0.0357347
0.0279305 0.0611976 0.529617 9.9982E-05 9.9982E-05 0.00281884 0.0140697 0.136952 0.227214
0.0646153 0.0236978 0.345349 0.18509 9.9982E-05 0.0819919 0.152602 9.9982E-05 0.146455
0.0335342 9.9973E-05 0.424949 0.420066 0.0367264 9.9973E-05 0.0669122 9.9973E-05 0.0175117
0.0507925 9.9973E-05 0.121207 0.201694 0.0792029 9.9973E-05 9.9973E-05 0.360668 0.186136
0.0385997 9.9982E-05 0.457596 9.9982E-05 0.0215608 0.0914383 0.058442 0.115746 0.216418
0.0238819 0.143194 0.025715 9.9982E-05 0.267622 0.0156022 0.104475 0.419309 9.9982E-05
0.0807884 9.9973E-05 0.215637 0.194422 9.9973E-05 0.0733927 0.2107 0.224759 9.9973E-05
0.0714299 0.0607012 0.451356 0.0223529 0.123704 0.00594056 0.00502538 9.9991E-05 0.259391
0.0978659 0.0712549 0.06352 9.9982E-05 0.204932 0.0550087 9.9982E-05 0.488567 0.0186511
9.9973E-05 0.0474518 0.335845 0.0892789 9.9973E-05 0.0646537 0.179069 9.9973E-05 0.283402
9.9982E-05 9.9982E-05 0.369677 0.209666 0.0828208 0.078079 0.0600202 0.181819 0.0177178
9.9955E-05 9.9955E-05 0.310015 9.9955E-05 9.9955E-05 0.0786408 0.0191037 9.9955E-05 0.591741
0.169548 0.00220669 0.45047 9.9982E-05 0.0872642 9.9982E-05 0.1156 0.156986 0.017725
0.0974333 0.0681648 0.277297 0.212557 9.9991E-05 0.0275056 0.0678943 0.220359 0.0286885
0.10669 9.9973E-05 0.360984 9.9973E-05 9.9973E-05 0.00628708 0.184448 0.208429 0.132862
9.9973E-05 9.9973E-05 0.29205 0.291378 0.0572568 0.0842972 0.113599 0.161119 9.9973E-05
0.0149606 0.0699292 0.432249 0.14181 9.9991E-05 0.0130547 0.012325 0.14119 0.174381
0.0296484 9.9991E-05 0.140536 0.300279 0.0641817 0.0211981 0.0131907 0.320548 0.110318
0.140426 9.9991E-05 0.339736 0.218838 0.0360278 0.065507 0.00665855 0.123656 0.0690505
0.0769043 9.9991E-05 0.177144 0.194318 0.128853 0.0898904 0.0948722 0.175604 0.0623139
9.9946E-05 0.696548 9.9946E-05 9.9946E-05 0.205315 9.9946E-05 0.0975371 9.9946E-05 9.9946E-05
0.00713307 9.9982E-05 0.336137 0.0605043 0.0235679 0.0150456 0.0710359 0.486376 9.9982E-05
0.0853294 0.130401 0.0672401 9.99729E-05 0.0495013 9.99729E-05 9.99729E-05 0.311921 0.355306
