0.899018 0.0552328 0.0457491
0.869697 0.0492158 0.0810872
0.857569 0.0431321 0.0992988
0.831769 9.9991E-05 0.168131
0.9998 9.999E-05 9.999E-05
0.09854 0.0132329 0.888227
0.865062 0.134838 9.9991E-05
9.9991E-05 0.0192444 0.980656
0.838661 0.130195 0.0311447
0.962501 9.9991E-05 0.0373988
0.990829 9.9991E-05 0.00907096
0.753962 0.0260171 0.22002
0.9998 9.999E-05 9.999E-05
0.923459 9.9991E-05 0.076441
0.225597 9.9991E-05 0.774303
0.785515 0.0698499 0.144635
0.764162 9.9991E-05 0.235738
0.815831 0.184069 9.9991E-05
0.964832 9.9991E-05 0.0350675
0.9998 9.999E-05 9.999E-05
0.929074 0.0708264 9.9991E-05
0.789988 0.0938362 0.116175
0.9998 9.999E-05 9.999E-05
0.263457 9.9991E-05 0.736443
0.812767 0.187133 9.9991E-05
0.28793 9.9991E-05 0.71197
0.423552 0.0375818 0.538866
0.599659 9.9991E-05 0.400241
0.18589 0.0259242 0.788186
0.848616 9.9991E-05 0.151284
0.47803 9.9991E-05 0.52187
0.925999 0.0646331 0.00936823
0.706012 0.0367691 0.257219
0.0814953 9.9991E-05 0.918405
9.9991E-05 0.084856 0.915044
0.740156 0.0985752 0.161268
0.863186 9.9991E-05 0.136714
0.909158 0.0907422 9.9991E-05
0.180035 0.00645806 0.813507
0.358015 0.148817 0.493168
0.559063 0.136171 0.304766
0.941301 9.9991E-05 0.0585985
0.786613 9.9991E-05 0.213287
0.254539 0.0962318 0.649229
0.908372 0.091528 9.9991E-05
0.789271 0.210629 9.9991E-05
0.903691 0.0451447 0.0511645
0.841144 0.0524434 0.106413
0.92008 0.0375448 0.0423756
0.390542 0.0488559 0.560602
0.919041 0.0808591 9.9991E-05
0.438212 0.108122 0.453666
0.814846 0.152586 0.0325673
9.999E-05 9.999E-05 0.9998
0.504793 9.9991E-05 0.495107
0.984424 0.0154761 9.9991E-05
0.9998 9.999E-05 9.999E-05
0.735598 0.07843 0.185972
0.624131 9.9991E-05 0.375769
0.60319 9.9991E-05 0.39671
9.9991E-05 0.0556755 0.944225
9.999E-05 9.999E-05 0.9998
0.755013 0.184996 0.0599909
9.999E-05 9.999E-05 0.9998
0.816282 0.102846 0.0808719
0.0943101 9.9991E-05 0.90559
0.9998 9.999E-05 9.999E-05
0.793089 9.9991E-05 0.206811
0.895412 0.104488 9.9991E-05
0.0504645 0.117002 0.832533
0.797043 0.202857 9.9991E-05
0.776147 0.150404 0.0734486
0.556547 0.130818 0.312635
0.86204 0.0760981 0.0618616
0.85214 0.0590474 0.0888124
0.585982 9.9991E-05 0.413918
0.971897 9.9991E-05 0.0280028
0.74049 0.0665149 0.192995
0.75502 0.0696561 0.175324
0.795429 0.18083 0.0237414
0.903856 0.0960436 9.9991E-05
0.767842 0.146432 0.085726
0.958755 9.9991E-05 0.0411449
0.97984 0.0200601 9.9991E-05
0.9998 9.999E-05 9.999E-05
0.83458 9.9991E-05 0.16532
0.635366 9.9991E-05 0.364534
0.699268 9.9991E-05 0.300632
0.0642053 9.9991E-05 0.935695
0.496746 0.188042 0.315211
0.864274 0.0870793 0.0486468
0.470733 9.9991E-05 0.529167
0.958585 0.0413149 9.9991E-05
0.717402 9.9991E-05 0.282498
0.453621 9.9991E-05 0.546279
0.0530421 0.0301067 0.916851
0.845347 0.0513891 0.103264
0.780054 0.0770367 0.142909
0.859497 0.0739374 0.066566
0.718989 9.9991E-05 0.280911
0.42361 0.0464906 0.5299
0.895261 9.9991E-05 0.104639
0.825084 0.174816 9.9991E-05
0.925236 0.0746639 9.9991E-05
0.91308 0.0868199 9.9991E-05
0.148301 9.9991E-05 0.851599
0.383285 0.121827 0.494888
0.9998 9.999E-05 9.999E-05
0.922954 9.9991E-05 0.0769458
0.9998 9.999E-05 9.999E-05
0.430635 9.9991E-05 0.569265
0.0350422 9.9991E-05 0.964858
0.502869 9.9991E-05 0.497031
0.911583 0.088317 9.9991E-05
0.886973 9.9991E-05 0.112927
0.9998 9.999E-05 9.999E-05
0.995901 9.9991E-05 0.0039989
9.999E-05 9.999E-05 0.9998
0.902335 0.083724 0.0139411
0.950361 0.049539 9.9991E-05
0.874457 9.9991E-05 0.125443
0.315582 9.9991E-05 0.684318
0.995384 0.00451601 9.9991E-05
0.902167 0.0461523 0.0516811
0.895395 0.104505 9.9991E-05
0.914992 9.9991E-05 0.0849082
0.267671 9.9991E-05 0.732229
9.999E-05 9.999E-05 0.9998
0.782938 0.216962 9.9991E-05
0.796227 0.199625 0.00414796
0.882669 0.107728 0.00960274
0.825448 0.174452 9.9991E-05
0.543653 9.9991E-05 0.456247
0.693975 0.214353 0.091672
0.680655 0.0707005 0.248645
0.822549 0.116785 0.0606652
0.325664 0.076498 0.597838
0.67219 0.00653513 0.321275
0.732932 0.0609694 0.206099
0.299536 9.9991E-05 0.700364
0.827226 9.9991E-05 0.172674
0.538106 0.0354955 0.426399
0.652883 0.0340168 0.3131
0.585872 0.122823 0.291305
9.9991E-05 0.125949 0.873951
0.583668 0.0869991 0.329333
0.776744 9.9991E-05 0.223156
0.864457 0.12492 0.0106232
0.843623 0.156277 9.9991E-05
0.769469 0.228556 0.00197505
0.873758 0.0694344 0.0568074
0.602959 0.0385487 0.358493
0.174945 9.9991E-05 0.824955
0.339027 0.187446 0.473527
0.730476 0.201057 0.0684671
0.766574 0.18498 0.0484452
9.9991E-05 0.0383832 0.961517
0.815028 0.184872 9.9991E-05
0.842511 0.153395 0.00409343
0.737051 0.0424795 0.22047
0.844907 0.154993 9.9991E-05
0.686042 0.0586309 0.255327
0.861968 0.0262936 0.111739
0.933151 0.0137001 0.0531488
0.990359 0.00954074 9.9991E-05
0.926371 0.073529 9.9991E-05
0.740945 0.0957238 0.163331
0.338594 0.0107837 0.650622
0.643609 9.9991E-05 0.356291
0.691978 0.203939 0.104082
0.663088 0.135359 0.201554
0.895591 9.9991E-05 0.104309
9.999E-05 9.999E-05 0.9998
0.890317 0.0135398 0.096143
0.576135 9.9991E-05 0.423765
0.72853 0.214082 0.0573883
0.672257 9.9991E-05 0.327643
0.224682 0.107306 0.668012
0.444314 0.0331978 0.522489
0.425851 9.9991E-05 0.574049
0.99485 9.9991E-05 0.00505004
0.070234 0.0414957 0.88827
0.517819 9.9991E-05 0.482081
0.811465 0.181526 0.00700875
9.999E-05 9.999E-05 0.9998
0.384168 9.9991E-05 0.615732
0.795946 0.0892217 0.114833
0.515196 9.9991E-05 0.484704
0.836831 9.9991E-05 0.163069
0.883124 0.116776 9.9991E-05
0.503708 0.089306 0.406986
0.9998 9.999E-05 9.999E-05
0.9998 9.999E-05 9.999E-05
0.780028 0.165043 0.0549286
0.354593 0.280002 0.365406
0.769363 0.00319631 0.227441
0.755397 0.244503 9.9991E-05
0.77357 0.041874 0.184556
0.721624 0.263657 0.0147188
0.863726 0.136174 9.9991E-05
0.582149 0.0678297 0.350021
0.9998 9.999E-05 9.999E-05
0.80237 0.142679 0.054952
0.573075 0.378798 0.048127
0.622643 0.375931 0.00142677
0.631647 0.031966 0.336387
0.882857 0.117043 9.9991E-05
0.73019 0.00210958 0.267701
0.911843 0.0846287 0.00352833
0.92737 0.0725298 9.9991E-05
0.805929 0.157403 0.0366679
0.491177 0.0932726 0.41555
0.525904 9.9991E-05 0.473996
0.9998 9.999E-05 9.999E-05
0.824958 0.174942 9.9991E-05
0.922254 0.077646 9.9991E-05
0.927503 0.0249757 0.0475211
0.585862 9.9991E-05 0.414038
0.716241 0.00494863 0.278811
0.704158 0.295742 9.9991E-05
0.380861 9.9991E-05 0.619039
0.828177 9.9991E-05 0.171723
0.643306 0.150737 0.205957
0.112999 0.0110759 0.875925
0.827286 0.148229 0.0244846
0.912394 0.056763 0.0308426
0.935928 9.9991E-05 0.0639719
0.923686 0.0762141 9.9991E-05
0.744766 0.250197 0.00503765
0.993682 0.00621794 9.9991E-05
0.9998 9.999E-05 9.999E-05
0.9998 9.999E-05 9.999E-05
0.694252 0.0149403 0.290808
0.948632 0.0512679 9.9991E-05
0.9998 9.999E-05 9.999E-05
0.71369 9.9991E-05 0.28621
0.869702 0.120181 0.0101174
0.9998 9.999E-05 9.999E-05
0.618293 0.00340231 0.378305
0.636467 9.9991E-05 0.363433
0.97399 9.9991E-05 0.0259105
0.370255 9.9991E-05 0.629645
0.979766 0.0147613 0.00547315
0.637524 9.9991E-05 0.362376
0.833048 0.144075 0.022877
0.475082 0.199585 0.325333
0.502959 0.16778 0.329262
0.428979 9.9991E-05 0.570921
0.890962 9.9991E-05 0.108938
0.985573 9.9991E-05 0.0143267
0.56638 9.9991E-05 0.43352
0.934162 0.0657377 9.9991E-05
0.926841 0.0730589 9.9991E-05
0.0671928 9.9991E-05 0.932707
0.986233 0.0136673 9.9991E-05
0.939498 0.0604024 9.9991E-05
0.9998 9.999E-05 9.999E-05
0.94446 9.9991E-05 0.0554404
0.97198 9.9991E-05 0.0279196
0.9998 9.999E-05 9.999E-05
0.974594 9.9991E-05 0.0253063
0.797091 0.0874054 0.115504
0.317689 0.0474652 0.634846
0.988914 9.9991E-05 0.010986
0.9998 9.999E-05 9.999E-05
0.681924 0.102499 0.215577
0.572539 9.9991E-05 0.427361
0.90447 0.0954302 9.9991E-05
0.734707 9.9991E-05 0.265193
0.907878 0.0492367 0.0428855
0.607067 9.9991E-05 0.392833
0.689827 0.1559 0.154273
0.387228 0.0182697 0.594503
0.664767 0.0084398 0.326793
0.807253 0.13721 0.0555372
0.657112 0.0532091 0.289678
0.9998 9.999E-05 9.999E-05
0.981982 9.9991E-05 0.0179182
0.889938 0.0105124 0.0995496
0.610995 0.0496818 0.339323
0.933602 9.9991E-05 0.0662984
0.82477 0.17513 9.9991E-05
0.9998 9.999E-05 9.999E-05
0.200718 0.156265 0.643016
9.9991E-05 0.0232262 0.976674
0.85476 0.0212184 0.124022
0.728205 0.136873 0.134922
0.644487 0.178053 0.17746
0.673828 0.0710673 0.255104
0.648437 0.0743574 0.277205
0.879192 9.9991E-05 0.120708
0.873933 0.125967 9.9991E-05
0.900424 0.0994757 9.9991E-05
0.956726 0.0177516 0.025522
0.867679 0.132221 9.9991E-05
0.9998 9.999E-05 9.999E-05
0.9998 9.999E-05 9.999E-05
0.821244 0.139885 0.0388707
0.871646 0.113109 0.0152453
0.788762 0.149123 0.0621151
0.782267 0.185299 0.0324339
0.887182 0.0857941 0.0270244
0.845591 0.0165466 0.137862
0.13145 0.215311 0.65324
0.485731 0.0375264 0.476743
0.0672794 9.9991E-05 0.932621
0.9998 9.999E-05 9.999E-05
0.141662 9.9991E-05 0.858238
0.183812 0.0754787 0.74071
0.886313 0.0783957 0.0352909
0.870783 0.129117 9.9991E-05
0.871109 0.106873 0.0220178
0.11864 0.0399437 0.841416
0.9998 9.999E-05 9.999E-05
0.501347 9.9991E-05 0.498553
0.913488 0.0809662 0.00554546
0.0639552 0.0768951 0.85915
0.763927 0.0273043 0.208768
0.931914 9.9991E-05 0.067986
0.982053 0.0178475 9.9991E-05
0.941371 0.0585291 9.9991E-05
0.234113 0.0134226 0.752465
0.700349 0.0142717 0.285379
0.401605 0.154746 0.44365
0.802313 0.197587 9.9991E-05
0.0845899 0.0673199 0.84809
0.483241 0.318636 0.198123
0.495365 0.0303716 0.474263
0.879683 0.115783 0.00453409
0.667838 0.0854058 0.246756
0.382312 0.0671203 0.550568
0.746887 0.253013 9.9991E-05
0.937964 0.0601887 0.0018473
0.883415 0.116485 9.9991E-05
0.819994 0.179906 9.9991E-05
0.508171 9.9991E-05 0.491729
0.896216 0.0908019 0.0129822
0.843507 0.156393 9.9991E-05
0.953838 0.00898367 0.0371785
0.471841 0.00680839 0.52135
0.657494 0.0325022 0.310004
0.9998 9.999E-05 9.999E-05
0.54444 0.250474 0.205086
0.73972 0.0322481 0.228032
0.81882 0.18108 9.9991E-05
0.410036 0.122921 0.467044
0.674074 0.182439 0.143486
0.511847 0.0237611 0.464392
0.950342 0.0495578 9.9991E-05
0.9998 9.999E-05 9.999E-05
0.938673 0.047364 0.0139628
0.9998 9.999E-05 9.999E-05
0.822729 0.177171 9.9991E-05
0.820701 0.179199 9.9991E-05
0.620838 0.011117 0.368045
0.819194 0.0821937 0.0986123
0.9998 9.999E-05 9.999E-05
0.956741 9.9991E-05 0.0431592
0.80888 0.104797 0.0863231
0.40767 0.18613 0.4062
0.733687 0.266213 9.9991E-05
0.890448 0.109452 9.9991E-05
0.11726 0.0156842 0.867056
0.307765 9.9991E-05 0.692135
0.968571 0.0313287 9.9991E-05
0.417993 0.581907 9.9991E-05
0.0730849 0.842634 0.0842807
0.230159 0.74366 0.0261811
0.761193 0.238707 9.9991E-05
0.0740269 0.925873 9.9991E-05
0.232355 0.766545 0.0011001
0.234308 0.744917 0.020775
0.147696 0.833983 0.0183218
0.0626161 0.864975 0.0724092
0.359612 0.595005 0.0453837
0.520988 0.478912 9.9991E-05
0.238152 0.747491 0.0143568
0.655059 0.344841 9.9991E-05
0.407798 0.591334 0.000867863
0.288877 0.711023 9.9991E-05
9.9991E-05 0.921801 0.0780986
0.367175 0.632725 9.9991E-05
0.365535 0.634365 9.9991E-05
9.9991E-05 0.143191 0.856709
0.373707 0.594648 0.0316446
0.319964 0.664877 0.0151584
0.783345 0.132907 0.0837481
9.999E-05 0.9998 9.999E-05
9.999E-05 0.9998 9.999E-05
0.689521 0.248834 0.0616454
0.117578 0.834966 0.0474561
0.390401 0.609499 9.9991E-05
0.342138 0.632806 0.0250559
0.0400894 0.867372 0.0925388
0.0303654 0.884341 0.0852934
9.9991E-05 0.986244 0.0136563
0.036237 0.916683 0.0470798
0.270465 0.702547 0.0269883
0.275129 0.724771 9.9991E-05
9.9991E-05 0.856347 0.143553
0.172279 0.77009 0.0576311
9.9991E-05 0.890128 0.109772
0.836788 0.163112 9.9991E-05
0.0617506 0.92253 0.0157196
0.211338 0.748085 0.0405777
0.216245 0.773003 0.0107514
0.368552 0.631348 9.9991E-05
9.999E-05 0.9998 9.999E-05
0.868479 0.115648 0.0158731
0.128968 0.858312 0.0127199
0.551752 0.105845 0.342403
0.687016 0.312884 9.9991E-05
0.775209 0.193879 0.0309129
0.109886 0.862308 0.0278059
0.348383 0.651517 9.9991E-05
0.0122685 0.950491 0.0372406
0.329587 0.67007 0.000342789
0.302304 0.632065 0.0656314
0.22828 0.745471 0.0262494
0.323561 0.676339 9.9991E-05
0.013196 0.986704 9.9991E-05
0.284674 0.715226 9.9991E-05
0.44958 0.512355 0.0380649
0.0428493 0.957051 9.9991E-05
0.148605 0.851295 9.9991E-05
0.0660005 0.86577 0.068229
0.0876285 0.902134 0.0102373
0.852042 0.147858 9.9991E-05
0.178901 0.820999 9.9991E-05
0.69055 0.0368175 0.272633
0.330968 0.659877 0.00915491
0.091428 0.83626 0.0723124
0.751046 0.141614 0.10734
0.235056 0.735369 0.0295754
0.299285 0.689129 0.0115862
9.9991E-05 0.995021 0.00487922
0.291177 0.703336 0.00548649
0.366527 0.633373 9.9991E-05
0.257171 0.742729 9.9991E-05
0.0159146 0.908386 0.0756992
0.349484 0.647802 0.00271353
0.7079 0.292 9.9991E-05
0.186556 0.813344 9.9991E-05
0.321307 0.678593 9.9991E-05
0.0469992 0.0635879 0.889413
0.312256 0.668141 0.0196023
0.761978 0.112042 0.12598
9.999E-05 0.9998 9.999E-05
0.324821 0.65183 0.0233487
0.538888 0.461012 9.9991E-05
0.783373 0.216527 9.9991E-05
0.385069 0.614831 9.9991E-05
0.290308 0.709592 9.9991E-05
0.265608 0.734292 9.9991E-05
0.21551 0.78439 9.9991E-05
0.712331 0.251544 0.0361246
0.147655 0.843871 0.00847414
0.300969 0.67967 0.0193606
0.319162 0.680738 9.9991E-05
0.997299 9.9991E-05 0.00260132
0.179444 0.810462 0.0100936
0.169299 0.797472 0.0332285
0.327883 0.672017 9.9991E-05
0.332631 0.667269 9.9991E-05
0.9998 9.999E-05 9.999E-05
0.0216818 9.9991E-05 0.978218
0.34738 0.65252 9.9991E-05
0.46059 0.53931 9.9991E-05
0.455614 0.544286 9.9991E-05
0.184122 0.753034 0.0628436
0.0779797 0.892278 0.0297423
0.243702 0.756198 9.9991E-05
0.0520821 0.947818 9.9991E-05
9.9991E-05 0.919592 0.0803078
0.190936 0.760703 0.0483614
0.484809 0.515091 9.9991E-05
0.775507 0.224393 9.9991E-05
0.128287 0.871613 9.9991E-05
0.357713 0.642187 9.9991E-05
0.897245 0.102655 9.9991E-05
0.134141 0.822208 0.0436517
0.998115 0.000812881 0.00107252
0.324916 0.674984 9.9991E-05
0.190402 0.809498 9.9991E-05
0.771343 0.224646 0.00401076
0.260135 0.717276 0.0225891
0.535326 0.437642 0.0270318
0.167979 0.798792 0.0332287
0.143557 0.0954108 0.761032
0.145924 0.833903 0.0201735
0.235571 0.764329 9.9991E-05
0.096305 0.903595 9.9991E-05
0.246691 0.728416 0.024893
0.066832 0.910922 0.0222461
0.0638087 0.936091 9.9991E-05
0.341121 0.658779 9.9991E-05
0.9998 9.999E-05 9.999E-05
0.182818 0.734553 0.082628
0.129999 0.869901 9.9991E-05
0.0207467 0.968578 0.010675
0.213057 0.76536 0.0215825
0.452039 0.533646 0.0143149
0.477344 0.475595 0.0470614
0.594507 0.405393 9.9991E-05
0.377311 0.569522 0.0531677
0.271568 0.719669 0.00876255
0.231458 0.765401 0.00314071
0.928586 9.9991E-05 0.0713137
0.57861 0.42129 9.9991E-05
9.9991E-05 0.983745 0.0161547
0.118117 0.857375 0.0245085
0.241216 0.730931 0.0278526
0.127187 0.872713 9.9991E-05
0.267446 0.670713 0.0618409
0.934246 0.0429615 0.0227922
0.713999 0.197791 0.0882099
0.242003 0.710425 0.0475718
0.171113 0.816345 0.0125419
0.204844 0.748323 0.0468335
0.404722 0.595178 9.9991E-05
0.122171 0.856504 0.0213249
0.0590113 0.898256 0.0427329
0.46825 0.187334 0.344416
0.36344 0.63646 9.9991E-05
0.293191 0.706709 9.9991E-05
0.436721 0.200288 0.362991
0.679111 0.00935397 0.311536
0.0879556 0.89533 0.0167146
0.388128 0.54048 0.0713913
0.0413981 0.958502 9.9991E-05
0.836923 0.162977 9.9991E-05
0.340902 0.658998 9.9991E-05
0.185536 0.804179 0.0102842
0.480325 0.141804 0.377871
0.209205 0.761124 0.0296705
0.129092 0.856492 0.0144158
0.182423 0.817477 9.9991E-05
0.31533 0.675958 0.00871217
0.0949903 0.90491 9.9991E-05
0.244872 0.755028 9.9991E-05
0.186368 0.806302 0.00732944
0.371585 0.628315 9.9991E-05
0.10523 0.888702 0.00606781
0.262197 0.713888 0.0239149
0.196121 0.074129 0.72975
0.0878351 0.912065 9.9991E-05
0.0356834 0.912821 0.0514961
0.579392 0.390861 0.0297465
9.999E-05 0.9998 9.999E-05
0.339973 0.659927 9.9991E-05
0.149803 0.845993 0.00420423
0.570077 0.345567 0.0843558
0.216778 0.783122 9.9991E-05
0.126001 0.849019 0.0249797
0.157166 0.759664 0.0831699
0.292727 0.707173 9.9991E-05
0.462917 0.515611 0.0214725
9.999E-05 9.999E-05 0.9998
0.220852 0.779048 9.9991E-05
0.47557 0.52433 9.9991E-05
0.314496 0.685404 9.9991E-05
0.101473 0.898427 9.9991E-05
9.9991E-05 0.930321 0.0695786
0.284226 0.692109 0.0236652
0.0909696 0.130096 0.778934
0.212738 0.787162 9.9991E-05
0.265085 0.666728 0.0681871
0.355997 0.643903 9.9991E-05
0.236214 0.763686 9.9991E-05
0.174712 0.825188 9.9991E-05
0.0953762 0.891901 0.0127225
0.297809 0.702091 9.9991E-05
0.269279 0.730621 9.9991E-05
0.271478 0.728422 9.9991E-05
0.385869 0.614031 9.9991E-05
0.0796926 0.895672 0.0246353
0.409602 0.590298 9.9991E-05
0.31228 0.68762 9.9991E-05
0.00962742 0.937839 0.0525331
0.41723 0.58267 9.9991E-05
0.4896 0.456321 0.0540789
0.147822 0.843573 0.00860497
9.9991E-05 0.940437 0.0594633
0.25902 0.74088 9.9991E-05
0.321186 0.678714 9.9991E-05
0.535992 0.463908 9.9991E-05
0.0142495 0.98565 9.9991E-05
0.426311 0.573589 9.9991E-05
0.356711 0.643189 9.9991E-05
0.0206392 0.000578684 0.978782
0.578951 0.0655273 0.355522
0.544102 0.210537 0.245361
0.277737 0.0846422 0.63762
0.716645 0.257722 0.0256322
0.802691 0.197209 9.9991E-05
0.660007 0.201964 0.138029
0.0679386 0.864104 0.0679571
0.36295 0.63695 9.9991E-05
0.0387531 0.961147 9.9991E-05
0.697568 0.302332 9.9991E-05
0.261868 0.66844 0.0696923
0.353675 0.629388 0.0169372
0.398091 0.590954 0.0109558
0.338144 0.661591 0.000264744
0.223701 0.739498 0.036801
0.159715 0.818338 0.0219471
0.275828 0.696385 0.027787
0.606843 0.297263 0.0958942
0.185341 0.710287 0.104371
0.0767813 0.891674 0.031545
0.374603 0.568649 0.056748
9.9991E-05 0.171688 0.828212
0.682238 0.132917 0.184844
0.178865 0.821035 9.9991E-05
0.293961 0.705939 9.9991E-05
0.680123 0.101993 0.217884
0.225621 0.774279 9.9991E-05
0.0114061 0.917862 0.0707324
0.890821 0.0694557 0.0397232
0.156445 0.843455 9.9991E-05
0.0729939 0.907029 0.0199773
0.336074 0.663826 9.9991E-05
0.215634 0.784266 9.9991E-05
0.35559 0.57748 0.0669302
0.220395 0.779505 9.9991E-05
0.354884 0.274725 0.370391
0.294673 0.705227 9.9991E-05
0.281609 0.718291 9.9991E-05
0.00478419 0.995116 9.9991E-05
0.52169 0.292795 0.185515
0.630675 0.369225 9.9991E-05
0.715709 0.269232 0.0150595
0.241449 0.758451 9.9991E-05
0.774851 0.225049 9.9991E-05
0.15708 0.84282 9.9991E-05
0.50151 0.49839 9.9991E-05
0.175912 0.823988 9.9991E-05
0.313941 0.681906 0.00415307
0.366777 0.325485 0.307738
0.324136 0.675764 9.9991E-05
9.9991E-05 0.0540253 0.945875
0.305967 0.680227 0.0138068
0.163943 0.835957 9.9991E-05
9.999E-05 9.999E-05 0.9998
9.9991E-05 0.094272 0.905628
0.412488 0.574945 0.0125667
0.466786 0.486568 0.0466455
0.0896578 0.874826 0.0355162
0.11118 0.877873 0.0109466
0.306535 0.693365 9.9991E-05
9.999E-05 0.9998 9.999E-05
0.245529 0.657812 0.0966594
0.516489 0.1446 0.338911
0.254774 0.745126 9.9991E-05
0.00938367 0.963286 0.0273298
0.433749 0.566151 9.9991E-05
0.261242 0.738658 9.9991E-05
0.519485 0.4094 0.0711148
0.176744 0.823156 9.9991E-05
0.374837 0.579746 0.0454169
0.422038 0.550405 0.0275563
0.227671 0.667404 0.104925
0.623685 0.106071 0.270244
0.450449 0.540826 0.00872548
0.411122 0.588778 9.9991E-05
0.166116 0.8103 0.0235841
0.400339 0.599561 9.9991E-05
0.485617 0.514283 9.9991E-05
0.253793 0.742108 0.00409879
0.194354 0.767607 0.0380392
0.179601 0.820299 9.9991E-05
0.40892 0.59098 9.9991E-05
0.201531 0.786854 0.0116155
0.74384 0.238675 0.0174854
0.310802 0.6149 0.0742989
0.101229 0.804776 0.0939953
0.884518 0.115382 9.9991E-05
0.283079 0.716821 9.9991E-05
0.296117 0.678994 0.0248891
0.243896 0.756004 9.9991E-05
0.230352 0.733431 0.0362168
0.285425 0.714475 9.9991E-05
0.924701 0.0751992 9.9991E-05
0.0714687 0.928431 9.9991E-05
0.726855 0.208848 0.0642971
