0.192097 0.807803 9.9991E-05
0.0251414 0.940888 0.033971
9.999E-05 0.915036 0.084864
9.999E-05 0.887378 0.112522
0.0860763 0.889774 0.0241499
0.0710537 9.9991E-05 0.928846
0.158766 0.841134 9.9991E-05
9.999E-05 9.999E-05 0.9998
0.0740029 0.901429 0.0245685
0.0141646 0.975938 0.00989783
9.9991E-05 0.969111 0.0307888
9.9991E-05 0.701924 0.297976
9.999E-05 0.9998 9.999E-05
9.9991E-05 0.906108 0.0937925
0.0365153 0.291437 0.672048
9.9991E-05 0.896054 0.103846
9.9991E-05 0.74555 0.25435
0.183494 0.816406 9.9991E-05
0.0262142 0.891482 0.0823034
9.999E-05 0.9998 9.999E-05
0.072462 0.927438 9.9991E-05
0.0725184 0.796675 0.130806
0.0319064 0.957472 0.0106216
0.0611642 0.274746 0.66409
0.139776 0.860124 9.9991E-05
9.9991E-05 0.252481 0.747419
0.119526 0.324637 0.555837
9.9991E-05 0.667831 0.332069
9.9991E-05 0.172391 0.827509
9.9991E-05 0.870771 0.129129
0.0109514 0.396835 0.592214
0.141034 0.846559 0.012407
0.0213364 0.712622 0.266042
9.9991E-05 0.0570726 0.942827
0.100765 9.9991E-05 0.899135
0.0899723 0.789918 0.12011
9.9991E-05 0.841864 0.158036
0.130482 0.849166 0.0203518
0.012105 0.188723 0.799172
0.103269 0.441236 0.455495
0.0902067 0.621724 0.288069
9.9991E-05 0.963205 0.0366951
9.9991E-05 0.836908 0.162992
0.154028 0.234922 0.61105
0.150477 0.849423 9.9991E-05
0.251003 0.719704 0.0292922
0.168338 0.771745 0.0599176
0.0706258 0.819185 0.110189
0.0411325 0.904005 0.0548627
0.0204265 0.412786 0.566788
9.999E-05 0.9998 9.999E-05
0.0846943 0.469557 0.445749
0.149993 0.844051 0.0059559
9.9991E-05 0.00567283 0.994227
9.9991E-05 0.462796 0.537104
9.999E-05 0.9998 9.999E-05
9.999E-05 0.9998 9.999E-05
0.0967828 0.677338 0.225879
9.9991E-05 0.60081 0.39909
9.9991E-05 0.663968 0.335932
0.0269999 0.0713431 0.901657
9.999E-05 9.999E-05 0.9998
0.103116 0.87955 0.0173336
9.999E-05 9.999E-05 0.9998
0.0710072 0.881086 0.0479072
9.9991E-05 0.0652848 0.934615
0.0617324 0.938168 9.9991E-05
0.0603873 0.777705 0.161908
0.121153 0.87685 0.00199652
0.0815829 0.0280647 0.890352
0.185139 0.790059 0.0248022
0.00184947 0.969324 0.0288266
0.0210039 0.658881 0.320115
0.141633 0.851285 0.00708203
0.105867 0.820955 0.0731775
0.0122319 0.566219 0.421549
0.0382401 0.951398 0.0103618
0.122763 0.628815 0.248422
0.0951443 0.745631 0.159225
0.133958 0.846572 0.0194697
9.999E-05 0.9998 9.999E-05
0.0335157 0.931925 0.0345592
9.9991E-05 0.961217 0.0386828
9.999E-05 0.9998 9.999E-05
0.00949204 0.990408 9.9991E-05
0.011775 0.807478 0.180747
9.9991E-05 0.62215 0.37775
9.9991E-05 0.679183 0.320717
9.9991E-05 0.0342556 0.965644
0.103782 0.622189 0.274029
0.137132 0.78256 0.0803083
9.9991E-05 0.32138 0.67852
0.0476939 0.922233 0.0300729
9.9991E-05 0.662356 0.337544
9.9991E-05 0.444296 0.555604
9.999E-05 9.999E-05 0.9998
0.0439164 0.867344 0.0887397
0.089364 0.789172 0.121464
9.9991E-05 0.922604 0.0772959
9.9991E-05 0.772182 0.227718
0.0122452 0.462355 0.5254
9.9991E-05 0.910811 0.0890889
0.116671 0.883229 9.9991E-05
0.0380637 0.961836 9.9991E-05
0.0570752 0.942825 9.9991E-05
9.9991E-05 0.0901038 0.909796
0.100744 0.315469 0.583787
9.999E-05 0.9998 9.999E-05
9.9991E-05 0.922157 0.077743
9.9991E-05 0.999461 0.000439339
0.0259858 0.423614 0.5504
9.999E-05 9.999E-05 0.9998
9.9991E-05 0.488386 0.511514
0.0835196 0.91638 9.9991E-05
9.9991E-05 0.9344 0.0655
0.0435079 0.956392 9.9991E-05
9.999E-05 0.9998 9.999E-05
9.999E-05 9.999E-05 0.9998
0.128807 0.838548 0.032645
9.999E-05 0.9998 9.999E-05
0.0162618 0.83077 0.152969
9.9991E-05 0.307112 0.692788
0.00526408 0.994362 0.000373754
0.0695553 0.862167 0.0682781
0.0884115 0.911488 9.9991E-05
9.9991E-05 0.940279 0.0596207
0.01763 0.274376 0.707994
0.0215881 9.9991E-05 0.978312
0.183504 0.81026 0.0062355
0.16912 0.799061 0.0318184
0.105159 0.859471 0.0353702
0.230513 0.744818 0.0246697
9.9991E-05 0.546797 0.453103
0.203845 0.75802 0.0381345
0.0411784 0.768653 0.190168
0.0375301 0.911207 0.051263
0.0259285 0.362174 0.611897
0.0808318 0.596258 0.32291
9.9991E-05 0.788213 0.211687
0.0737442 0.229598 0.696658
9.9991E-05 0.77322 0.22668
0.175279 0.431867 0.392854
0.0777707 0.585372 0.336857
0.0726612 0.647669 0.279669
0.137925 0.0226191 0.839456
0.105849 0.570062 0.324089
0.0620155 0.63564 0.302344
0.0844352 0.915465 9.9991E-05
0.0586137 0.941286 9.9991E-05
0.272107 0.727793 9.9991E-05
0.0293156 0.897153 0.0735312
9.9991E-05 0.614116 0.385784
9.9991E-05 0.170455 0.829445
0.123692 0.406776 0.469532
0.17426 0.756277 0.0694629
0.223993 0.748458 0.0275481
0.0256529 9.9991E-05 0.974247
0.15707 0.84283 9.9991E-05
0.112721 0.846196 0.0410836
0.0146028 0.798675 0.186722
0.0379845 0.937275 0.0247407
0.118093 0.668304 0.213603
0.0215406 0.893603 0.0848566
0.0814705 0.860782 0.0577472
0.0446142 0.955286 9.9991E-05
0.0676229 0.932277 9.9991E-05
0.137231 0.59988 0.262889
0.0525925 0.307464 0.639943
9.9991E-05 0.652553 0.347347
0.140443 0.755631 0.103926
0.109134 0.669527 0.221339
9.9991E-05 0.804373 0.195527
9.999E-05 9.999E-05 0.9998
0.0327155 0.828894 0.13839
9.9991E-05 0.617702 0.382198
0.15576 0.813168 0.0310714
9.9991E-05 0.747835 0.252065
0.1036 0.260813 0.635587
0.0383927 0.494825 0.466782
9.9991E-05 0.395277 0.604623
9.9991E-05 0.988899 0.0110012
0.0389517 0.113637 0.847411
0.0075928 0.573946 0.418461
0.160288 0.82863 0.0110815
9.999E-05 9.999E-05 0.9998
9.9991E-05 0.3789 0.621
0.0565744 0.858098 0.0853275
9.9991E-05 0.523144 0.476756
9.9991E-05 0.855439 0.144461
0.165858 0.834042 9.9991E-05
0.0742682 0.547843 0.377889
9.999E-05 0.9998 9.999E-05
9.999E-05 0.9998 9.999E-05
0.0950586 0.901977 0.00296432
0.196196 0.532257 0.271547
0.0126574 0.773362 0.213981
0.211958 0.787942 9.9991E-05
9.9991E-05 0.858464 0.141436
0.276287 0.679419 0.0442933
0.070483 0.929417 9.9991E-05
0.0249317 0.629477 0.345591
0.0552513 0.944649 9.9991E-05
0.102691 0.852224 0.0450849
0.310548 0.689352 9.9991E-05
0.382105 0.617795 9.9991E-05
0.151799 0.467934 0.380267
0.212338 0.787562 9.9991E-05
9.9991E-05 0.771169 0.228731
0.0219139 0.955379 0.0227067
9.999E-05 0.9998 9.999E-05
0.157076 0.842824 9.9991E-05
9.9991E-05 0.560875 0.439025
9.9991E-05 0.50029 0.49961
9.999E-05 0.9998 9.999E-05
0.115191 0.884709 9.9991E-05
0.0960814 0.903819 9.9991E-05
0.0688068 0.90211 0.0290836
0.00183263 0.60036 0.397807
0.0212237 0.754642 0.224135
0.207889 0.792011 9.9991E-05
0.0217082 0.358768 0.619523
0.00554971 0.754399 0.240051
0.241072 0.51688 0.242048
0.0978503 0.0920721 0.810078
0.11096 0.861604 0.0274362
0.0649112 0.863818 0.0712704
9.9991E-05 0.950052 0.049848
0.0351313 0.964769 9.9991E-05
0.246645 0.739107 0.014248
0.0210595 0.970861 0.00807992
9.999E-05 0.9998 9.999E-05
0.0151094 0.984791 9.9991E-05
0.0101865 0.728352 0.261462
0.043925 0.955975 9.9991E-05
9.999E-05 0.9998 9.999E-05
0.00297597 0.690923 0.306101
0.0141077 0.954259 0.0316328
9.9991E-05 0.948603 0.051297
9.9991E-05 0.602302 0.397598
9.9991E-05 0.687113 0.312787
9.9991E-05 0.981233 0.0186672
9.9991E-05 0.386112 0.613788
0.0153541 0.96606 0.0185857
9.9991E-05 0.596062 0.403838
0.116773 0.847793 0.0354342
0.0680568 0.632332 0.299611
0.158977 0.483857 0.357166
9.9991E-05 0.451302 0.548598
9.9991E-05 0.924558 0.0753417
9.999E-05 0.9998 9.999E-05
9.9991E-05 0.611654 0.388246
0.0396504 0.911205 0.0491443
0.0535252 0.926223 0.0202516
0.00817396 0.0797702 0.912056
0.000342832 0.969323 0.0303343
9.999E-05 0.9998 9.999E-05
0.042523 0.876333 0.0811438
9.9991E-05 0.96495 0.0349504
9.999E-05 0.9998 9.999E-05
9.999E-05 0.9998 9.999E-05
0.0330948 0.912478 0.0544271
9.9991E-05 0.867729 0.132171
0.0805205 0.301527 0.617952
9.9991E-05 0.973449 0.0264513
9.999E-05 0.9998 9.999E-05
0.0636085 0.731098 0.205293
9.9991E-05 0.508227 0.491673
0.0702885 0.929611 9.9991E-05
9.9991E-05 0.714689 0.285211
0.049173 0.928271 0.0225557
9.9991E-05 0.623663 0.376237
0.106208 0.742099 0.151693
0.0371051 0.419807 0.543088
9.9991E-05 0.731477 0.268423
0.17832 0.758593 0.0630873
0.00195397 0.767135 0.230911
9.999E-05 0.9998 9.999E-05
9.9991E-05 0.979955 0.0199447
0.0936682 0.84116 0.0651714
0.0545452 0.622405 0.32305
9.9991E-05 0.93355 0.0663503
0.152666 0.847234 9.9991E-05
9.999E-05 0.9998 9.999E-05
0.161107 0.191346 0.647546
9.999E-05 9.999E-05 0.9998
0.0876783 0.79024 0.122082
0.124449 0.794481 0.0810696
0.224337 0.596979 0.178685
0.0386562 0.693565 0.267779
0.126996 0.603235 0.269769
9.9991E-05 0.902885 0.0970146
0.120224 0.879676 9.9991E-05
0.150507 0.837173 0.0123198
0.00831847 0.958087 0.0335945
0.0971817 0.902718 9.9991E-05
9.999E-05 0.9998 9.999E-05
9.999E-05 0.9998 9.999E-05
0.115343 0.799108 0.0855492
0.152381 0.847519 9.9991E-05
9.9991E-05 0.955299 0.044601
0.183241 0.79888 0.0178788
0.0768357 0.847324 0.0758401
0.0414418 0.816601 0.141957
0.0895395 0.299517 0.610944
0.0720055 0.4152 0.512794
0.073327 0.0396699 0.887003
0.0738079 0.925994 0.000198319
0.012118 0.121634 0.866248
9.9991E-05 0.166265 0.833635
0.115582 0.831818 0.0525999
0.202744 0.777964 0.0192928
0.140449 0.859451 9.9991E-05
0.0155947 0.177297 0.807109
9.999E-05 0.9998 9.999E-05
0.0782722 0.359102 0.562626
0.046382 0.945123 0.00849521
0.0378329 0.00930673 0.95286
0.0339208 0.778218 0.187861
0.040859 0.908362 0.0507788
9.999E-05 0.9998 9.999E-05
0.114815 0.885085 9.9991E-05
9.9991E-05 0.248527 0.751373
9.9991E-05 0.810155 0.189745
0.194764 0.356608 0.448628
0.14853 0.85137 9.9991E-05
0.0529352 0.105881 0.841184
0.349455 0.505321 0.145224
0.176984 0.348951 0.474065
0.0966127 0.903287 9.9991E-05
0.14504 0.607908 0.247051
0.0569682 0.381677 0.561355
0.143735 0.856165 9.9991E-05
0.00252495 0.995838 0.00163714
0.145904 0.829184 0.0249116
0.12333 0.87657 9.9991E-05
0.0673497 0.389236 0.543414
0.155451 0.799811 0.0447378
0.0735524 0.926348 9.9991E-05
9.9991E-05 0.935817 0.0640832
9.9991E-05 0.471237 0.528663
0.00770235 0.738255 0.254042
0.0721808 0.927719 9.9991E-05
0.252435 0.521002 0.226564
0.0671224 0.685602 0.247275
0.142334 0.844692 0.0129746
0.140541 0.41779 0.441669
0.0482889 0.830619 0.121092
0.0476653 0.475485 0.47685
0.0484102 0.95149 9.9991E-05
9.999E-05 0.9998 9.999E-05
0.0710123 0.928888 9.9991E-05
0.0179871 0.981913 9.9991E-05
0.21558 0.78432 9.9991E-05
0.146143 0.853757 9.9991E-05
9.9991E-05 0.602271 0.397629
0.063976 0.839613 0.0964107
9.999E-05 0.9998 9.999E-05
9.9991E-05 0.913527 0.0863726
0.0745427 0.824716 0.100741
0.240578 0.346111 0.413311
0.212362 0.787538 9.9991E-05
0.155861 0.832007 0.0121326
9.9991E-05 0.0550299 0.94487
9.9991E-05 0.303169 0.696731
0.0590712 0.940829 9.9991E-05
0.542667 0.457233 9.9991E-05
0.844561 0.10662 0.0488187
0.781189 0.207963 0.0108482
0.179842 0.820058 9.9991E-05
0.831867 0.168033 9.9991E-05
0.672371 0.307323 0.0203055
0.768388 0.149752 0.0818595
0.905121 0.0655055 0.0293734
0.778293 0.195622 0.0260849
0.590752 0.409148 9.9991E-05
0.395508 0.591001 0.0134906
0.664603 0.305175 0.0302216
0.379308 0.620592 9.9991E-05
0.655207 0.344693 9.9991E-05
0.71058 0.28932 9.9991E-05
0.829264 9.9991E-05 0.170636
0.617931 0.381969 9.9991E-05
0.559569 0.40462 0.035811
0.156928 9.9991E-05 0.842972
0.544514 0.388901 0.0665853
0.652286 0.335253 0.012461
0.164745 0.673138 0.162116
0.9998 9.999E-05 9.999E-05
0.924428 0.075472 9.9991E-05
0.228624 0.708729 0.0626474
0.871005 0.078657 0.0503376
0.661497 0.338403 9.9991E-05
0.720929 0.278971 9.9991E-05
0.851416 0.108278 0.040306
0.883364 0.0175035 0.0991326
0.9998 9.999E-05 9.999E-05
0.924224 9.9991E-05 0.075676
0.730621 0.243047 0.0263314
0.801367 0.198533 9.9991E-05
0.821305 9.9991E-05 0.178595
0.709483 0.290417 9.9991E-05
0.868122 9.9991E-05 0.131778
0.188834 0.811066 9.9991E-05
0.956914 9.9991E-05 0.0429859
0.734739 0.217297 0.0479634
0.634994 0.364906 9.9991E-05
0.593513 0.406387 9.9991E-05
0.998168 0.00173153 9.9991E-05
0.207765 0.792135 9.9991E-05
0.861694 0.137467 0.000838452
0.169835 0.383706 0.446459
0.283383 0.716517 9.9991E-05
0.15818 0.833928 0.00789206
0.740103 0.242116 0.0177817
0.701454 0.298446 9.9991E-05
0.92875 0.0414289 0.0298211
0.598718 0.401182 9.9991E-05
0.716818 0.225634 0.0575477
0.83927 0.16063 9.9991E-05
0.563902 0.435998 9.9991E-05
0.9998 9.999E-05 9.999E-05
0.750505 0.249395 9.9991E-05
0.423751 0.557372 0.0188765
0.9998 9.999E-05 9.999E-05
0.938901 0.00787039 0.0532289
0.846281 0.122552 0.0311679
0.856114 0.134602 0.00928427
0.20544 0.775958 0.0186016
0.854225 0.132639 0.0131354
0.0921342 0.573935 0.333931
0.696997 0.302903 9.9991E-05
0.888876 9.9991E-05 0.111024
0.118 0.656912 0.225089
0.733113 0.224391 0.0424964
0.777124 0.212062 0.0108142
0.965972 0.0339283 9.9991E-05
0.837518 0.135772 0.0267105
0.477887 0.481002 0.0411112
0.768926 0.230974 9.9991E-05
0.768401 0.1831 0.048499
0.728097 0.254114 0.0177888
0.306059 0.684426 0.00951551
0.781337 0.218563 9.9991E-05
0.577939 0.392284 0.0297773
0.0596397 9.9991E-05 0.94026
0.739603 0.260297 9.9991E-05
0.0551252 0.869756 0.0751191
0.888099 0.0459306 0.0659702
0.517455 0.461011 0.0215333
0.4269 0.573 9.9991E-05
0.21196 0.78794 9.9991E-05
0.596077 0.403823 9.9991E-05
0.656681 0.327964 0.0153552
0.752277 0.247623 9.9991E-05
0.760862 0.211713 0.0274255
0.239333 0.72323 0.0374364
0.749916 0.238328 0.0117564
0.634667 0.352008 0.0133244
0.729358 0.270542 9.9991E-05
9.9991E-05 0.963977 0.0359232
0.886905 0.112995 9.9991E-05
0.831666 0.140434 0.0279002
0.69899 0.30091 9.9991E-05
0.604285 0.395615 9.9991E-05
9.999E-05 0.9998 9.999E-05
0.0306615 0.0290746 0.940264
0.754939 0.244961 9.9991E-05
0.576557 0.423343 9.9991E-05
0.593351 0.406549 9.9991E-05
0.790696 0.188893 0.0204106
0.933995 9.9991E-05 0.0659049
0.774326 0.225574 9.9991E-05
0.868108 0.122491 0.00940154
0.926242 9.9991E-05 0.0736582
0.898115 0.027152 0.0747332
0.477907 0.521993 9.9991E-05
0.116322 0.883578 9.9991E-05
0.858101 0.141799 9.9991E-05
0.684205 0.315695 9.9991E-05
9.999E-05 0.9998 9.999E-05
0.810198 0.155445 0.0343576
0.0940957 0.881059 0.0248454
0.682607 0.25845 0.0589433
0.76259 0.235297 0.00211324
0.171789 0.811751 0.0164598
0.751359 0.237658 0.0109832
0.482035 0.481083 0.0368815
0.869969 0.0765204 0.0535107
0.178397 0.0759904 0.745613
0.803309 0.166268 0.0304238
0.699633 0.251912 0.0484546
0.862159 0.137741 9.9991E-05
0.654509 0.300939 0.044552
0.836694 0.163206 9.9991E-05
0.874177 0.125723 9.9991E-05
0.760023 0.239877 9.9991E-05
9.999E-05 0.9998 9.999E-05
0.652423 0.288496 0.0590811
0.880854 0.119046 9.9991E-05
0.9998 9.999E-05 9.999E-05
0.765211 0.198226 0.0365639
0.663117 0.317028 0.019855
0.528271 0.454679 0.01705
0.422259 0.577641 9.9991E-05
0.498601 0.444952 0.056447
0.697486 0.302414 9.9991E-05
0.85138 0.14852 9.9991E-05
9.9991E-05 0.974898 0.0250017
0.436818 0.563082 9.9991E-05
0.960703 0.0357736 0.00352366
0.809115 0.164753 0.0261326
0.6589 0.300558 0.0405428
0.988615 0.0112854 9.9991E-05
0.650889 0.30688 0.0422313
9.9991E-05 0.970901 0.0289992
0.181937 0.743649 0.0744139
0.637169 0.300054 0.0627767
0.880947 0.118953 9.9991E-05
0.757507 0.242393 9.9991E-05
0.57158 0.42832 9.9991E-05
0.867566 0.082935 0.0494994
0.926411 0.0201392 0.05345
0.173969 0.511916 0.314116
0.734181 0.225892 0.0399267
0.623534 0.370304 0.0061616
0.311034 0.315901 0.373065
0.0747972 0.626464 0.298739
0.9998 9.999E-05 9.999E-05
0.520926 0.394257 0.0848172
0.839887 0.160013 9.9991E-05
0.124066 0.875834 9.9991E-05
0.6894 0.3105 9.9991E-05
0.812823 0.148234 0.0389422
0.1059 0.53752 0.356581
0.777085 0.212759 0.0101559
0.807365 0.192535 9.9991E-05
0.830465 0.169435 9.9991E-05
0.768627 0.203442 0.0279309
0.916192 0.0650965 0.0187116
0.875099 0.122455 0.00244599
0.733205 0.255087 0.0117081
0.59978 0.40012 9.9991E-05
0.738118 0.261782 9.9991E-05
0.723471 0.224717 0.0518112
0.0583822 0.161983 0.779635
0.933448 0.0664518 9.9991E-05
0.98906 9.9991E-05 0.0108403
0.302749 0.697151 9.9991E-05
0.9998 9.999E-05 9.999E-05
0.579108 0.412779 0.0081132
0.850347 0.138191 0.0114615
0.335537 0.567682 0.0967817
0.751116 0.248784 9.9991E-05
0.904237 0.0952801 0.000482912
0.836926 0.129749 0.0333251
0.738054 0.25451 0.0074356
0.554694 0.412054 0.0332522
9.999E-05 9.999E-05 0.9998
0.755959 0.243941 9.9991E-05
0.536464 0.463436 9.9991E-05
0.639742 0.360158 9.9991E-05
0.780212 0.219688 9.9991E-05
0.914271 9.9991E-05 0.0856294
0.722761 0.176792 0.100447
0.0952555 0.119748 0.784996
0.871912 0.127988 9.9991E-05
0.795183 0.162074 0.0427433
0.62879 0.37111 9.9991E-05
0.681491 0.318409 9.9991E-05
0.732423 0.263206 0.00437096
0.746876 0.253024 9.9991E-05
0.682865 0.317035 9.9991E-05
0.710213 0.285436 0.00435053
0.695884 0.304016 9.9991E-05
0.589117 0.375911 0.0349724
0.948251 0.0131658 0.0385831
0.650625 0.349275 9.9991E-05
0.585216 0.414684 9.9991E-05
0.817375 0.112287 0.0703381
0.546489 0.453411 9.9991E-05
0.544544 0.418895 0.0365611
0.756292 0.243608 9.9991E-05
0.912946 0.00779003 0.0792644
0.701681 0.287921 0.0103981
0.592336 0.396022 0.0116427
0.474801 0.525099 9.9991E-05
0.9998 9.999E-05 9.999E-05
0.506922 0.492978 9.9991E-05
0.671093 0.328807 9.9991E-05
9.9991E-05 0.017406 0.982494
0.162008 0.451108 0.386884
0.191773 0.568119 0.240108
0.0667748 0.288732 0.644493
0.241807 0.711663 0.0465297
0.230623 0.769277 9.9991E-05
0.142391 0.704092 0.153517
0.909735 0.05451 0.0357548
0.653476 0.346425 9.9991E-05
0.941616 0.058284 9.9991E-05
0.358227 0.641673 9.9991E-05
0.686245 0.2194 0.0943553
0.610802 0.354294 0.0349043
0.515018 0.471966 0.0130163
0.648194 0.351706 9.9991E-05
0.745145 0.254755 9.9991E-05
0.638759 0.324563 0.036678
0.655773 0.344127 9.9991E-05
0.26184 0.666558 0.0716024
0.76364 0.130608 0.105752
0.85665 0.14325 9.9991E-05
0.692076 0.243554 0.0643693
0.181224 0.0114211 0.807355
0.065445 0.70643 0.228125
0.801688 0.182809 0.0155031
0.687468 0.312432 9.9991E-05
0.160143 0.63595 0.203907
0.780282 0.219618 9.9991E-05
0.875998 0.088233 0.0357687
0.0394352 0.920088 0.0404766
0.804791 0.195109 9.9991E-05
0.837652 0.13374 0.0286073
0.596683 0.403217 9.9991E-05
0.783945 0.215955 9.9991E-05
0.622395 0.306876 0.0707293
0.751967 0.247933 9.9991E-05
0.246904 0.381013 0.372083
0.777718 0.222182 9.9991E-05
0.70825 0.253342 0.0384084
0.9998 9.999E-05 9.999E-05
0.278728 0.477187 0.244085
0.328873 0.671027 9.9991E-05
0.253932 0.736593 0.00947496
0.684304 0.315597 9.9991E-05
0.192905 0.800817 0.00627836
0.869141 0.130759 9.9991E-05
0.501955 0.47037 0.0276747
0.851459 0.148441 9.9991E-05
0.674276 0.325624 9.9991E-05
0.328631 0.339973 0.331396
0.732914 0.266986 9.9991E-05
0.073126 0.0517859 0.875088
0.666893 0.287435 0.045672
0.817058 0.182842 9.9991E-05
9.999E-05 9.999E-05 0.9998
0.0901533 9.9991E-05 0.909747
0.584315 0.415585 9.9991E-05
0.511686 0.450788 0.0375259
0.836164 0.130236 0.0336001
0.836709 0.0541945 0.109096
0.682559 0.317341 9.9991E-05
0.9998 9.999E-05 9.999E-05
0.63878 0.307028 0.0541919
0.225648 0.4372 0.337152
0.650017 0.349883 9.9991E-05
0.950743 9.9991E-05 0.0491575
0.575192 0.417555 0.0072532
0.583984 0.415916 9.9991E-05
0.388826 0.503748 0.107425
0.8247 0.1752 9.9991E-05
0.65535 0.292065 0.0525847
0.516992 0.444207 0.0388009
0.601315 0.359198 0.0394867
0.116086 0.636353 0.247562
0.519435 0.480465 9.9991E-05
0.661128 0.338772 9.9991E-05
0.804914 0.194396 0.000689686
0.562825 0.437075 9.9991E-05
0.561931 0.437969 9.9991E-05
0.689515 0.310385 9.9991E-05
0.746098 0.214811 0.0390911
0.769336 0.230564 9.9991E-05
0.661852 0.338048 9.9991E-05
0.805825 0.185911 0.00826448
0.234666 0.76212 0.0032136
0.605455 0.315275 0.07927
0.667584 0.263671 0.0687449
0.10141 0.890279 0.00831151
0.683029 0.316871 9.9991E-05
0.635001 0.322023 0.0429762
0.636846 0.363054 9.9991E-05
0.701436 0.298464 9.9991E-05
0.693127 0.306773 9.9991E-05
0.0834624 0.916438 9.9991E-05
0.864282 0.135618 9.9991E-05
0.339663 0.601419 0.0589175
