0.908964 0.0037276 0.0873082
0.904772 0.0337492 0.0614793
0.853466 0.146434 9.9991E-05
0.874246 0.125654 9.9991E-05
0.984473 0.0154274 9.9991E-05
9.999E-05 0.926636 0.0732641
0.828768 9.9991E-05 0.171132
0.0304822 0.962848 0.00667016
0.826094 0.0710603 0.102846
0.950098 0.0127215 0.0371805
0.909462 0.0297066 0.0608316
0.737931 0.261969 9.9991E-05
0.9998 9.999E-05 9.999E-05
0.886782 0.103486 0.00973124
0.247927 0.751973 9.9991E-05
0.912918 0.0590312 0.0280503
0.766006 0.206059 0.0279348
0.734668 9.9991E-05 0.265232
0.932148 0.0453581 0.0224937
0.9998 9.999E-05 9.999E-05
0.9998 9.999E-05 9.999E-05
0.840174 0.0892546 0.0705714
0.984871 9.9991E-05 0.0150291
0.319307 0.680593 9.9991E-05
0.845894 9.9991E-05 0.154006
0.282429 0.717471 9.9991E-05
0.455184 0.51547 0.0293455
0.607396 0.392504 9.9991E-05
0.213786 0.786114 9.9991E-05
0.871315 0.128585 9.9991E-05
0.48022 0.501855 0.0179246
0.839445 0.0206049 0.13995
0.723955 0.275945 9.9991E-05
0.035967 0.963933 9.9991E-05
9.9991E-05 0.963271 0.0366286
0.818643 0.113912 0.0674451
0.858074 0.141826 9.9991E-05
0.887615 9.9991E-05 0.112285
0.108386 0.837728 0.0538863
0.392593 0.483789 0.123618
0.62464 0.24375 0.131611
0.964222 0.0356778 9.9991E-05
0.845248 0.154652 9.9991E-05
0.286798 0.62269 0.0905121
0.849474 9.9991E-05 0.150426
0.763521 0.00442753 0.232052
0.833882 0.0824286 0.0836892
0.881097 0.118803 9.9991E-05
0.916819 0.0781026 0.00507873
0.423162 0.576738 9.9991E-05
0.969999 9.9991E-05 0.0299014
0.315117 0.539513 0.14537
0.752258 0.0500053 0.197737
9.9991E-05 0.961364 0.0385361
0.520816 0.479084 9.9991E-05
0.960122 9.9991E-05 0.0397779
0.967729 9.9991E-05 0.0321715
0.774421 0.216692 0.00888694
0.594613 0.405287 9.9991E-05
0.645918 0.353982 9.9991E-05
9.9991E-05 0.945605 0.0542955
9.999E-05 0.9998 9.999E-05
0.876546 0.0246851 0.0987694
9.999E-05 0.9998 9.999E-05
0.768479 0.0448547 0.186666
0.0598914 0.940009 9.9991E-05
0.977482 9.9991E-05 0.0224176
0.774242 0.213879 0.0118792
0.967239 9.9991E-05 0.0326609
0.0333381 0.917576 0.0490862
0.819515 9.9991E-05 0.180385
0.899655 0.056605 0.0437398
0.699913 0.299987 9.9991E-05
0.837924 0.0267408 0.135336
0.88381 0.0466838 0.0695059
0.593328 0.406572 9.9991E-05
0.951996 9.9991E-05 0.0479042
0.645447 0.208613 0.14594
0.851242 0.148658 9.9991E-05
0.967415 9.9991E-05 0.0324848
0.976684 9.9991E-05 0.023216
0.8976 0.0180864 0.0843131
0.943055 0.0492415 0.00770323
0.9998 9.999E-05 9.999E-05
0.9998 9.999E-05 9.999E-05
0.765555 0.168392 0.0660529
0.67147 0.32843 9.9991E-05
0.716245 0.281143 0.0026126
0.0426492 0.957251 9.9991E-05
0.686226 0.299523 0.0142502
0.814237 0.0906381 0.0951246
0.359244 0.640656 9.9991E-05
0.937381 0.0316274 0.0309912
0.712768 0.287132 9.9991E-05
0.455495 0.544405 9.9991E-05
9.999E-05 0.9998 9.999E-05
0.809137 0.149466 0.0413975
0.794312 0.15141 0.0542778
0.819401 0.0661061 0.114493
0.753754 0.246146 9.9991E-05
0.417316 0.582169 0.000514209
0.958129 0.0417712 9.9991E-05
0.845131 9.9991E-05 0.154769
0.979045 9.9991E-05 0.0208552
0.899843 9.9991E-05 0.100057
0.12942 0.87048 9.9991E-05
0.381862 0.489627 0.128511
0.9998 9.999E-05 9.999E-05
0.938454 0.060439 0.00110667
0.995628 0.0042725 9.9991E-05
0.438415 0.540802 0.0207825
9.999E-05 0.9998 9.999E-05
0.445347 0.554553 9.9991E-05
0.969613 9.9991E-05 0.030287
0.926453 0.0734471 9.9991E-05
0.86541 9.9991E-05 0.13449
0.9998 9.999E-05 9.999E-05
9.9991E-05 0.938419 0.0614812
0.963009 9.9991E-05 0.0368909
0.895552 9.9991E-05 0.104348
0.899478 0.100422 9.9991E-05
0.295607 0.704293 9.9991E-05
0.981005 0.0188947 9.9991E-05
0.910618 0.0728022 0.0165795
0.982148 9.9991E-05 0.0177521
0.925135 0.0747646 9.9991E-05
0.274377 0.725523 9.9991E-05
9.9991E-05 0.998058 0.00184217
0.855055 9.9991E-05 0.144845
0.802745 0.00638291 0.190872
0.953716 9.9991E-05 0.0461844
0.805134 0.00278354 0.192082
0.531447 0.468291 0.000261994
0.720378 0.0338428 0.24578
0.734514 0.221109 0.0443771
0.804644 0.0511998 0.144156
0.30304 0.69686 9.9991E-05
0.626278 0.330909 0.0428129
0.726645 0.205995 0.0673596
0.333603 0.656367 0.0100301
0.763699 0.236201 9.9991E-05
0.50102 0.393342 0.105638
0.663152 0.33644 0.000408035
0.584988 0.271645 0.143367
0.175736 0.788496 0.0357683
0.508683 0.332379 0.158939
0.756995 0.242905 9.9991E-05
0.94108 9.9991E-05 0.0588197
0.955475 9.9991E-05 0.0444254
0.692642 9.9991E-05 0.307258
0.907624 0.0727372 0.019639
0.59753 0.365582 0.036888
0.215105 0.784795 9.9991E-05
0.325287 0.496822 0.177891
0.768077 0.0751476 0.156776
0.840137 0.0021733 0.15769
9.999E-05 0.9998 9.999E-05
0.861263 9.9991E-05 0.138637
0.946542 9.9991E-05 0.0533582
0.778249 0.187633 0.0341179
0.880541 0.0371577 0.0823017
0.661301 0.21737 0.121329
0.832288 0.167612 9.9991E-05
0.869056 0.09811 0.0328337
0.9998 9.999E-05 9.999E-05
0.971879 9.9991E-05 0.0280206
0.679255 0.253757 0.0669887
0.319543 0.642397 0.03806
0.678079 0.321821 9.9991E-05
0.666353 0.123602 0.210045
0.715413 0.178576 0.106011
0.867423 0.132477 9.9991E-05
9.999E-05 0.9998 9.999E-05
0.833531 0.1602 0.00626848
0.590168 0.409732 9.9991E-05
0.719054 0.0621109 0.218835
0.75964 0.24026 9.9991E-05
0.288402 0.645276 0.0663217
0.551631 0.447048 0.00132175
0.385724 0.614176 9.9991E-05
0.9998 9.999E-05 9.999E-05
9.9991E-05 0.964927 0.0349729
0.555691 0.444209 9.9991E-05
0.847931 9.9991E-05 0.151969
9.999E-05 0.9998 9.999E-05
0.358672 0.641228 9.9991E-05
0.89339 0.0902141 0.0163958
0.487335 0.512565 9.9991E-05
0.865618 0.134282 9.9991E-05
0.956401 9.9991E-05 0.0434992
0.455212 0.413162 0.131627
0.9998 9.999E-05 9.999E-05
0.9998 9.999E-05 9.999E-05
0.777986 0.0397068 0.182307
0.545539 0.309963 0.144497
0.762854 0.237046 9.9991E-05
0.783864 9.9991E-05 0.216036
0.679544 0.18772 0.132736
0.636386 0.0218003 0.341813
0.866771 9.9991E-05 0.133129
0.581589 0.339609 0.0788016
0.9998 9.999E-05 9.999E-05
0.853155 0.0264426 0.120402
0.587543 0.0548721 0.357584
0.558108 9.9991E-05 0.441792
0.588847 0.33665 0.0745026
0.86779 0.0268348 0.105375
0.789028 0.210872 9.9991E-05
0.969163 0.0307375 9.9991E-05
0.876428 9.9991E-05 0.123472
0.826129 0.00670983 0.167161
0.542057 0.429098 0.0288452
0.438433 0.561467 9.9991E-05
0.9998 9.999E-05 9.999E-05
0.844122 9.9991E-05 0.155778
0.93946 9.9991E-05 0.06044
0.917331 0.0255911 0.0570779
0.592151 0.407749 9.9991E-05
0.723632 0.208772 0.0675959
0.71626 9.9991E-05 0.28364
0.345833 0.654067 9.9991E-05
0.690118 0.23638 0.0735021
0.689611 0.188115 0.122273
0.0776792 0.922221 9.9991E-05
0.852424 0.0448785 0.102697
0.856823 0.0227092 0.120468
0.913162 0.0867384 9.9991E-05
0.9998 9.999E-05 9.999E-05
0.748735 9.9991E-05 0.251165
0.932934 0.0263273 0.0407387
0.9998 9.999E-05 9.999E-05
0.993828 0.00607208 9.9991E-05
0.760053 0.239847 9.9991E-05
0.969309 0.0101014 0.0205893
0.9998 9.999E-05 9.999E-05
0.67823 0.263012 0.0587581
0.935411 0.0347744 0.0298145
0.9998 9.999E-05 9.999E-05
0.564688 0.435212 9.9991E-05
0.646097 0.353803 9.9991E-05
0.956087 0.0438134 9.9991E-05
0.344579 0.655321 9.9991E-05
0.9998 9.999E-05 9.999E-05
0.636991 0.362909 9.9991E-05
0.823049 0.00525214 0.171699
0.66 0.301218 0.0387819
0.488414 0.324716 0.18687
0.400627 0.599273 9.9991E-05
0.918897 0.0810029 9.9991E-05
0.9998 9.999E-05 9.999E-05
0.623528 0.376372 9.9991E-05
0.81473 0.0697709 0.115499
0.995222 0.00467796 9.9991E-05
0.0217438 0.955624 0.0226323
0.893272 0.0244692 0.0822584
0.9998 9.999E-05 9.999E-05
0.98409 0.0158103 9.9991E-05
0.936993 0.0629065 9.9991E-05
0.92718 0.0727202 9.9991E-05
0.9998 9.999E-05 9.999E-05
0.962399 0.0375015 9.9991E-05
0.862225 0.137675 9.9991E-05
0.264792 0.616225 0.118983
0.9998 9.999E-05 9.999E-05
0.9998 9.999E-05 9.999E-05
0.727114 0.201421 0.0714654
0.50053 0.49937 9.9991E-05
0.836135 9.9991E-05 0.163765
0.685754 0.314146 9.9991E-05
0.9998 9.999E-05 9.999E-05
0.658838 0.341062 9.9991E-05
0.70676 0.138037 0.155203
0.279372 0.603901 0.116727
0.712851 0.287049 9.9991E-05
0.775327 0.0351522 0.189521
0.711189 0.288711 9.9991E-05
0.9998 9.999E-05 9.999E-05
0.9998 9.999E-05 9.999E-05
0.935019 0.0507472 0.0142336
0.613009 0.311475 0.0755157
0.936864 0.0630364 9.9991E-05
0.79196 9.9991E-05 0.20794
0.940984 9.9991E-05 0.0589158
0.311586 0.637173 0.0512403
9.9991E-05 0.981724 0.0181765
0.762795 0.119786 0.117419
0.786431 0.0957089 0.11786
0.568001 0.21744 0.214559
0.73735 0.245276 0.0173739
0.657656 0.259336 0.0830078
0.9119 0.0880001 9.9991E-05
0.776776 9.9991E-05 0.223124
0.842259 0.0306611 0.12708
0.9998 9.999E-05 9.999E-05
0.865028 9.9991E-05 0.134872
0.9998 9.999E-05 9.999E-05
0.9998 9.999E-05 9.999E-05
0.804229 0.107822 0.0879492
0.808143 9.9991E-05 0.191757
0.911701 0.0515653 0.0367334
0.735593 0.0349378 0.229469
0.866812 0.0851146 0.0480732
0.831191 0.14412 0.0246886
0.251457 0.631793 0.116749
0.373404 0.46661 0.159986
0.0645069 0.918997 0.016496
0.9998 9.999E-05 9.999E-05
0.137949 0.861951 9.9991E-05
0.170491 0.804097 0.0254126
0.970914 0.00765829 0.0214275
0.755126 9.9991E-05 0.244774
0.861856 9.9991E-05 0.138044
0.146344 0.850107 0.0035487
0.9998 9.999E-05 9.999E-05
0.437381 0.526949 0.0356701
0.87274 0.0563296 0.0709302
0.0310235 0.888896 0.0800806
0.725483 0.189793 0.0847239
0.9789 0.021 9.9991E-05
0.9998 9.999E-05 9.999E-05
0.938359 9.9991E-05 0.0615406
0.177761 0.795486 0.0267532
0.686045 0.253389 0.0605667
0.295858 0.484367 0.219775
0.883586 9.9991E-05 0.116314
0.0543589 0.77764 0.168001
0.49238 0.131299 0.376322
0.487654 0.4804 0.031946
0.851598 9.9991E-05 0.148302
0.630107 0.255536 0.114357
0.317508 0.64383 0.0386616
0.828407 9.9991E-05 0.171493
0.932008 0.00216733 0.0658243
0.965275 9.9991E-05 0.0346254
0.819821 0.00840963 0.171769
0.448775 0.534096 0.0171285
0.790372 0.0229868 0.186641
0.834352 9.9991E-05 0.165548
0.916185 0.0458618 0.0379527
0.409125 0.590775 9.9991E-05
0.628454 0.283475 0.0880712
0.972062 9.9991E-05 0.0278384
0.579381 0.237344 0.183275
0.625974 0.268799 0.105227
0.922428 0.000543764 0.0770279
0.485216 0.421511 0.0932728
0.80776 0.121647 0.0705926
0.469799 0.493646 0.0365548
0.911682 9.9991E-05 0.0882175
0.9998 9.999E-05 9.999E-05
0.957716 0.0310647 0.0112194
0.996313 9.9991E-05 0.00358748
0.779734 9.9991E-05 0.220166
0.859116 9.9991E-05 0.140784
0.643064 0.333409 0.0235271
0.89953 0.0599187 0.040551
0.9998 9.999E-05 9.999E-05
0.94889 0.0510099 9.9991E-05
0.8255 0.1744 9.9991E-05
0.444316 0.378402 0.177282
0.738218 9.9991E-05 0.261682
0.849542 9.9991E-05 0.150358
0.131481 0.868419 9.9991E-05
0.312696 0.687204 9.9991E-05
0.935232 9.9991E-05 0.0646677
0.444578 9.9991E-05 0.555322
9.9991E-05 0.0602133 0.939687
0.293383 0.0163408 0.690276
0.802845 9.9991E-05 0.197055
0.134735 9.9991E-05 0.865165
0.202612 0.00951593 0.787872
0.130389 0.0647169 0.804894
0.0973544 0.0432195 0.859426
0.107568 0.0650355 0.827396
0.430151 9.9991E-05 0.569749
0.569202 9.9991E-05 0.430698
0.150768 0.0282434 0.820989
0.661582 9.9991E-05 0.338318
0.248358 9.9991E-05 0.751542
0.196188 9.9991E-05 0.803712
9.9991E-05 0.0707436 0.929156
0.384311 0.00800521 0.607683
0.354667 0.0195741 0.625759
9.9991E-05 0.868407 0.131493
0.456869 0.0167384 0.526393
0.267494 0.0333355 0.699171
0.7469 0.0930618 0.160038
9.999E-05 9.999E-05 0.9998
0.0324266 0.0304988 0.937075
0.677522 0.0695772 0.252901
0.0816284 0.0167047 0.901667
0.487056 9.9991E-05 0.512844
0.338287 9.9991E-05 0.661613
0.0287842 0.099958 0.871258
9.9991E-05 0.0832712 0.916629
0.0203478 9.9991E-05 0.979552
9.9991E-05 0.0692561 0.930644
0.234049 0.00555375 0.760397
0.318259 9.9991E-05 0.681641
0.00213217 0.120371 0.877497
0.163903 0.0498566 0.786241
0.00485711 0.0777495 0.917393
0.893005 9.9991E-05 0.106895
0.107093 9.9991E-05 0.892807
0.264919 0.0549196 0.680161
0.315744 0.0156073 0.668649
0.446703 9.9991E-05 0.553197
9.999E-05 9.999E-05 0.9998
0.776093 0.0186705 0.205237
0.130554 9.9991E-05 0.869346
0.616514 0.320889 0.0625965
0.72921 0.0283836 0.242407
0.742061 0.0575646 0.200374
0.199826 9.9991E-05 0.800074
0.316255 9.9991E-05 0.683645
0.0965751 0.00958956 0.893835
0.420717 9.9991E-05 0.579183
0.238643 0.0216861 0.739671
0.153203 9.9991E-05 0.846697
0.404894 9.9991E-05 0.595006
0.0740097 9.9991E-05 0.92589
0.40407 9.9991E-05 0.59583
0.477817 0.057151 0.465032
9.999E-05 9.999E-05 0.9998
0.135261 0.00813994 0.856599
0.15402 0.0236722 0.822307
0.191015 9.9991E-05 0.808885
0.840678 9.9991E-05 0.159222
0.0575083 9.9991E-05 0.942392
0.676216 0.245322 0.0784616
0.1956 0.032933 0.771467
0.0616923 0.0749416 0.863366
0.742355 0.171133 0.0865113
0.0858879 0.106358 0.807754
0.166363 0.0417488 0.791889
0.0471548 9.9991E-05 0.952745
0.177938 0.0317977 0.790264
0.222035 0.0624966 0.715469
0.222145 9.9991E-05 0.777755
0.119392 0.0481276 0.832481
0.286384 9.9991E-05 0.713516
0.743906 9.9991E-05 0.255994
0.221415 0.00150217 0.777083
0.383027 0.0191453 0.597828
9.9991E-05 0.944217 0.055683
0.253337 0.0448141 0.701849
0.783992 0.151168 0.06484
9.9991E-05 0.0338222 0.966078
0.409137 9.9991E-05 0.590763
0.613502 9.9991E-05 0.386398
0.857343 9.9991E-05 0.142557
0.326815 9.9991E-05 0.673085
0.292193 9.9991E-05 0.707707
0.285145 9.9991E-05 0.714755
0.165433 0.0262796 0.808287
0.64877 0.076842 0.274388
0.163689 0.00668301 0.829628
0.33301 9.9991E-05 0.66689
0.326398 9.9991E-05 0.673502
0.912372 0.0607011 0.0269272
0.193586 0.02045 0.785964
0.200798 0.0124425 0.786759
0.351947 9.9991E-05 0.647953
0.373314 9.9991E-05 0.626586
0.9998 9.999E-05 9.999E-05
0.00941552 0.990484 9.9991E-05
0.255066 9.9991E-05 0.744834
0.430321 9.9991E-05 0.569579
0.352376 9.9991E-05 0.647524
0.142179 0.0358464 0.821974
0.0115592 9.9991E-05 0.988341
0.275479 9.9991E-05 0.724421
9.9991E-05 0.00960103 0.990299
0.00928313 0.0483361 0.942381
0.106815 0.0645062 0.828679
0.47662 9.9991E-05 0.52328
0.776035 9.9991E-05 0.223865
0.0463944 9.9991E-05 0.953506
0.339749 9.9991E-05 0.660151
0.94115 9.9991E-05 0.0587497
0.0885863 0.0514894 0.859924
0.9998 9.999E-05 9.999E-05
0.244463 0.0155391 0.739998
0.22775 9.9991E-05 0.77215
0.74822 0.0436299 0.208151
0.216856 0.0259901 0.757154
0.528168 0.0173884 0.454443
0.192552 0.0264969 0.780951
0.17539 0.713438 0.111172
0.0778383 9.9991E-05 0.922062
0.152988 0.0409691 0.806043
0.0993342 9.9991E-05 0.900566
0.30139 0.0300668 0.668543
0.203693 9.9991E-05 0.796207
0.0471483 9.9991E-05 0.952752
0.300653 9.9991E-05 0.699247
0.9998 9.999E-05 9.999E-05
0.160054 0.0824878 0.757459
0.144519 9.9991E-05 0.855381
9.9991E-05 0.017092 0.982808
0.100127 0.0188088 0.881064
0.26883 0.0339545 0.697216
0.38997 0.0226805 0.58735
0.642344 9.9991E-05 0.357556
0.279859 0.0639392 0.656202
0.332794 0.00891954 0.658286
0.148422 9.9991E-05 0.851478
0.941587 0.0583131 9.9991E-05
0.52986 9.9991E-05 0.47004
0.0539509 0.0214095 0.92464
0.0705087 0.0568281 0.872663
0.317508 0.0332 0.649292
9.999E-05 9.999E-05 0.9998
0.224768 0.0363006 0.738931
0.961624 0.0286237 0.00975214
0.733046 0.0741624 0.192792
0.31329 0.0566423 0.630068
0.204502 9.9991E-05 0.795398
0.304744 9.9991E-05 0.695156
0.392927 9.9991E-05 0.606973
0.0636188 0.0234464 0.912935
9.9991E-05 0.0478994 0.952001
0.517995 0.330045 0.15196
0.33069 0.0370635 0.632246
0.379538 9.9991E-05 0.620362
0.352743 0.33565 0.311607
0.720511 0.279389 9.9991E-05
0.0626303 0.0313109 0.906059
0.319303 0.107501 0.573197
0.0688798 9.9991E-05 0.93102
0.816746 9.9991E-05 0.183154
0.321754 9.9991E-05 0.678146
0.218938 0.00846028 0.772602
0.528525 0.364095 0.10738
0.17659 0.0463027 0.777107
0.0919211 9.9991E-05 0.907979
0.149649 0.0388245 0.811526
0.296061 9.9991E-05 0.703839
0.179077 9.9991E-05 0.820823
0.0940531 0.0263386 0.879608
0.125697 0.0488845 0.825418
0.332058 9.9991E-05 0.667842
0.179107 0.00987454 0.811019
0.207752 0.0395792 0.752669
0.110496 0.738975 0.150529
9.999E-05 9.999E-05 0.9998
0.217873 9.9991E-05 0.782027
0.586518 9.9991E-05 0.413382
9.999E-05 9.999E-05 0.9998
0.265258 9.9991E-05 0.734642
0.132886 9.9991E-05 0.867014
0.556512 0.133183 0.310305
0.235091 9.9991E-05 0.764809
0.124513 0.00756671 0.867921
0.129695 0.0786642 0.79164
0.187359 0.0245057 0.788135
0.394948 0.00813508 0.596917
9.999E-05 0.9998 9.999E-05
0.200015 9.9991E-05 0.799885
0.487481 9.9991E-05 0.512419
0.364299 9.9991E-05 0.635601
0.0873283 9.9991E-05 0.912572
9.9991E-05 0.0505005 0.949399
0.168809 0.0470374 0.784153
0.202722 0.69999 0.097289
0.214807 9.9991E-05 0.785093
0.270925 9.9991E-05 0.728975
0.363597 9.9991E-05 0.636303
0.291684 9.9991E-05 0.708216
0.104398 0.0720058 0.823596
0.119428 0.0390361 0.841535
0.236298 9.9991E-05 0.763602
0.324478 0.0147564 0.660766
0.343768 9.9991E-05 0.656132
0.357928 0.0233635 0.618709
9.9991E-05 0.0141099 0.98579
0.359972 9.9991E-05 0.639928
0.418018 9.9991E-05 0.581882
0.124579 0.0305573 0.844864
0.42369 9.9991E-05 0.57621
0.477299 9.9991E-05 0.522601
0.326133 9.9991E-05 0.673767
9.9991E-05 0.0380991 0.961801
0.20387 0.01979 0.77634
0.306715 9.9991E-05 0.693185
0.555041 9.9991E-05 0.444859
0.035435 9.9991E-05 0.964465
0.478877 9.9991E-05 0.521023
0.334315 9.9991E-05 0.665585
9.999E-05 0.9998 9.999E-05
0.573355 0.365969 0.0606752
0.487272 0.253848 0.258881
0.294989 0.671814 0.0331966
0.585586 0.0366824 0.377731
0.769679 9.9991E-05 0.230221
0.846737 0.123532 0.0297309
0.153965 9.9991E-05 0.845935
0.415481 0.0112355 0.573283
0.00308351 0.00122673 0.99569
0.615986 9.9991E-05 0.383914
0.248464 0.100907 0.650629
0.266005 0.0516848 0.682311
0.230395 0.0392925 0.730313
0.229645 0.00675789 0.763597
0.347978 9.9991E-05 0.651922
0.159664 0.011978 0.828358
0.245079 0.0907215 0.6642
0.605514 0.0715231 0.322963
0.117115 0.111097 0.771787
0.177123 9.9991E-05 0.822777
0.318653 0.0706271 0.61072
0.0127487 0.854489 0.132762
0.61964 0.255927 0.124433
0.294062 9.9991E-05 0.705838
0.289538 9.9991E-05 0.710362
0.6567 0.226526 0.116773
0.223605 9.9991E-05 0.776295
0.0347255 0.0211415 0.944133
0.943356 0.0168519 0.0397924
0.203037 9.9991E-05 0.796863
9.9991E-05 0.00679713 0.993103
0.358919 9.9991E-05 0.640981
0.182631 9.9991E-05 0.817269
0.29795 0.0270074 0.675042
0.161857 9.9991E-05 0.838043
0.351009 0.369779 0.279212
0.394127 9.9991E-05 0.605773
0.288565 0.025639 0.685796
0.00558774 0.0171099 0.977302
0.522762 0.209149 0.268089
0.62357 0.0271596 0.349271
0.737863 0.00444566 0.257691
0.247496 9.9991E-05 0.752404
0.774432 0.0183086 0.20726
0.171905 9.9991E-05 0.827995
0.472014 9.9991E-05 0.527886
0.105141 9.9991E-05 0.894759
0.246151 0.0510293 0.70282
0.542168 0.290181 0.167651
0.239125 9.9991E-05 0.760775
0.00434872 0.906579 0.0890721
0.213959 0.0237655 0.762275
0.203627 0.00709562 0.789278
9.999E-05 0.9998 9.999E-05
9.9991E-05 0.936793 0.0631069
0.407826 9.9991E-05 0.592074
0.564643 0.0603177 0.37504
0.2226 9.9991E-05 0.7773
0.0863528 0.0703901 0.843257
0.417838 0.010732 0.57143
0.0295538 9.9991E-05 0.970346
0.274156 0.051173 0.674671
0.530872 0.338262 0.130867
0.278788 9.9991E-05 0.721112
9.9991E-05 0.0699793 0.929921
0.453108 0.00431547 0.542577
0.386949 9.9991E-05 0.612951
0.500691 0.0973999 0.401909
0.147962 9.9991E-05 0.851938
0.403885 9.9991E-05 0.596015
0.387551 0.00243077 0.610018
0.243923 0.123068 0.633009
0.56191 0.280855 0.157236
0.397674 0.0470849 0.555241
0.308833 9.9991E-05 0.691067
0.200067 9.9991E-05 0.799833
0.41644 9.9991E-05 0.58346
0.410702 0.0135711 0.575727
0.283959 9.9991E-05 0.715941
0.182046 0.0444399 0.773514
0.203476 9.9991E-05 0.796424
0.34648 9.9991E-05 0.65342
0.190546 0.0377318 0.771723
0.712158 0.0249957 0.262846
0.26025 0.0522406 0.687509
0.209017 0.0998785 0.691105
0.864652 9.9991E-05 0.135248
0.190841 9.9991E-05 0.809059
0.30315 0.0223729 0.674477
0.357076 9.9991E-05 0.642824
0.253262 9.9991E-05 0.746638
0.359693 9.9991E-05 0.640207
0.960586 9.9991E-05 0.039314
0.131208 9.9991E-05 0.868692
0.708274 0.0560486 0.235678
