9.9991E-05 0.0959162 0.903984
0.0371437 0.01271 0.950146
0.0941858 9.9991E-05 0.905714
0.216777 0.0191121 0.764111
0.0578958 0.0417777 0.900327
0.928391 0.0715086 9.9991E-05
0.0147285 0.108691 0.87658
0.987438 0.00290267 0.0096598
0.0228625 0.0459325 0.931205
0.0294164 0.00173287 0.968851
9.9991E-05 0.0541474 0.945753
0.281586 9.9991E-05 0.718314
9.9991E-05 0.00848712 0.991413
0.113865 9.9991E-05 0.886035
0.805302 9.9991E-05 0.194598
0.0725401 9.9991E-05 0.92736
0.230551 9.9991E-05 0.769349
9.9991E-05 0.248069 0.751831
0.0169322 0.0340658 0.949002
9.999E-05 9.999E-05 0.9998
9.9991E-05 0.0374787 0.962421
0.110705 9.9991E-05 0.889195
0.0376206 0.00656069 0.955819
0.70434 0.0462479 0.249412
9.9991E-05 0.143018 0.856882
0.724991 9.9991E-05 0.274909
0.500694 0.130367 0.368939
0.376188 9.9991E-05 0.623712
0.798524 0.010086 0.19139
0.16208 9.9991E-05 0.83782
0.492888 0.0136614 0.493451
0.00900873 0.175134 0.815857
0.296122 0.00942375 0.694455
0.9998 9.999E-05 9.999E-05
0.911956 0.0879444 9.9991E-05
0.104427 0.0828408 0.812732
0.156603 9.9991E-05 0.843297
9.9991E-05 0.0888314 0.911069
0.834356 9.9991E-05 0.165544
0.434425 0.0262612 0.539314
0.304921 0.103125 0.591955
0.0616687 9.9991E-05 0.938231
0.127161 9.9991E-05 0.872739
0.628019 0.0984969 0.273484
9.9991E-05 0.131983 0.867917
9.9991E-05 0.260597 0.739303
0.102352 0.093744 0.803904
0.0919207 0.0315774 0.876502
0.0390487 0.115465 0.845486
0.595351 9.9991E-05 0.404549
0.00644395 0.136091 0.857465
0.49055 0.0699774 0.439473
0.0185151 0.138991 0.842494
0.9998 9.999E-05 9.999E-05
0.437732 9.9991E-05 0.562168
9.9991E-05 0.00753088 0.992369
9.9991E-05 0.0219638 0.977936
0.164112 0.0100165 0.825872
0.392975 9.9991E-05 0.606925
0.394562 9.9991E-05 0.605338
0.943742 0.0561585 9.9991E-05
0.9998 9.999E-05 9.999E-05
9.9991E-05 0.0998812 0.900019
0.9998 9.999E-05 9.999E-05
0.0212302 0.0263131 0.952457
0.878973 0.0178588 0.103168
9.999E-05 9.999E-05 0.9998
0.21224 9.9991E-05 0.78766
9.9991E-05 0.0247999 0.9751
0.859337 0.0867667 0.0538966
9.9991E-05 0.170945 0.828955
0.0823786 0.0181564 0.899465
0.255468 0.0420281 0.702504
9.9991E-05 0.137259 0.862641
0.0892794 0.0776658 0.833055
0.419615 9.9991E-05 0.580285
0.0391753 0.102465 0.85836
0.212296 0.153168 0.634537
0.176 0.0660351 0.757965
9.9991E-05 0.124907 0.874993
9.9991E-05 0.0643282 0.935572
0.0555899 0.0503208 0.894089
0.028925 0.0315712 0.939504
9.9991E-05 0.0373104 0.96259
9.999E-05 9.999E-05 0.9998
0.163218 0.0178721 0.81891
0.341425 9.9991E-05 0.658475
0.30727 9.9991E-05 0.69263
0.910122 9.9991E-05 0.0897781
0.285404 0.0934481 0.621148
0.0662256 0.0329937 0.900781
0.604476 9.9991E-05 0.395424
0.0520154 0.0256476 0.922337
0.26065 9.9991E-05 0.73925
0.601358 9.9991E-05 0.398542
0.9998 9.999E-05 9.999E-05
0.118679 0.0181815 0.863139
0.147454 0.0231793 0.829367
0.0773755 0.0409991 0.881625
0.236652 9.9991E-05 0.763248
0.570563 9.9991E-05 0.429337
0.0753661 9.9991E-05 0.924534
9.9991E-05 0.146697 0.853203
9.999E-05 9.999E-05 0.9998
0.00514365 0.0547012 0.940155
0.875303 9.9991E-05 0.124597
0.579422 0.213772 0.206806
9.999E-05 9.999E-05 0.9998
0.0618249 9.9991E-05 0.938075
9.999E-05 9.999E-05 0.9998
0.570703 0.0221292 0.407167
0.9998 9.999E-05 9.999E-05
0.526996 9.9991E-05 0.472904
0.0172727 0.047114 0.935613
0.0574579 9.9991E-05 0.942442
9.9991E-05 0.0412081 0.958692
9.999E-05 9.999E-05 0.9998
0.9998 9.999E-05 9.999E-05
9.9991E-05 0.109803 0.890097
9.9991E-05 0.0343735 0.965526
0.12083 9.9991E-05 0.87907
0.67454 9.9991E-05 0.32536
9.999E-05 9.999E-05 0.9998
0.0212496 0.0279678 0.950783
9.9991E-05 0.042497 0.957403
0.106757 9.9991E-05 0.893143
0.705923 9.9991E-05 0.293977
0.9998 9.999E-05 9.999E-05
9.9991E-05 0.139153 0.860747
9.9991E-05 0.232427 0.767473
0.0497515 0.0986595 0.851589
9.9991E-05 0.245402 0.754498
0.45407 9.9991E-05 0.54583
0.044447 0.286158 0.669395
0.215636 9.9991E-05 0.784264
0.0325739 0.112673 0.854753
0.642345 0.012576 0.345079
0.298909 0.054117 0.646974
0.196227 9.9991E-05 0.803673
0.668295 0.0953773 0.236328
0.186947 9.9991E-05 0.812953
0.469531 0.0788477 0.451622
0.336932 0.0357999 0.627268
0.255309 0.0687338 0.675957
0.812418 0.0967632 0.0908191
0.379719 0.130779 0.489502
0.315287 0.0209341 0.663779
9.9991E-05 0.050509 0.949391
9.9991E-05 0.153362 0.846538
9.9991E-05 0.242329 0.757571
0.0459595 9.9991E-05 0.953941
0.380012 0.0140328 0.605956
0.814488 9.9991E-05 0.185412
0.445378 0.122724 0.431898
0.0295936 0.12514 0.845266
0.0150451 0.261336 0.723619
0.993921 0.00597925 9.9991E-05
9.9991E-05 0.151147 0.848753
0.0117964 0.121261 0.866942
0.189649 9.9991E-05 0.810251
9.9991E-05 0.0868395 0.91306
0.236373 0.140138 0.623489
0.130049 9.9991E-05 0.869851
0.0574116 0.0267498 0.915839
9.999E-05 9.999E-05 0.9998
9.9991E-05 0.0727571 0.927143
0.150246 0.0444248 0.805329
0.616681 0.00275666 0.380563
0.326775 9.9991E-05 0.673125
0.137793 0.199813 0.662394
0.20704 0.175521 0.617438
0.182685 9.9991E-05 0.817215
0.9998 9.999E-05 9.999E-05
0.125927 0.0436065 0.830467
0.429489 9.9991E-05 0.570411
0.0668595 0.219308 0.713833
0.282256 9.9991E-05 0.717644
0.656362 0.0355254 0.308112
0.482717 0.00428878 0.512994
0.591991 9.9991E-05 0.407909
9.999E-05 9.999E-05 0.9998
0.948466 0.0514345 9.9991E-05
0.505029 9.9991E-05 0.494871
9.9991E-05 0.217824 0.782076
0.9998 9.999E-05 9.999E-05
0.644985 9.9991E-05 0.354915
0.0929966 0.0642441 0.842759
0.45078 9.9991E-05 0.54912
0.208589 9.9991E-05 0.791311
9.9991E-05 0.10062 0.89928
0.409129 0.0750254 0.515846
0.00612421 9.9991E-05 0.993776
9.999E-05 9.999E-05 0.9998
0.034534 0.167628 0.797838
0.307449 0.180978 0.511573
0.256322 0.0797786 0.663899
9.9991E-05 0.225457 0.774443
0.21506 9.9991E-05 0.78484
0.00779375 0.269397 0.722809
9.9991E-05 0.14033 0.85957
0.319744 0.0963842 0.583872
9.999E-05 9.999E-05 0.9998
0.0352431 0.107325 0.857432
0.0849337 0.335211 0.579855
9.9991E-05 0.397793 0.602107
0.300566 0.183349 0.516085
9.9991E-05 0.147635 0.852265
0.261658 9.9991E-05 0.738242
0.055157 0.0903687 0.854474
9.9991E-05 0.148412 0.851488
9.9991E-05 0.159072 0.840828
0.423216 0.0168468 0.559938
0.478775 9.9991E-05 0.521125
9.999E-05 9.999E-05 0.9998
9.9991E-05 0.209865 0.790035
9.9991E-05 0.0431865 0.956714
0.0853896 0.133739 0.780871
0.38898 9.9991E-05 0.61092
0.23624 0.0848132 0.678946
9.9991E-05 0.252305 0.747595
0.659042 9.9991E-05 0.340858
0.242537 0.0234731 0.73399
0.157433 0.143913 0.698654
0.863152 0.02889 0.107958
0.0869168 0.0958153 0.817268
0.0384034 9.9991E-05 0.961497
0.0684604 9.9991E-05 0.93144
9.9991E-05 0.0200459 0.979854
0.0111104 0.257975 0.730915
0.0468702 0.0364041 0.916726
9.9991E-05 0.0247744 0.975126
9.999E-05 9.999E-05 0.9998
0.203997 9.9991E-05 0.795903
9.9991E-05 0.0501809 0.949719
9.999E-05 9.999E-05 0.9998
0.297967 0.0650651 0.636968
0.015674 0.000548872 0.983777
9.999E-05 9.999E-05 0.9998
0.404534 9.9991E-05 0.595366
0.357574 9.9991E-05 0.642326
0.0199799 9.9991E-05 0.97992
0.604764 9.9991E-05 0.395136
9.9991E-05 0.0415943 0.958306
0.436909 9.9991E-05 0.562991
0.00179843 0.136712 0.86149
0.344273 0.138901 0.516826
0.368195 0.298742 0.333063
0.614152 0.0196684 0.366179
0.0598151 0.0258241 0.914361
9.999E-05 9.999E-05 0.9998
0.341737 9.9991E-05 0.658163
0.0430609 0.0599662 0.896973
0.0161142 0.0780255 0.90586
0.947457 0.0090611 0.0434815
0.0140445 0.0682903 0.917665
9.999E-05 9.999E-05 0.9998
0.0226996 0.0104922 0.966808
0.0679419 9.9991E-05 0.931958
9.999E-05 9.999E-05 0.9998
0.0113078 9.9991E-05 0.988592
0.0550481 9.9991E-05 0.944852
0.175558 0.00363467 0.820807
0.693228 0.0586525 0.24812
0.00507645 9.9991E-05 0.994824
9.999E-05 9.999E-05 0.9998
0.25228 0.10055 0.647169
0.450912 9.9991E-05 0.548988
9.9991E-05 0.0886684 0.911232
0.253359 9.9991E-05 0.746541
0.00967567 0.0129455 0.977379
0.373822 9.9991E-05 0.626078
0.13983 0.121907 0.738263
0.511825 0.0843568 0.403818
0.280721 9.9991E-05 0.719179
0.0268499 0.18506 0.788091
0.301211 9.9991E-05 0.698689
9.999E-05 9.999E-05 0.9998
0.0276364 9.9991E-05 0.972264
0.0571406 0.0551184 0.887741
0.30246 0.110983 0.586557
0.0633849 9.9991E-05 0.936515
9.9991E-05 0.193752 0.806148
9.999E-05 9.999E-05 0.9998
0.569186 0.119653 0.311161
0.955114 0.0447862 9.9991E-05
0.120606 0.0768461 0.802548
0.144011 0.10248 0.753508
0.159987 0.178531 0.661482
0.277399 9.9991E-05 0.722501
0.291632 0.0932305 0.615137
0.0731418 9.9991E-05 0.926758
9.9991E-05 0.224762 0.775138
0.0108852 0.0760607 0.913054
0.0246761 0.0502888 0.925035
9.9991E-05 0.134947 0.864953
9.999E-05 9.999E-05 0.9998
9.999E-05 9.999E-05 0.9998
0.0414289 0.0748558 0.883715
9.9991E-05 0.172141 0.827759
0.0980185 9.9991E-05 0.901882
0.00710251 0.228397 0.764501
0.0611882 0.0955596 0.843252
0.155787 0.0330833 0.81113
0.645754 0.126295 0.227952
0.471936 0.018003 0.510061
0.936982 0.0417319 0.0212866
9.999E-05 9.999E-05 0.9998
0.877379 9.9991E-05 0.122521
0.778969 0.00616945 0.214861
0.0684111 0.0821867 0.849402
0.004421 0.161899 0.83368
9.9991E-05 0.114024 0.885876
0.815899 9.9991E-05 0.184001
9.999E-05 9.999E-05 0.9998
0.501687 9.9991E-05 0.498213
0.0208533 0.00152364 0.977623
0.937408 0.0624923 9.9991E-05
0.19737 9.9991E-05 0.80253
0.0257265 9.9991E-05 0.974174
9.999E-05 9.999E-05 0.9998
9.9991E-05 0.0670601 0.93284
0.811859 9.9991E-05 0.188041
0.224962 9.9991E-05 0.774938
0.475145 0.0695898 0.455266
9.9991E-05 0.135107 0.864793
0.890503 0.0720448 0.0374524
0.154777 0.342593 0.502629
0.538803 0.0954188 0.365778
9.9991E-05 0.140906 0.858994
0.27049 0.0567573 0.672753
0.6656 0.048497 0.285903
9.9991E-05 0.261188 0.738712
0.0542663 0.117034 0.828699
9.9991E-05 0.128671 0.871229
0.00513911 0.211924 0.782937
0.515286 9.9991E-05 0.484614
0.0489384 0.114285 0.836776
9.9991E-05 0.0883774 0.911523
0.0271455 0.0383326 0.934522
0.580754 9.9991E-05 0.419146
0.279488 0.0664089 0.654104
9.9991E-05 0.118672 0.881228
0.220704 0.169436 0.60986
0.23676 0.175554 0.587686
9.9991E-05 0.126958 0.872942
0.460321 0.0737682 0.46591
0.129369 0.0939712 0.77666
0.549471 0.00747793 0.443051
9.9991E-05 0.0598787 0.940021
9.999E-05 9.999E-05 0.9998
9.9991E-05 0.0679999 0.9319
9.9991E-05 0.048029 0.951871
9.9991E-05 0.160341 0.839559
9.9991E-05 0.107182 0.892718
0.309115 0.0551956 0.635689
0.0780483 0.0280643 0.893887
9.999E-05 9.999E-05 0.9998
0.0898602 9.9991E-05 0.91004
0.142524 0.05117 0.806306
0.398453 0.201575 0.399972
9.9991E-05 0.226813 0.773087
9.9991E-05 0.22155 0.77835
0.90465 9.9991E-05 0.0952502
0.664755 9.9991E-05 0.335145
9.9991E-05 0.0307189 0.969181
9.9991E-05 0.592644 0.407256
0.0584994 0.941401 9.9991E-05
0.0334042 0.706841 0.259755
9.9991E-05 0.193626 0.806274
9.9991E-05 0.905225 0.0946752
0.0401498 0.748226 0.211624
0.0530047 0.768498 0.178497
0.0187003 0.953896 0.0274035
0.0224115 0.767288 0.210301
0.0639206 0.594323 0.341756
9.9991E-05 0.42978 0.57012
0.00813118 0.792951 0.198918
9.9991E-05 0.337202 0.662698
0.00606359 0.612974 0.380962
9.9991E-05 0.720526 0.279374
0.110278 0.889622 9.9991E-05
9.9991E-05 0.543866 0.456034
0.0190033 0.599021 0.381976
0.830533 0.169367 9.9991E-05
0.0474003 0.539912 0.412688
0.0581537 0.664535 0.277311
0.13855 0.134127 0.727323
9.999E-05 0.9998 9.999E-05
0.00055832 0.980597 0.0188445
0.0509867 0.175345 0.773668
0.0290976 0.879173 0.0917291
9.9991E-05 0.594242 0.405658
0.0438944 0.632833 0.323273
0.0708215 0.822269 0.10691
0.0910858 0.891935 0.0169792
0.0179912 0.981909 9.9991E-05
0.0811714 0.918729 9.9991E-05
0.0455309 0.732115 0.222354
9.9991E-05 0.769836 0.230064
0.153031 0.831415 0.015554
0.0492203 0.874012 0.0767674
0.137651 0.811503 0.050846
9.9991E-05 0.206345 0.793555
0.0217756 0.952472 0.0257522
0.0134359 0.686839 0.299725
0.0156604 0.646254 0.338086
0.00359108 0.636716 0.359692
9.999E-05 0.9998 9.999E-05
0.0436701 0.225528 0.730802
9.9991E-05 0.845075 0.154825
0.366299 0.087185 0.546516
9.9991E-05 0.248711 0.751189
0.0225064 0.176704 0.80079
0.0631356 0.760345 0.17652
9.9991E-05 0.699819 0.300081
0.0226882 0.893151 0.0841612
9.9991E-05 0.708148 0.291752
0.0339807 0.655658 0.310361
0.0299808 0.711296 0.258723
9.9991E-05 0.648157 0.351744
9.999E-05 0.9998 9.999E-05
9.9991E-05 0.732958 0.266942
0.120193 0.390654 0.489152
9.999E-05 0.9998 9.999E-05
0.00850211 0.927577 0.0639206
0.0553203 0.90329 0.0413899
9.9991E-05 0.862825 0.137076
9.9991E-05 0.160263 0.839637
9.9991E-05 0.843043 0.156857
0.250625 0.0698328 0.679542
0.0125996 0.693768 0.293632
0.0842852 0.741719 0.173996
0.151142 0.232618 0.61624
0.0626687 0.738792 0.198539
0.0126048 0.747267 0.240128
9.9991E-05 0.917111 0.0827891
9.9991E-05 0.813476 0.186424
9.9991E-05 0.586972 0.412928
9.9991E-05 0.854746 0.145154
0.0590871 0.817483 0.12343
9.9991E-05 0.753209 0.246691
9.9991E-05 0.28124 0.71866
9.9991E-05 0.781482 0.218418
0.0107151 0.511421 0.477864
0.962459 0.0374412 9.9991E-05
0.0108326 0.745361 0.243807
0.136408 0.0776371 0.785955
0.0608546 0.846328 0.0928169
0.0154001 0.561747 0.422853
9.9991E-05 0.354939 0.644961
9.9991E-05 0.231854 0.768046
9.9991E-05 0.617896 0.382004
9.9991E-05 0.724607 0.275293
9.9991E-05 0.766247 0.233653
9.9991E-05 0.833287 0.166613
0.0637521 0.297064 0.639183
0.0604624 0.744245 0.195292
9.9991E-05 0.707353 0.292547
9.9991E-05 0.669589 0.330311
0.0515116 0.00931719 0.939171
9.9991E-05 0.813951 0.185949
0.0300044 0.880011 0.0899845
9.9991E-05 0.664532 0.335368
0.00116382 0.700575 0.298261
0.0164553 9.9991E-05 0.983445
0.96815 0.0169841 0.0148663
9.9991E-05 0.763358 0.236542
9.9991E-05 0.53632 0.46358
9.9991E-05 0.541988 0.457912
0.00516525 0.828674 0.166161
0.0358107 0.904453 0.0597367
9.9991E-05 0.76193 0.23797
0.0217957 0.903214 0.0749898
9.9991E-05 0.899794 0.100106
0.0996693 0.873388 0.0269429
9.9991E-05 0.544895 0.455005
9.9991E-05 0.13328 0.86662
9.9991E-05 0.962215 0.0376851
9.9991E-05 0.706887 0.293013
9.9991E-05 0.0737631 0.926137
0.0965916 0.861188 0.0422202
0.00381487 9.9991E-05 0.996085
0.056175 0.677973 0.265852
9.9991E-05 0.716106 0.283794
0.0719246 0.197311 0.730764
0.0632614 0.774372 0.162367
0.017808 0.484703 0.497489
0.0608847 0.679117 0.259998
0.717363 9.9991E-05 0.282537
9.9991E-05 0.793197 0.206703
0.0203959 0.786967 0.192637
9.9991E-05 0.864738 0.135162
0.00407992 0.713582 0.282338
9.9991E-05 0.820546 0.179354
9.9991E-05 0.921574 0.0783258
9.9991E-05 0.801673 0.198227
9.999E-05 9.999E-05 0.9998
0.0687092 0.708091 0.2232
9.9991E-05 0.793536 0.206364
0.0388318 0.961068 9.9991E-05
0.0564454 0.731871 0.211684
0.0320486 0.564175 0.403776
0.0665592 0.567812 0.365629
9.9991E-05 0.480206 0.519694
0.0743212 0.565419 0.36026
0.00850236 0.759454 0.232044
9.9991E-05 0.844309 0.155591
0.0519368 9.9991E-05 0.947963
0.00477521 0.465185 0.53004
0.0183934 0.981507 9.9991E-05
0.0112231 0.921272 0.0675045
0.0404721 0.634585 0.324943
9.9991E-05 0.960655 0.0392448
0.030137 0.670766 0.299097
0.0341212 0.00289557 0.962983
0.133886 0.152932 0.713182
0.0040082 0.743037 0.252954
9.9991E-05 0.890923 0.108977
9.9991E-05 0.816256 0.183644
9.9991E-05 0.569528 0.430372
0.0244081 0.854851 0.120741
0.0161149 0.849909 0.133976
0.336688 0.22037 0.442943
0.0241588 0.643301 0.332541
9.9991E-05 0.66231 0.33759
0.387654 0.266808 0.345539
0.291779 9.9991E-05 0.708121
0.0185566 0.884336 0.0971072
0.0759816 0.508441 0.415577
9.9991E-05 0.818574 0.181326
9.9991E-05 0.12041 0.87949
0.0169966 0.69479 0.288213
0.0194559 0.80172 0.178824
0.344527 0.121924 0.533548
0.060795 0.741728 0.197477
0.0506477 0.836941 0.112412
9.9991E-05 0.814805 0.185096
0.016558 0.629051 0.354391
9.9991E-05 0.827234 0.172666
0.0237564 0.876506 0.0997371
0.0358602 0.872486 0.0916541
9.9991E-05 0.641866 0.358034
0.0166886 0.87231 0.111001
0.0176163 0.756293 0.226091
0.762889 0.127497 0.109614
0.0296743 0.970226 9.9991E-05
9.9991E-05 0.908788 0.0911117
9.9991E-05 0.310074 0.689826
9.999E-05 0.9998 9.999E-05
9.9991E-05 0.706446 0.293454
0.0123775 0.821581 0.166042
0.123936 0.301269 0.574795
9.9991E-05 0.840123 0.159777
0.0371867 0.948678 0.0141356
0.0402107 0.799359 0.16043
9.9991E-05 0.640494 0.359406
0.00109588 0.518628 0.480276
0.9998 9.999E-05 9.999E-05
0.00277863 0.819307 0.177915
9.9991E-05 0.531038 0.468862
9.9991E-05 0.655722 0.344178
9.9991E-05 0.81167 0.18823
0.0874588 0.912441 9.9991E-05
0.067309 0.77618 0.156511
0.758161 0.0864025 0.155437
9.9991E-05 0.791563 0.208337
0.0438373 0.671352 0.284811
9.9991E-05 0.70728 0.29262
9.9991E-05 0.69207 0.30783
0.0351868 0.821989 0.142824
0.0102104 0.891273 0.0985164
9.9991E-05 0.638476 0.361424
9.9991E-05 0.736468 0.263432
0.025 0.732827 0.242173
0.0137165 0.67952 0.306763
0.00588144 0.933255 0.0608636
9.9991E-05 0.562172 0.437728
9.9991E-05 0.625558 0.374342
0.029833 0.877479 0.0926883
9.9991E-05 0.67357 0.32633
9.9991E-05 0.481779 0.518121
9.9991E-05 0.77331 0.22659
0.0384489 0.961451 9.9991E-05
0.0347227 0.754202 0.211075
9.9991E-05 0.664843 0.335057
9.9991E-05 0.495764 0.504136
9.9991E-05 0.960518 0.0393821
9.9991E-05 0.587541 0.412359
9.9991E-05 0.681338 0.318562
0.9998 9.999E-05 9.999E-05
0.396497 0.116182 0.487321
0.257268 0.199689 0.543042
0.584983 0.0201356 0.394882
0.0472478 0.247865 0.704887
9.9991E-05 0.1808 0.8191
0.15374 0.158268 0.687992
9.9991E-05 0.787376 0.212524
9.9991E-05 0.585273 0.414627
9.9991E-05 0.935557 0.0643429
9.9991E-05 0.375524 0.624376
0.0557116 0.684691 0.259597
9.9991E-05 0.593358 0.406542
0.0299242 0.686372 0.283704
9.9991E-05 0.732895 0.267005
9.9991E-05 0.715511 0.284389
0.0439317 0.708659 0.247409
0.0139519 0.705102 0.280946
0.0949142 0.338739 0.566347
0.120155 0.759115 0.12073
0.0167979 0.891024 0.0921782
0.028385 0.636513 0.335102
0.856413 0.143487 9.9991E-05
0.175348 0.128606 0.696046
9.9991E-05 0.780575 0.219325
9.9991E-05 0.727342 0.272558
0.207515 0.126294 0.666191
9.9991E-05 0.895 0.1049
9.9991E-05 0.872843 0.127057
0.032582 9.9991E-05 0.967318
0.000204474 0.780609 0.219187
0.0419715 0.910241 0.0477876
9.9991E-05 0.690809 0.309091
9.9991E-05 0.837594 0.162306
0.147542 0.75188 0.100578
0.0062639 0.801019 0.192717
0.357362 0.307351 0.335287
9.9991E-05 0.627523 0.372377
0.0057053 0.762017 0.232278
0.0161557 0.964646 0.019198
0.195382 0.200305 0.604313
9.9991E-05 0.351327 0.648573
0.0253239 0.309327 0.665349
9.9991E-05 0.764634 0.235266
0.0275095 0.209661 0.762829
9.9991E-05 0.846879 0.153021
0.000538424 0.547115 0.452346
9.9991E-05 0.833463 0.166437
0.0423639 0.704934 0.252702
0.318251 0.248852 0.432897
0.0271633 0.660221 0.312615
0.876687 0.0775858 0.0457274
0.0123378 0.659205 0.328458
9.9991E-05 0.86513 0.13477
0.9998 9.999E-05 9.999E-05
0.890253 0.109647 9.9991E-05
9.9991E-05 0.602144 0.397756
0.0394945 0.407336 0.55317
0.0398923 0.720266 0.239842
0.0175795 0.846207 0.136213
9.9991E-05 0.674466 0.325434
9.9991E-05 0.966369 0.0335312
0.0454058 0.618345 0.336249
0.39244 0.156096 0.451465
0.00521295 0.757629 0.237158
0.0515963 0.948304 9.9991E-05
9.9991E-05 0.504401 0.495499
9.9991E-05 0.689427 0.310473
0.0938368 0.410531 0.495632
9.9991E-05 0.844294 0.155606
0.067631 0.699218 0.233151
0.039444 0.570423 0.390133
0.0677499 0.606066 0.326184
0.274198 0.196531 0.52927
9.9991E-05 0.634186 0.365714
9.9991E-05 0.595844 0.404056
0.0164501 0.655869 0.327681
9.9991E-05 0.549247 0.450653
9.9991E-05 0.568888 0.431012
9.9991E-05 0.742389 0.257511
0.0445113 0.727518 0.227971
9.9991E-05 0.956989 0.042911
9.9991E-05 0.623512 0.376388
9.9991E-05 0.735461 0.264439
0.0261569 0.16753 0.806313
0.0613677 0.629347 0.309285
0.0629301 0.648244 0.288826
9.9991E-05 0.156612 0.843288
0.00851053 0.690536 0.300954
0.0889084 0.635786 0.275305
9.9991E-05 0.745747 0.254153
9.9991E-05 0.707433 0.292467
9.9991E-05 0.716555 0.283345
9.9991E-05 0.0341211 0.965779
9.9991E-05 0.887399 0.112501
0.0519669 0.275869 0.672164
