9.9991E-05 0.119896 0.880004
0.0614908 9.9991E-05 0.938409
0.0852062 9.9991E-05 0.914694
0.107803 9.9991E-05 0.892097
0.0255917 0.00679596 0.967612
0.912675 0.080176 0.00714857
9.999E-05 0.123208 0.876692
0.963285 0.0366151 9.9991E-05
0.00263752 0.0964091 0.900953
0.0265233 9.9991E-05 0.973377
0.00151346 0.0062316 0.992255
0.266818 9.9991E-05 0.733082
9.9991E-05 0.000688911 0.999211
0.0980029 9.9991E-05 0.901897
0.806683 9.9991E-05 0.193217
0.132888 0.0909041 0.776208
0.218996 9.9991E-05 0.780904
9.9991E-05 0.196203 0.803697
0.0272595 0.0543867 0.918354
9.999E-05 9.999E-05 0.9998
9.9991E-05 0.0861291 0.913771
0.121309 0.154748 0.723944
9.999E-05 9.999E-05 0.9998
0.676401 0.0270161 0.296583
9.9991E-05 0.175543 0.824357
0.650007 9.9991E-05 0.349893
0.515488 0.056854 0.427658
0.337266 9.9991E-05 0.662634
0.81696 9.9991E-05 0.18294
0.111308 9.9991E-05 0.888592
0.508753 0.0168072 0.47444
0.0121358 0.123592 0.864273
0.262138 0.0459444 0.691917
0.95126 9.9991E-05 0.0486399
0.983878 0.0160217 9.9991E-05
0.138332 0.169118 0.69255
0.121234 9.9991E-05 0.878666
9.9991E-05 0.121721 0.878179
0.844711 9.9991E-05 0.155189
0.491992 0.119767 0.388241
0.307125 0.0756932 0.617182
0.0218019 9.9991E-05 0.978098
0.181618 9.9991E-05 0.818282
0.638262 0.0788854 0.282852
9.9991E-05 0.156921 0.842979
9.9991E-05 0.226161 0.773739
0.042365 0.0705354 0.8871
0.084588 0.0806417 0.83477
0.0488795 9.9991E-05 0.951021
0.593338 0.0027588 0.403903
9.9991E-05 0.15377 0.84613
0.415124 0.153023 0.431854
0.0128441 0.126387 0.860769
0.9998 9.999E-05 9.999E-05
0.51273 9.9991E-05 0.48717
9.9991E-05 0.00916309 0.990737
9.9991E-05 0.00437795 0.995522
0.235552 0.033991 0.730457
0.405252 9.9991E-05 0.594648
0.38606 9.9991E-05 0.61384
0.921058 0.0788422 9.9991E-05
0.9998 9.999E-05 9.999E-05
9.9991E-05 0.0992713 0.900629
0.9998 9.999E-05 9.999E-05
0.0998989 0.0938807 0.80622
0.94431 9.9991E-05 0.0555897
9.9991E-05 0.0944771 0.905423
0.173099 0.00688869 0.820012
9.999E-05 9.999E-05 0.9998
0.862915 0.119105 0.0179797
9.9991E-05 0.140372 0.859528
0.0185661 0.0982327 0.883201
0.294953 0.0199385 0.685108
0.00302406 0.149012 0.847964
0.0724309 0.0751398 0.852429
0.377389 9.9991E-05 0.622511
0.0706853 9.9991E-05 0.929215
0.220126 0.099568 0.680306
0.143905 0.0357502 0.820345
9.9991E-05 0.103848 0.896052
9.9991E-05 0.0718724 0.928028
0.0453348 0.0623954 0.89227
0.0865014 0.0417115 0.871787
9.999E-05 9.999E-05 0.9998
9.999E-05 9.999E-05 0.9998
0.211509 0.14611 0.642381
0.370996 9.9991E-05 0.628904
0.302324 0.00889804 0.688778
0.946018 9.9991E-05 0.0538815
0.263762 0.0326253 0.703613
0.0637232 0.116098 0.820179
0.633661 0.00812055 0.358218
9.999E-05 9.999E-05 0.9998
0.287573 9.9991E-05 0.712327
0.593083 9.9991E-05 0.406817
0.926859 9.9991E-05 0.0730408
0.0877727 0.0660712 0.846156
0.0981231 0.0920516 0.809825
0.102456 9.9991E-05 0.897444
0.257098 9.9991E-05 0.742802
0.536745 0.0490367 0.414219
0.0824236 0.0461452 0.871431
9.9991E-05 0.151449 0.848451
9.9991E-05 0.0288514 0.971049
9.9991E-05 0.09146 0.90844
0.88253 9.9991E-05 0.11737
0.549296 0.112912 0.337792
0.00382307 9.9991E-05 0.996077
0.111336 0.0158943 0.872769
9.999E-05 9.999E-05 0.9998
0.522505 9.9991E-05 0.477395
0.9998 9.999E-05 9.999E-05
0.469356 9.9991E-05 0.530544
9.9991E-05 0.142908 0.856992
0.0911893 0.00235245 0.906458
9.9991E-05 0.124513 0.875387
9.999E-05 9.999E-05 0.9998
0.9998 9.999E-05 9.999E-05
9.9991E-05 0.0896876 0.910212
9.999E-05 9.999E-05 0.9998
0.0716621 0.0200588 0.908279
0.720948 0.0202972 0.258755
0.0120042 0.0491827 0.938813
0.0467824 0.0425516 0.910666
9.9991E-05 0.0635857 0.936314
0.103647 0.0257606 0.870592
0.712201 9.9991E-05 0.287699
0.998628 0.00127193 9.9991E-05
9.9991E-05 0.172974 0.826926
0.0347427 0.146928 0.818329
9.9991E-05 0.0456427 0.954257
0.00258028 0.214281 0.783138
0.442379 9.9991E-05 0.557521
0.0345328 0.302438 0.663029
0.223503 0.0291582 0.747339
0.0266457 0.0488316 0.924523
0.670968 0.0631104 0.265922
0.369589 0.0579694 0.572441
0.168165 9.9991E-05 0.831735
0.683186 0.011492 0.305322
0.187248 9.9991E-05 0.812652
0.427851 0.125657 0.446493
0.332769 0.0422912 0.62494
0.258108 0.124831 0.617062
0.858376 0.110713 0.0309116
0.261968 0.058159 0.679873
0.334161 9.9991E-05 0.665739
0.0237797 0.0683974 0.907823
9.9991E-05 0.0453411 0.954559
9.9991E-05 0.240586 0.759314
0.112695 9.9991E-05 0.887205
0.288631 0.0516488 0.65972
0.777604 9.9991E-05 0.222296
0.479932 0.197114 0.322954
0.0452378 0.183846 0.770916
9.9991E-05 0.146257 0.853643
0.967969 0.0128239 0.0192069
9.9991E-05 0.0955887 0.904311
0.0191514 0.0834278 0.897421
0.243615 9.9991E-05 0.756285
0.0315807 0.0580296 0.91039
0.212667 0.12886 0.658473
0.125068 9.9991E-05 0.874832
0.0840304 0.0919287 0.824041
9.9991E-05 0.0304671 0.969433
9.9991E-05 0.0767083 0.923192
0.211157 0.148318 0.640525
0.646088 0.0483741 0.305538
0.349993 0.0199347 0.630072
0.153216 0.19227 0.654514
0.188138 0.138197 0.673665
0.175846 9.9991E-05 0.824054
0.9998 9.999E-05 9.999E-05
0.146606 9.9991E-05 0.853294
0.390729 0.00408561 0.605185
0.0524088 0.180498 0.767093
0.277732 9.9991E-05 0.722168
0.649473 9.9991E-05 0.350427
0.509968 9.9991E-05 0.489932
0.639156 9.9991E-05 0.360744
9.999E-05 9.999E-05 0.9998
0.957789 0.042111 9.9991E-05
0.469194 9.9991E-05 0.530706
0.0180719 0.162541 0.819387
0.9998 9.999E-05 9.999E-05
0.591795 9.9991E-05 0.408105
0.102068 0.0565782 0.841354
0.488792 9.9991E-05 0.511108
0.167233 9.9991E-05 0.832667
9.9991E-05 0.142355 0.857545
0.40731 0.101915 0.490775
9.999E-05 9.999E-05 0.9998
9.999E-05 9.999E-05 0.9998
0.0631459 0.149683 0.787171
0.313129 0.211241 0.47563
0.311979 9.9991E-05 0.687921
9.9991E-05 0.345622 0.654278
0.132234 0.105645 0.762121
0.0207162 0.33125 0.648034
9.9991E-05 0.178656 0.821244
0.369487 0.0346792 0.595834
9.9991E-05 0.0725949 0.927305
0.0461194 0.0820721 0.871809
0.000251607 0.293662 0.706086
0.00771091 0.482231 0.510058
0.34271 0.135549 0.521741
0.028817 0.166553 0.80463
0.244569 0.0537399 0.701691
0.0478667 0.0665912 0.885542
9.9991E-05 0.164176 0.835724
0.00449058 0.263124 0.732386
0.446243 0.050448 0.503309
0.531565 9.9991E-05 0.468335
9.999E-05 9.999E-05 0.9998
9.9991E-05 0.0625534 0.937347
9.9991E-05 0.026473 0.973427
0.0636335 0.0448431 0.891523
0.401871 9.9991E-05 0.598029
0.29206 0.0160018 0.691938
9.9991E-05 0.178392 0.821508
0.67899 9.9991E-05 0.32091
0.213003 9.9991E-05 0.786897
0.270545 0.165073 0.564382
0.861892 9.9991E-05 0.138008
0.0411089 0.167769 0.791123
0.0615331 0.0601531 0.878314
0.0269113 9.9991E-05 0.972989
9.9991E-05 0.0975927 0.902307
0.00884622 0.219904 0.771249
0.0172025 0.0945239 0.888274
9.9991E-05 0.073507 0.926393
9.999E-05 9.999E-05 0.9998
0.233225 9.9991E-05 0.766675
9.9991E-05 0.10407 0.89583
9.999E-05 9.999E-05 0.9998
0.222478 0.0234749 0.754047
0.0352621 9.9991E-05 0.964638
9.999E-05 9.999E-05 0.9998
0.395186 9.9991E-05 0.604714
0.315326 9.9991E-05 0.684574
0.0503215 9.9991E-05 0.949578
0.686504 9.9991E-05 0.313396
0.00821109 0.106448 0.885341
0.338225 9.9991E-05 0.661675
0.0284592 0.124937 0.846604
0.265171 0.0715311 0.663298
0.36157 0.20931 0.42912
0.552623 9.9991E-05 0.447277
0.0172445 0.0149526 0.967803
9.999E-05 9.999E-05 0.9998
0.326783 9.9991E-05 0.673117
0.0302216 0.0828236 0.886955
0.0617583 0.0432408 0.895001
0.9998 9.999E-05 9.999E-05
0.0559065 0.124767 0.819326
0.000502022 9.9991E-05 0.999398
9.999E-05 9.999E-05 0.9998
0.0264086 9.9991E-05 0.973491
0.0235613 9.9991E-05 0.976339
0.0251391 0.0101433 0.964718
0.0137408 0.0215549 0.964704
0.138421 9.9991E-05 0.861479
0.651408 0.00868492 0.339907
9.999E-05 9.999E-05 0.9998
9.9991E-05 0.0203348 0.979565
0.238279 0.0850322 0.676688
0.415673 9.9991E-05 0.584227
9.9991E-05 0.142621 0.857279
0.301946 9.9991E-05 0.697954
9.999E-05 9.999E-05 0.9998
0.383469 9.9991E-05 0.616431
0.159115 0.185607 0.655279
0.552108 9.9991E-05 0.447792
0.246184 9.9991E-05 0.753716
0.0452217 0.248856 0.705922
0.266181 0.0972373 0.636582
9.999E-05 9.999E-05 0.9998
0.0368903 9.9991E-05 0.96301
0.0560578 0.077336 0.866606
0.294109 0.0507764 0.655115
0.071406 0.0262084 0.902386
9.9991E-05 0.147778 0.852122
9.9991E-05 0.0168837 0.983016
0.612856 0.203275 0.183868
0.940785 0.0441628 0.0150525
0.152501 0.0902961 0.757203
0.106508 0.130209 0.763282
0.160881 0.214894 0.624225
0.208969 0.113588 0.677442
0.294647 0.0914755 0.613877
0.121376 0.0183421 0.860282
9.9991E-05 0.132354 0.867546
9.9991E-05 0.143989 0.855911
9.9991E-05 0.115797 0.884103
9.9991E-05 0.172622 0.827279
9.999E-05 9.999E-05 0.9998
9.999E-05 9.999E-05 0.9998
0.0628305 0.0339668 0.903203
9.9991E-05 0.196768 0.803132
0.0231923 0.0544053 0.922402
0.0515991 0.248011 0.700389
0.0795556 0.022221 0.898223
0.105382 0.0642462 0.830372
0.631574 0.164839 0.203587
0.516797 0.00420004 0.479003
0.862728 0.113736 0.023535
9.9991E-05 0.00979133 0.990109
0.866395 9.9991E-05 0.133506
0.851759 0.0457989 0.102442
0.0321867 0.0726466 0.895167
9.9991E-05 0.18776 0.81214
9.9991E-05 0.165642 0.834258
0.827362 9.9991E-05 0.172538
0.0178464 9.9991E-05 0.982054
0.51395 0.0499564 0.436093
0.0502665 0.0468477 0.902886
0.913806 0.0557263 0.0304678
0.200676 0.188611 0.610712
0.0539158 0.0216666 0.924418
9.9991E-05 0.0101208 0.989779
9.9991E-05 0.0388187 0.961081
0.811355 9.9991E-05 0.188545
0.249047 9.9991E-05 0.750853
0.49248 0.140186 0.367335
9.9991E-05 0.169295 0.830605
0.792835 0.00735997 0.199805
0.137828 0.347521 0.514651
0.481845 0.0351867 0.482969
0.0101387 0.146287 0.843574
0.223321 0.1077 0.668979
0.657116 0.0164351 0.326449
9.9991E-05 0.194971 0.804929
0.0136325 0.0881422 0.898225
0.00640061 0.225317 0.768283
9.9991E-05 0.205587 0.794313
0.518487 0.0440194 0.437493
0.0593733 0.1913 0.749326
9.9991E-05 0.127395 0.872505
0.0462139 0.106517 0.847269
0.543086 9.9991E-05 0.456814
0.258501 9.9991E-05 0.741399
0.00646134 0.107468 0.886071
0.219526 0.233828 0.546646
0.237576 0.0588092 0.703615
9.9991E-05 0.0752561 0.924644
0.427001 0.0755218 0.497477
0.159532 0.145162 0.695306
0.513292 9.9991E-05 0.486608
9.9991E-05 0.022972 0.976928
9.999E-05 9.999E-05 0.9998
9.9991E-05 0.00750001 0.9924
9.999E-05 9.999E-05 0.9998
9.9991E-05 0.155842 0.844058
9.9991E-05 0.0749009 0.924999
0.344521 9.9991E-05 0.655379
0.045336 0.0271712 0.927493
9.999E-05 9.999E-05 0.9998
0.0839511 9.9991E-05 0.915949
0.124627 0.0725696 0.802803
0.392008 0.176434 0.431559
9.9991E-05 0.230983 0.768917
9.9991E-05 0.120924 0.878976
0.850997 9.9991E-05 0.148903
0.686227 9.9991E-05 0.313673
9.9991E-05 0.0966123 0.903288
0.00893682 0.629101 0.361962
0.115571 0.884329 9.9991E-05
0.0533114 0.784031 0.162658
9.9991E-05 0.215761 0.784139
9.9991E-05 0.77293 0.22697
0.0220434 0.822474 0.155483
0.0819828 0.768754 0.149263
0.0279122 0.971988 9.9991E-05
0.0459205 0.759315 0.194764
9.9991E-05 0.569596 0.430304
9.9991E-05 0.466973 0.532927
0.0650168 0.829476 0.105507
9.9991E-05 0.339544 0.660356
9.9991E-05 0.629078 0.370822
9.9991E-05 0.718086 0.281814
0.115178 0.884722 9.9991E-05
9.9991E-05 0.631552 0.368348
0.00348637 0.598234 0.39828
0.834475 0.165425 9.9991E-05
0.0478609 0.587889 0.36425
0.0424211 0.627307 0.330272
0.107553 0.197559 0.694888
9.9991E-05 0.99135 0.00855029
9.999E-05 0.9998 9.999E-05
0.0566998 0.246559 0.696742
0.0533274 0.834284 0.112389
0.000496971 0.642053 0.35745
9.9991E-05 0.717792 0.282108
0.0565965 0.943303 9.9991E-05
0.091912 0.900711 0.00737693
0.00678385 0.993116 9.9991E-05
0.0474178 0.952482 9.9991E-05
0.0341042 0.787765 0.178131
9.9991E-05 0.754424 0.245476
0.129298 0.7978 0.0729023
0.0349872 0.937697 0.0273162
0.0966904 0.825599 0.0777106
9.9991E-05 0.0944412 0.905459
0.0246554 0.905134 0.0702102
0.0372919 0.744457 0.218251
0.0607751 0.689255 0.24997
0.00304148 0.617577 0.379381
9.999E-05 0.9998 9.999E-05
0.0168742 0.169702 0.813424
9.9991E-05 0.810725 0.189175
0.358162 0.067851 0.573987
9.9991E-05 0.239842 0.760058
0.0483046 0.26043 0.691266
0.00266597 0.810465 0.186869
9.9991E-05 0.673906 0.325994
0.0364589 0.940288 0.0232527
9.9991E-05 0.696828 0.303072
0.0555052 0.636376 0.308119
9.9991E-05 0.707341 0.292559
9.9991E-05 0.633602 0.366298
0.00476254 0.956803 0.0384346
0.0035161 0.765476 0.231008
0.010832 0.482668 0.5065
9.999E-05 0.9998 9.999E-05
0.0244878 0.948461 0.0270513
0.0336244 0.819411 0.146965
9.9991E-05 0.966577 0.0333231
9.9991E-05 0.150812 0.849088
9.9991E-05 0.885533 0.114367
0.275041 0.145882 0.579077
9.9991E-05 0.685575 0.314325
0.0956584 0.840091 0.0642506
0.149198 0.136751 0.714051
0.0732611 0.79441 0.132329
0.00896571 0.876831 0.114203
9.9991E-05 0.906436 0.0934641
0.0282962 0.841809 0.129895
0.0278897 0.648287 0.323823
9.9991E-05 0.853403 0.146497
0.0616325 0.913254 0.0251131
0.0132391 0.67244 0.314321
9.9991E-05 0.330251 0.669649
9.9991E-05 0.764606 0.235294
0.0588981 0.579069 0.362032
0.91692 0.08298 9.9991E-05
9.9991E-05 0.782047 0.217853
0.181598 0.0677498 0.750652
9.999E-05 0.9998 9.999E-05
0.00770137 0.600661 0.391638
9.9991E-05 0.416798 0.583102
9.9991E-05 0.247528 0.752372
9.9991E-05 0.723155 0.276745
9.9991E-05 0.88053 0.11937
9.9991E-05 0.736067 0.263833
0.0448351 0.748355 0.20681
0.0115775 0.227957 0.760466
9.9991E-05 0.761637 0.238263
0.00773766 0.67559 0.316673
9.9991E-05 0.692082 0.307818
0.0449606 9.9991E-05 0.954939
0.0169038 0.850063 0.133033
0.0235139 0.880983 0.0955034
9.9991E-05 0.665786 0.334114
9.9991E-05 0.693136 0.306764
9.999E-05 9.999E-05 0.9998
0.985394 9.9991E-05 0.0145056
9.9991E-05 0.812068 0.187832
9.9991E-05 0.487385 0.512515
9.9991E-05 0.593516 0.406384
0.0147939 0.804961 0.180245
0.0591964 0.940704 9.9991E-05
9.9991E-05 0.824167 0.175733
0.000522322 0.999378 9.9991E-05
0.0563244 0.890261 0.053415
0.044299 0.866191 0.0895102
9.9991E-05 0.497756 0.502144
9.9991E-05 0.121668 0.878232
9.9991E-05 0.968562 0.0313381
9.9991E-05 0.699307 0.300593
9.9991E-05 0.0187747 0.981125
0.0536872 0.856109 0.0902037
0.0199272 9.9991E-05 0.979973
0.0406781 0.692657 0.266665
0.0322225 0.807004 0.160773
0.0289399 0.228102 0.742958
9.9991E-05 0.7663 0.2336
0.032741 0.494089 0.47317
0.00858256 0.656162 0.335256
0.709716 0.00432161 0.285962
0.0166887 0.794005 0.189306
9.9991E-05 0.827182 0.172718
9.9991E-05 0.854511 0.145389
0.0611504 0.748887 0.189963
9.9991E-05 0.82744 0.17246
9.9991E-05 0.833651 0.166249
9.9991E-05 0.644521 0.355379
9.999E-05 9.999E-05 0.9998
0.0720472 0.66395 0.264002
9.9991E-05 0.859653 0.140247
9.999E-05 0.9998 9.999E-05
0.057659 0.832698 0.109643
0.0295102 0.66393 0.30656
0.0468509 0.540948 0.412202
9.9991E-05 0.460083 0.539817
0.0730863 0.574709 0.352204
9.9991E-05 0.717607 0.282293
0.00933469 0.837401 0.153264
0.0609631 9.9991E-05 0.938937
0.00143131 0.510514 0.488055
0.0278242 0.972076 9.9991E-05
0.0996469 0.880899 0.0194537
0.0126517 0.674638 0.31271
9.9991E-05 0.952292 0.0476077
0.0174139 0.770915 0.211671
0.0358613 0.0319443 0.932194
0.0707109 0.202916 0.726373
0.050981 0.723125 0.225894
9.9991E-05 0.778996 0.220904
9.9991E-05 0.677142 0.322758
0.0222351 0.523063 0.454702
0.0347236 0.86404 0.101237
0.0527978 0.87031 0.0768921
0.282423 0.156191 0.561386
0.0500052 0.574179 0.375816
9.9991E-05 0.682426 0.317474
0.379237 0.341926 0.278838
0.279973 0.0299917 0.690035
0.00558962 0.942277 0.052133
0.0902 0.579782 0.330018
9.9991E-05 0.897818 0.102082
9.9991E-05 0.203786 0.796114
0.0045995 0.660529 0.334872
0.0136794 0.816933 0.169387
0.35553 0.137352 0.507117
0.00365871 0.81611 0.180231
0.0242501 0.818349 0.157401
9.9991E-05 0.747807 0.252093
9.9991E-05 0.724277 0.275623
0.00354346 0.925789 0.0706677
0.0582604 0.806202 0.135538
0.0934544 0.906446 9.9991E-05
0.00571157 0.661393 0.332896
0.0389454 0.949412 0.0116424
0.0027415 0.732411 0.264848
0.745253 0.150209 0.104537
0.01353 0.973225 0.0132449
0.0169232 0.856245 0.126831
0.00156285 0.359885 0.638552
9.999E-05 0.9998 9.999E-05
9.9991E-05 0.671606 0.328294
9.9991E-05 0.816683 0.183217
0.137846 0.345417 0.516737
9.9991E-05 0.738002 0.261898
0.00886146 0.90723 0.0839087
0.0877653 0.791357 0.120878
0.0387895 0.773806 0.187405
0.0244817 0.566034 0.409484
0.9998 9.999E-05 9.999E-05
9.9991E-05 0.821437 0.178463
9.9991E-05 0.53436 0.46554
9.9991E-05 0.651773 0.348127
9.9991E-05 0.818261 0.181639
0.0721609 0.884302 0.0435376
0.0640591 0.719295 0.216646
0.735798 0.0567872 0.207415
9.9991E-05 0.798127 0.201773
0.0182998 0.75491 0.22679
9.9991E-05 0.683084 0.316816
9.9991E-05 0.752754 0.247146
0.0061658 0.806319 0.187515
0.00899313 0.861634 0.129372
9.9991E-05 0.723124 0.276776
0.00212214 0.707432 0.290446
9.9991E-05 0.684784 0.315116
0.038715 0.704975 0.25631
0.0241091 0.92724 0.048651
9.9991E-05 0.650801 0.349099
9.9991E-05 0.607344 0.392556
0.00387813 0.876747 0.119375
9.9991E-05 0.663352 0.336548
0.0748861 0.4537 0.471414
9.9991E-05 0.761525 0.238375
0.0894041 0.888945 0.0216511
0.0271041 0.767171 0.205725
9.9991E-05 0.728416 0.271484
9.9991E-05 0.452281 0.547619
9.9991E-05 0.962842 0.0370584
9.9991E-05 0.520258 0.479642
9.9991E-05 0.686866 0.313034
0.915531 9.9991E-05 0.0843691
0.362377 0.128131 0.509492
0.238279 0.246597 0.515124
0.625178 0.0246806 0.350142
0.0530294 0.296766 0.650205
9.9991E-05 0.216621 0.783279
0.184195 0.139266 0.676539
0.0296531 0.879336 0.0910109
9.9991E-05 0.641754 0.358146
9.9991E-05 0.970023 0.0298774
9.9991E-05 0.3443 0.6556
0.0824059 0.803043 0.114551
0.0403565 0.728505 0.231138
9.9991E-05 0.646938 0.352962
9.9991E-05 0.670202 0.329698
9.9991E-05 0.735517 0.264383
0.0709825 0.813891 0.115127
0.0157058 0.76973 0.214564
0.0820767 0.33133 0.586593
0.0901482 0.764965 0.144887
0.0068508 0.916758 0.0763911
0.0198847 0.618294 0.361822
0.779181 0.220719 9.9991E-05
0.244312 0.0952977 0.66039
9.9991E-05 0.833777 0.166123
9.9991E-05 0.734441 0.265459
0.245999 0.092059 0.661942
9.9991E-05 0.799329 0.200571
0.0374374 0.92607 0.0364929
0.00612695 9.9991E-05 0.993773
9.9991E-05 0.814983 0.184917
0.0347824 0.894194 0.0710234
9.9991E-05 0.593106 0.406794
9.9991E-05 0.742773 0.257127
0.121452 0.682271 0.196277
9.9991E-05 0.877353 0.122547
0.389171 0.274692 0.336137
9.9991E-05 0.815682 0.184218
0.0109997 0.663832 0.325168
9.9991E-05 0.970269 0.0296308
0.219303 0.231966 0.548731
9.9991E-05 0.364447 0.635453
0.0187782 0.289012 0.69221
9.9991E-05 0.744578 0.255322
0.0539568 0.146345 0.799698
0.00344826 0.845645 0.150907
9.9991E-05 0.530214 0.469686
9.9991E-05 0.762135 0.237765
9.9991E-05 0.763312 0.236588
0.297416 0.309391 0.393193
9.9991E-05 0.686227 0.313673
0.923643 0.0514891 0.0248681
0.0187622 0.703313 0.277925
0.0387566 0.815699 0.145544
0.9998 9.999E-05 9.999E-05
0.905742 0.0941578 9.9991E-05
0.0158958 0.683699 0.300405
0.0180177 0.568606 0.413376
0.0391968 0.833052 0.127751
0.0557062 0.834384 0.10991
9.9991E-05 0.657582 0.342318
9.999E-05 0.9998 9.999E-05
0.0525579 0.71725 0.230192
0.335574 0.101404 0.563022
9.9991E-05 0.741996 0.257905
0.0445952 0.955305 9.9991E-05
9.9991E-05 0.574823 0.425077
9.9991E-05 0.697059 0.302841
0.122074 0.425941 0.451985
0.00254919 0.785072 0.212379
0.0606176 0.596355 0.343028
0.0333386 0.487193 0.479468
0.0468743 0.626163 0.326963
0.296052 0.0330635 0.670884
0.0209697 0.537925 0.441106
9.9991E-05 0.688057 0.311843
0.00441785 0.79624 0.199342
9.9991E-05 0.547555 0.452345
9.9991E-05 0.557744 0.442156
9.9991E-05 0.645074 0.354826
0.0345059 0.708678 0.256816
9.9991E-05 0.910029 0.0898714
9.9991E-05 0.59931 0.400591
0.0513904 0.884371 0.0642382
0.0523791 0.279104 0.668517
0.0646864 0.619784 0.315529
0.0924297 0.70904 0.198531
9.9991E-05 0.14138 0.85852
9.9991E-05 0.738182 0.261718
0.0433664 0.658439 0.298195
9.9991E-05 0.606831 0.393069
0.00106232 0.816053 0.182885
9.9991E-05 0.731311 0.268589
0.000609963 0.0966515 0.902738
9.9991E-05 0.975825 0.0240754
0.0451557 0.255547 0.699297
