0.0133496 0.128093 0.858557
0.0979821 0.0148738 0.887144
0.0931173 9.9991E-05 0.906783
0.179003 0.00702516 0.813972
0.00156366 0.083662 0.914774
0.911048 0.0580056 0.0309468
0.0016643 0.120306 0.87803
0.917107 0.0464752 0.0364178
0.0495256 0.081723 0.868751
0.0120321 9.9991E-05 0.987868
0.0356108 0.0117103 0.952679
0.26809 9.9991E-05 0.73181
9.9991E-05 0.0113281 0.988572
0.0950356 9.9991E-05 0.904864
0.743783 0.0187239 0.237493
0.0928961 0.029608 0.877496
0.210463 9.9991E-05 0.789437
9.9991E-05 0.161994 0.837906
9.9991E-05 0.101748 0.898152
9.999E-05 9.999E-05 0.9998
9.9991E-05 0.0702315 0.929668
0.104241 9.9991E-05 0.895659
0.036866 9.9991E-05 0.963034
0.688289 0.00497971 0.306732
9.9991E-05 0.216566 0.783334
0.695163 9.9991E-05 0.304737
0.544908 0.0902475 0.364845
0.326268 9.9991E-05 0.673632
0.822331 9.9991E-05 0.177569
0.144542 9.9991E-05 0.855358
0.543072 9.9991E-05 0.456828
0.0639804 0.0479083 0.888111
0.294558 9.9991E-05 0.705342
0.979638 9.9991E-05 0.0202617
0.928597 0.0713034 9.9991E-05
0.0899637 9.99973E-05 0.909936
0.148498 9.9991E-05 0.851402
0.00400308 0.224296 0.771701
0.832969 9.9991E-05 0.166931
0.503389 0.119295 0.377316
0.328213 0.210917 0.46087
0.00865843 9.9991E-05 0.991242
0.183546 9.9991E-05 0.816354
0.651868 0.105664 0.242468
0.00846029 0.158537 0.833003
9.9991E-05 0.266097 0.733803
0.0737067 0.0709584 0.855335
0.123381 0.0726972 0.803922
0.0888547 0.0673705 0.843775
0.527225 0.040675 0.4321
0.0158729 0.144298 0.839829
0.473166 0.102224 0.424611
0.0166711 0.121784 0.861545
0.9998 9.999E-05 9.999E-05
0.451202 0.0151295 0.533669
9.9991E-05 0.0541451 0.945755
9.999E-05 9.999E-05 0.9998
0.193687 0.0428348 0.763478
0.392117 9.9991E-05 0.607783
0.377874 9.9991E-05 0.622026
0.884876 0.115024 9.9991E-05
0.95955 0.0403499 9.9991E-05
0.0238257 0.0273 0.948874
0.9998 9.999E-05 9.999E-05
0.0177027 0.0700965 0.912201
0.942571 9.9991E-05 0.057329
0.00706798 0.0268042 0.966128
0.219097 9.9991E-05 0.780803
9.9991E-05 0.241853 0.758047
0.912745 9.9991E-05 0.0871554
9.9991E-05 0.215363 0.784537
0.0729907 0.0239125 0.903097
0.30498 0.057785 0.637235
0.00789525 0.128714 0.86339
0.0914344 0.117671 0.790894
0.419797 0.0323834 0.54782
0.0555433 9.9991E-05 0.944357
0.219121 0.0615384 0.719341
0.150235 9.9991E-05 0.849665
0.0370908 0.149678 0.813231
9.9991E-05 0.00204291 0.997857
0.0411939 0.111374 0.847432
0.0968487 9.9991E-05 0.903051
9.9991E-05 0.032489 0.967411
9.999E-05 9.999E-05 0.9998
0.117378 0.0122429 0.870379
0.32734 9.9991E-05 0.67256
0.276796 9.9991E-05 0.723104
0.948133 9.9991E-05 0.0517665
0.299964 0.123942 0.576094
0.0785124 0.112612 0.808876
0.652428 0.0420252 0.305547
0.0490513 0.0701223 0.880826
0.272943 9.9991E-05 0.726957
0.579603 9.9991E-05 0.420297
0.9998 9.999E-05 9.999E-05
0.132994 0.0229289 0.844077
0.128996 0.0115788 0.859425
0.0594424 0.0484376 0.89212
0.23189 9.9991E-05 0.76801
0.619852 0.107455 0.272693
0.0213109 9.9991E-05 0.978589
9.9991E-05 0.151938 0.847962
9.9991E-05 0.0665517 0.933348
9.9991E-05 0.0960725 0.903828
0.838133 9.9991E-05 0.161767
0.592952 0.0838121 0.323236
9.999E-05 9.999E-05 0.9998
0.0616427 0.0094475 0.92891
0.0104689 9.9991E-05 0.989431
0.631532 9.9991E-05 0.368368
0.9998 9.999E-05 9.999E-05
0.491074 9.9991E-05 0.508826
9.9991E-05 0.0475121 0.952388
0.0694107 9.9991E-05 0.930489
9.9991E-05 0.0376503 0.96225
9.999E-05 9.999E-05 0.9998
0.9998 9.999E-05 9.999E-05
9.9991E-05 0.0882906 0.911609
9.9991E-05 0.0964591 0.903441
0.121205 9.9991E-05 0.878695
0.641995 9.9991E-05 0.357905
9.999E-05 9.999E-05 0.9998
0.0478564 0.156725 0.795418
9.9991E-05 0.0367185 0.963182
0.0861122 0.0286427 0.885245
0.676083 9.9991E-05 0.323817
0.994387 0.00551262 9.9991E-05
9.9991E-05 0.105601 0.894299
0.0297143 0.228577 0.741709
0.0121553 0.0717807 0.916064
0.0235559 0.21969 0.756754
0.417333 9.9991E-05 0.582567
0.0484887 0.249694 0.701817
0.235766 9.9991E-05 0.764134
0.0173444 0.0296553 0.953
0.654649 0.0349087 0.310442
0.327456 0.0510007 0.621543
0.223594 9.9991E-05 0.776306
0.659987 0.0318483 0.308165
0.198743 9.9991E-05 0.801157
0.395776 0.108074 0.496149
0.350638 0.0713686 0.577993
0.265194 0.0579551 0.676851
0.860261 0.0990702 0.0406688
0.304706 0.0674934 0.6278
0.290647 9.9991E-05 0.709253
9.9991E-05 0.0879998 0.9119
9.9991E-05 0.131906 0.867994
9.9991E-05 0.179492 0.820408
0.0178427 0.0153037 0.966854
0.392334 0.00282726 0.604839
0.766667 9.9991E-05 0.233233
0.50443 0.184073 0.311497
0.046392 0.219265 0.734343
0.0131365 0.237513 0.749351
0.922346 9.9991E-05 0.0775536
9.9991E-05 0.198457 0.801443
0.00469262 0.144917 0.850391
0.189202 0.0612899 0.749508
0.0436571 0.0881744 0.868169
0.266986 0.126019 0.606995
0.113175 0.0771315 0.809694
0.0674243 0.113613 0.818963
9.999E-05 9.999E-05 0.9998
9.9991E-05 0.0819348 0.917965
0.232404 0.135448 0.632148
0.66503 9.9991E-05 0.33487
0.343764 9.9991E-05 0.656136
0.109031 0.15188 0.739088
0.172238 0.117309 0.710453
0.152513 9.9991E-05 0.847387
0.9998 9.999E-05 9.999E-05
0.188011 0.010056 0.801933
0.408057 9.9991E-05 0.591843
0.0546868 0.214483 0.73083
0.287832 9.9991E-05 0.712068
0.623265 9.9991E-05 0.376635
0.49411 9.9991E-05 0.50579
0.604829 0.0237214 0.37145
0.00597253 9.9991E-05 0.993927
0.881663 9.9991E-05 0.118237
0.478132 9.9991E-05 0.521768
0.0177389 0.181782 0.80048
0.9998 9.999E-05 9.999E-05
0.610296 9.9991E-05 0.389604
0.103305 0.134602 0.762093
0.481883 9.9991E-05 0.518017
0.206083 9.9991E-05 0.793817
9.9991E-05 0.0645108 0.935389
0.367254 0.0473224 0.585424
9.999E-05 9.999E-05 0.9998
9.999E-05 9.999E-05 0.9998
0.0393064 0.164966 0.795727
0.331266 0.144626 0.524108
0.264138 0.0381739 0.697688
9.9991E-05 0.258509 0.741391
0.219591 9.9991E-05 0.780309
9.9991E-05 0.320989 0.678911
9.9991E-05 0.159186 0.840714
0.349187 0.0398278 0.610985
9.999E-05 9.999E-05 0.9998
0.0520891 0.112665 0.835246
0.0415851 0.390659 0.567756
9.9991E-05 0.387573 0.612327
0.313315 0.167194 0.51949
0.00930501 0.102765 0.88793
0.205339 9.9991E-05 0.794561
0.0495493 0.138528 0.811923
9.9991E-05 0.204254 0.795646
0.0158863 0.166828 0.817286
0.447071 0.103064 0.449865
0.482148 0.0130245 0.504828
9.999E-05 9.999E-05 0.9998
9.9991E-05 0.113062 0.886838
9.9991E-05 0.114571 0.885329
0.0566125 0.080064 0.863324
0.412924 9.9991E-05 0.586976
0.211151 0.0624079 0.726441
9.9991E-05 0.239352 0.760548
0.662852 0.000770108 0.336378
0.242827 0.00968976 0.747483
0.184492 0.196972 0.618535
0.887069 9.9991E-05 0.112831
0.107188 0.192293 0.700518
0.0545137 0.0586334 0.886853
9.999E-05 9.999E-05 0.9998
9.9991E-05 0.0989086 0.900991
0.0149597 0.251671 0.733369
0.00135136 9.9991E-05 0.998549
9.9991E-05 0.0126736 0.987226
9.999E-05 9.999E-05 0.9998
0.285479 9.9991E-05 0.714421
9.9991E-05 0.0261976 0.973702
9.999E-05 9.999E-05 0.9998
0.327218 9.9991E-05 0.672682
9.9991E-05 0.0330164 0.966884
9.999E-05 9.999E-05 0.9998
0.411536 9.9991E-05 0.588364
0.320644 9.9991E-05 0.679256
9.999E-05 9.999E-05 0.9998
0.608389 9.9991E-05 0.391511
0.0181492 0.0313269 0.950524
0.34479 9.9991E-05 0.65511
0.0363714 0.161067 0.802562
0.302772 0.0408556 0.656372
0.382925 0.191046 0.426029
0.579528 0.0162249 0.404247
0.0955574 9.9991E-05 0.904343
9.999E-05 9.999E-05 0.9998
0.389386 9.9991E-05 0.610514
0.0354474 0.107803 0.856749
9.9991E-05 0.022477 0.977423
0.9998 9.999E-05 9.999E-05
0.0336162 0.0681832 0.898201
9.999E-05 9.999E-05 0.9998
0.0237307 9.9991E-05 0.976169
0.0247777 9.9991E-05 0.975122
0.0945742 9.9991E-05 0.905326
0.0382791 9.9991E-05 0.961621
0.0635533 9.9991E-05 0.936347
0.145792 9.9991E-05 0.854108
0.580563 9.9991E-05 0.419337
0.0679939 9.9991E-05 0.931906
9.9991E-05 0.0276613 0.972239
0.273518 0.0897584 0.636724
0.465817 9.9991E-05 0.534083
9.9991E-05 0.134978 0.864922
0.250718 9.9991E-05 0.749182
0.0253754 9.9991E-05 0.974525
0.378182 9.9991E-05 0.621718
0.20543 0.165639 0.62893
0.562176 9.9991E-05 0.437724
0.308785 9.9991E-05 0.691115
0.020512 0.232661 0.746827
0.299803 0.083387 0.61681
9.999E-05 9.999E-05 0.9998
0.078281 9.9991E-05 0.921619
0.0473129 0.0656919 0.886995
0.308759 9.9991E-05 0.691141
0.112792 9.9991E-05 0.887108
9.9991E-05 0.108566 0.891334
9.9991E-05 0.0227879 0.977112
0.718408 0.0924415 0.189151
0.958626 0.0412741 9.9991E-05
0.109696 0.100267 0.790036
0.103826 0.12387 0.772304
0.125351 0.216847 0.657801
0.209178 0.073519 0.717303
0.276007 0.14486 0.579134
0.0923286 9.9991E-05 0.907571
9.9991E-05 0.155049 0.844851
0.0196884 0.164364 0.815947
0.0582378 0.0871263 0.854636
9.9991E-05 0.162405 0.837495
9.999E-05 9.999E-05 0.9998
9.9991E-05 0.013333 0.986567
0.0813436 0.171362 0.747294
9.9991E-05 0.116183 0.883717
0.01683 0.0140039 0.969166
0.014592 0.125203 0.860205
0.0360553 0.0471502 0.916795
0.145566 0.000987282 0.853446
0.628495 0.101067 0.270439
0.539507 0.0223541 0.438139
0.9418 9.9991E-05 0.0581002
9.9991E-05 0.0273924 0.972508
0.892361 0.0540942 0.053545
0.835409 9.9991E-05 0.164491
0.0125156 0.0749043 0.91258
0.0287291 0.0520826 0.919188
9.9991E-05 0.0905813 0.909319
0.85958 9.9991E-05 0.14032
0.0182776 9.9991E-05 0.981622
0.505295 0.0277994 0.466906
0.0509042 0.064789 0.884307
0.9122 0.0876997 9.9991E-05
0.219764 0.0629794 0.717256
0.0111332 0.023589 0.965278
9.999E-05 9.999E-05 0.9998
9.9991E-05 0.0736018 0.926298
0.828682 9.9991E-05 0.171218
0.248811 9.9991E-05 0.751089
0.460955 0.105286 0.433759
0.0329125 0.268702 0.698385
0.807472 9.9991E-05 0.192428
0.196441 0.335172 0.468386
0.493073 0.203238 0.303689
9.9991E-05 0.0579687 0.941931
0.275652 0.0203903 0.703958
0.608755 0.0729857 0.318259
9.9991E-05 0.217441 0.782459
0.0160148 0.125483 0.858502
9.9991E-05 0.14751 0.85239
9.9991E-05 0.157633 0.842267
0.527105 0.00680301 0.466092
0.0195448 0.122082 0.858373
9.9991E-05 0.0389295 0.96097
0.0448934 9.9991E-05 0.955007
0.575204 9.9991E-05 0.424696
0.312264 0.044393 0.643343
0.0183952 0.0255151 0.95609
0.203283 0.230135 0.566582
0.249067 0.0591563 0.691776
9.9991E-05 0.13863 0.86127
0.439119 0.119112 0.44177
0.129192 0.0605912 0.810217
0.498759 9.9991E-05 0.501141
9.9991E-05 0.0705694 0.929331
9.9991E-05 0.00702908 0.992871
9.999E-05 9.999E-05 0.9998
9.9991E-05 0.111375 0.888525
9.9991E-05 0.204416 0.795484
0.00711558 0.145331 0.847553
0.352641 0.000416878 0.646942
0.0689371 0.0050429 0.92602
9.999E-05 9.999E-05 0.9998
0.0380247 9.9991E-05 0.961875
0.110561 0.0123419 0.877097
0.40708 0.185505 0.407415
9.9991E-05 0.245769 0.754131
9.9991E-05 0.150519 0.849381
0.885834 9.9991E-05 0.114066
0.688089 0.000850784 0.31106
9.9991E-05 0.0386639 0.961236
9.9991E-05 0.577367 0.422533
0.0642939 0.935606 9.9991E-05
0.0264001 0.668166 0.305434
9.9991E-05 0.216096 0.783804
9.9991E-05 0.848671 0.151229
0.0449871 0.894634 0.0603788
0.0171525 0.712053 0.270795
0.0122028 0.875397 0.1124
0.0377044 0.732383 0.229912
9.9991E-05 0.563395 0.436505
9.9991E-05 0.493321 0.506579
0.00592322 0.808191 0.185886
0.0360573 0.334522 0.62942
0.0291093 0.691675 0.279216
9.9991E-05 0.740331 0.259569
0.088414 0.911486 9.9991E-05
9.9991E-05 0.539255 0.460645
9.9991E-05 0.573333 0.426567
0.861376 0.138524 9.9991E-05
0.0176536 0.548097 0.434249
9.9991E-05 0.765874 0.234026
0.145192 0.172666 0.682142
0.0283055 0.971595 9.9991E-05
9.999E-05 0.9998 9.999E-05
0.0528925 0.208186 0.738921
0.0210677 0.921067 0.0578655
0.025448 0.611474 0.363078
9.9991E-05 0.668294 0.331606
0.0804435 0.919457 9.9991E-05
0.0823376 0.84456 0.0731022
9.9991E-05 0.941888 0.0580122
0.0784187 0.921481 9.9991E-05
0.00706489 0.771728 0.221207
9.9991E-05 0.707429 0.292471
0.132625 0.867275 9.9991E-05
9.9991E-05 0.829156 0.170744
0.113426 0.841168 0.0454055
9.9991E-05 0.163292 0.836608
0.0418619 0.85234 0.105798
9.9991E-05 0.712331 0.287569
9.9991E-05 0.696874 0.303026
0.0124657 0.642647 0.344888
9.999E-05 0.9998 9.999E-05
9.9991E-05 0.152552 0.847348
9.9991E-05 0.84718 0.15272
0.328102 9.9991E-05 0.671798
0.0224521 0.247831 0.729717
0.0288511 0.200211 0.770937
0.0151473 0.763717 0.221136
9.9991E-05 0.70941 0.29049
0.0477972 0.947589 0.00461371
0.0322086 0.596968 0.370824
0.0261498 0.673077 0.300773
0.00711044 0.803984 0.188906
9.9991E-05 0.637884 0.362016
9.9991E-05 0.960631 0.0392695
9.9991E-05 0.722758 0.277142
0.0674259 0.41926 0.513314
9.9991E-05 0.944893 0.055007
0.0356217 0.872132 0.0922459
0.0414243 0.864274 0.0943022
9.9991E-05 0.99075 0.00915032
9.9991E-05 0.175026 0.824874
9.9991E-05 0.798715 0.201185
0.28248 0.00245157 0.715069
0.0338942 0.767403 0.198703
0.0759708 0.798213 0.125816
0.165846 0.158886 0.675268
0.0643634 0.789954 0.145683
0.000988191 0.699388 0.299624
9.9991E-05 0.918542 0.0813578
9.9991E-05 0.78616 0.21374
0.0176429 0.552859 0.429499
9.9991E-05 0.741818 0.258082
0.0818673 0.918033 9.9991E-05
0.00383609 0.683388 0.312775
0.026696 0.368836 0.604468
9.9991E-05 0.779256 0.220644
0.019149 0.560392 0.420459
0.970562 0.0293378 9.9991E-05
9.9991E-05 0.678896 0.321004
0.108812 0.16668 0.724507
0.0257498 0.97415 9.9991E-05
9.9991E-05 0.548537 0.451363
9.9991E-05 0.403588 0.596312
9.9991E-05 0.216721 0.783179
9.9991E-05 0.605012 0.394888
9.9991E-05 0.750854 0.249046
9.9991E-05 0.706968 0.292932
0.0160827 0.772534 0.211383
0.0161863 0.270095 0.713719
0.0174172 0.80465 0.177932
9.9991E-05 0.669531 0.330369
9.9991E-05 0.5859 0.414
0.0293293 0.00863095 0.96204
0.0271621 0.865543 0.107295
9.9991E-05 0.800633 0.199267
9.9991E-05 0.592656 0.407244
9.9991E-05 0.657031 0.342869
9.999E-05 9.999E-05 0.9998
0.987774 0.00717714 0.00504892
9.9991E-05 0.769708 0.230192
9.9991E-05 0.584234 0.415666
9.9991E-05 0.544097 0.455803
0.0196202 0.702525 0.277855
0.0447152 0.955185 9.9991E-05
9.9991E-05 0.753933 0.245967
9.9991E-05 0.913142 0.0867577
0.0342161 0.920526 0.045258
0.0824552 0.815543 0.102002
9.9991E-05 0.513314 0.486586
9.9991E-05 0.127916 0.871984
0.0113615 0.91931 0.0693283
9.9991E-05 0.680215 0.319685
9.9991E-05 0.0731102 0.92679
0.0435669 0.831305 0.125128
0.00294921 9.9991E-05 0.996951
0.0248114 0.632762 0.342426
9.9991E-05 0.76815 0.23175
0.0362089 0.201463 0.762328
9.9991E-05 0.71827 0.28163
0.00599533 0.441996 0.552009
0.0444786 0.775433 0.180089
0.778855 0.0120729 0.209072
0.00303926 0.778121 0.21884
9.9991E-05 0.780328 0.219572
0.00626713 0.86157 0.132163
0.0281151 0.780204 0.191681
0.00214788 0.876671 0.121181
9.9991E-05 0.907059 0.0928411
0.00350735 0.648837 0.347656
9.999E-05 9.999E-05 0.9998
0.0993776 0.755525 0.145097
9.9991E-05 0.792626 0.207274
0.0263787 0.973521 9.9991E-05
0.0397789 0.82168 0.138542
0.0288724 0.671915 0.299212
0.0106436 0.551711 0.437646
9.9991E-05 0.363281 0.636619
0.0408563 0.590976 0.368168
0.0204792 0.636606 0.342914
0.0134837 0.805198 0.181318
0.088654 0.0559261 0.85542
9.9991E-05 0.503082 0.496818
9.9991E-05 0.954096 0.045804
0.0284447 0.822561 0.148994
0.0320641 0.66607 0.301866
9.9991E-05 0.942515 0.0573854
0.0140251 0.68311 0.302865
0.0406472 0.0235701 0.935783
0.0564067 0.229447 0.714146
0.0149983 0.652361 0.33264
0.000600679 0.899647 0.0997525
9.9991E-05 0.717137 0.282763
9.9991E-05 0.593652 0.406248
0.0151865 0.86456 0.120254
0.026236 0.870113 0.103651
0.328118 0.113112 0.55877
9.9991E-05 0.7346 0.2653
9.9991E-05 0.674388 0.325512
0.37236 0.311536 0.316104
0.246469 0.021638 0.731893
9.9991E-05 0.934558 0.0653416
0.106314 0.576514 0.317173
9.9991E-05 0.849749 0.150151
9.9991E-05 0.0933077 0.906592
9.9991E-05 0.672327 0.327573
0.00892526 0.724613 0.266462
0.36138 0.105653 0.532966
0.00415324 0.696957 0.29889
0.0251529 0.859 0.115847
0.00696461 0.785503 0.207532
9.9991E-05 0.719953 0.279948
0.00844581 0.918283 0.0732714
0.0055471 0.821258 0.173195
0.0396687 0.846367 0.113964
9.9991E-05 0.681942 0.317958
0.0263825 0.905938 0.0676796
0.0135615 0.652904 0.333534
0.808455 0.141583 0.0499622
9.999E-05 0.9998 9.999E-05
0.00368136 0.996219 9.9991E-05
0.00118228 0.399177 0.599641
9.999E-05 0.9998 9.999E-05
9.9991E-05 0.702453 0.297447
0.0185044 0.840202 0.141294
0.111531 0.26851 0.619959
9.9991E-05 0.781737 0.218163
0.0287094 0.859889 0.111402
0.0788827 0.770535 0.150583
0.00518562 0.870668 0.124146
0.0393274 0.510377 0.450296
0.9998 9.999E-05 9.999E-05
9.9991E-05 0.762533 0.237367
9.9991E-05 0.489932 0.509968
9.9991E-05 0.683811 0.316089
9.9991E-05 0.90257 0.0973297
0.0626525 0.89724 0.0401079
0.0377176 0.758756 0.203526
0.806735 0.141786 0.0514783
9.9991E-05 0.754503 0.245397
0.00399429 0.718684 0.277321
9.9991E-05 0.626466 0.373434
9.9991E-05 0.672259 0.327641
0.0153543 0.76769 0.216956
0.0365232 0.896819 0.0666581
9.9991E-05 0.684653 0.315247
9.9991E-05 0.709895 0.290005
0.0117652 0.61204 0.376195
0.0620002 0.658511 0.279488
0.0492354 0.929142 0.0216229
9.9991E-05 0.58819 0.41171
9.9991E-05 0.49585 0.50405
0.0536909 0.882258 0.0640507
9.9991E-05 0.66573 0.33417
9.9991E-05 0.471402 0.528498
9.9991E-05 0.780851 0.219049
0.0702074 0.919415 0.0103779
0.0665238 0.806121 0.127355
0.000668217 0.717192 0.28214
0.0179569 0.468948 0.513095
9.9991E-05 0.91257 0.0873302
9.9991E-05 0.467141 0.532759
9.9991E-05 0.700651 0.299249
0.997694 9.9991E-05 0.00220566
0.377409 0.100346 0.522244
0.24877 0.134617 0.616613
0.659969 9.9991E-05 0.339931
9.9991E-05 0.291949 0.707951
9.9991E-05 0.269131 0.730769
0.157893 0.125433 0.716674
0.0277631 0.865415 0.106822
0.00274553 0.629338 0.367916
0.00430412 0.944591 0.0511046
9.9991E-05 0.396909 0.602991
0.0766441 0.715884 0.207472
0.0440071 0.593091 0.362902
0.0363253 0.590002 0.373672
9.9991E-05 0.622697 0.377203
9.9991E-05 0.663615 0.336285
0.0363902 0.799045 0.164565
9.9991E-05 0.657267 0.342633
0.0555526 0.318655 0.625792
0.102725 0.744739 0.152536
0.0272973 0.85867 0.114033
0.0523682 0.609856 0.337776
0.867588 0.132312 9.9991E-05
0.19794 0.0926286 0.709431
9.9991E-05 0.845453 0.154447
9.9991E-05 0.79698 0.20292
0.205393 0.137169 0.657438
0.0139916 0.775121 0.210887
0.0185615 0.908561 0.0728778
0.00955511 0.00606501 0.98438
9.9991E-05 0.792789 0.207111
0.0623148 0.820153 0.117532
9.9991E-05 0.659633 0.340267
9.9991E-05 0.739555 0.260345
0.0659968 0.643127 0.290876
9.9991E-05 0.791105 0.208796
0.387541 0.240759 0.3717
9.9991E-05 0.676481 0.323419
0.00819282 0.64041 0.351397
9.9991E-05 0.972192 0.0277082
0.207758 0.222071 0.570171
9.9991E-05 0.383461 0.616439
0.0294684 0.280042 0.69049
9.9991E-05 0.805319 0.194581
0.041867 0.244012 0.714121
9.9991E-05 0.836955 0.162945
9.9991E-05 0.553597 0.446303
9.9991E-05 0.842059 0.157841
0.0392375 0.662836 0.297926
0.307681 0.244347 0.447972
9.9991E-05 0.831353 0.168547
0.919735 0.0453685 0.0348962
0.0185567 0.685468 0.295975
0.00701041 0.846947 0.146042
0.9998 9.999E-05 9.999E-05
0.921108 0.0787921 9.9991E-05
9.9991E-05 0.602051 0.397849
0.0529522 0.547336 0.399712
0.0288172 0.75104 0.220142
0.0281121 0.770171 0.201717
9.9991E-05 0.626262 0.373638
9.9991E-05 0.948928 0.0509721
0.00517396 0.511674 0.483152
0.396288 0.14487 0.458843
9.9991E-05 0.638761 0.361139
0.0499122 0.949988 9.9991E-05
9.9991E-05 0.515241 0.484659
9.9991E-05 0.611018 0.388882
0.101791 0.382929 0.51528
9.9991E-05 0.851096 0.148804
0.0349413 0.655018 0.310041
0.0244603 0.504891 0.470649
0.073983 0.635493 0.290524
0.32784 0.127655 0.544505
0.00672226 0.580171 0.413106
9.9991E-05 0.624423 0.375477
9.9991E-05 0.748866 0.251034
9.9991E-05 0.532107 0.467793
9.9991E-05 0.649829 0.350071
9.9991E-05 0.714595 0.285305
0.0566949 0.745614 0.197691
9.9991E-05 0.937946 0.0619537
9.9991E-05 0.623621 0.376279
0.032491 0.719052 0.248457
0.0324584 0.216089 0.751452
0.0788662 0.652145 0.268988
0.0472538 0.714844 0.237902
0.000232722 0.131002 0.868765
0.0169794 0.780368 0.202652
0.0406208 0.66123 0.29815
9.9991E-05 0.739679 0.260221
0.011713 0.75894 0.229347
9.9991E-05 0.687771 0.312129
9.9991E-05 0.093725 0.906175
9.9991E-05 0.909848 0.0900519
0.0381976 0.308264 0.653538
