0.173617 0.0760949 9.9973E-05 9.9973E-05 9.9973E-05 0.694694 0.0552935
0.147837 0.239874 0.0470859 0.037067 0.266006 0.246725 0.0154042
0.16441 0.134707 0.0484984 0.0596858 0.592499 9.9982E-05 9.9982E-05
0.0210222 0.0715108 0.0901598 0.155841 0.495296 0.16607 9.9991E-05
0.0324308 0.0418074 9.9991E-05 0.0469664 0.5005 0.301769 0.0764263
9.9973E-05 0.0443372 9.9973E-05 0.762125 0.169845 9.9973E-05 0.023393
9.9982E-05 0.198592 0.0388475 9.9982E-05 0.338099 0.388937 0.0353249
0.0460071 0.033973 9.9973E-05 0.870719 9.9973E-05 0.0490012 9.9973E-05
9.9982E-05 0.239122 0.0227599 9.9982E-05 0.34049 0.386253 0.011175
0.15833 0.243941 9.9982E-05 9.9982E-05 0.358729 0.163653 0.075147
0.101831 0.17484 9.9982E-05 9.9982E-05 0.447906 0.20325 0.0719729
0.0634058 0.165325 9.9991E-05 0.168495 0.388386 0.174436 0.0398522
0.0253653 0.330256 9.9973E-05 9.9973E-05 0.136142 0.507936 9.9973E-05
0.178408 0.0256438 9.9991E-05 0.027464 0.576038 0.129914 0.0624315
0.13811 0.131266 9.9982E-05 0.632131 0.0544531 9.9982E-05 0.0438405
0.164928 0.264537 0.104703 0.0137439 0.45063 0.00135901 9.9991E-05
0.126584 0.251471 9.9991E-05 0.106626 0.299821 0.174665 0.0407337
9.9973E-05 0.00122331 0.186808 9.9973E-05 0.539153 0.272516 9.9973E-05
0.0231473 0.201453 0.0392366 9.9982E-05 0.388483 0.34748 9.9982E-05
0.202634 9.9964E-05 9.9964E-05 9.9964E-05 0.446233 0.350733 9.9964E-05
9.9973E-05 0.168539 9.9973E-05 9.9973E-05 0.402094 0.41229 0.0167769
0.237899 0.073754 0.00414767 0.0351105 0.419545 0.229444 9.9991E-05
0.120796 0.104692 9.9982E-05 9.9982E-05 0.501813 0.192034 0.0804652
0.332226 0.00664954 9.9982E-05 0.599046 0.0557599 0.00611865 9.9982E-05
0.160645 0.119588 0.153197 9.9982E-05 0.169602 0.396769 9.9982E-05
0.0335792 0.0581432 9.9982E-05 0.614991 0.280239 0.0128475 9.9982E-05
0.0480966 0.142746 0.10554 0.431001 0.231747 0.0407699 9.9991E-05
9.9973E-05 0.0296761 9.9973E-05 0.290321 0.129622 0.550081 9.9973E-05
0.16939 0.0256072 9.9973E-05 0.718698 0.086005 9.9973E-05 9.9973E-05
9.9973E-05 9.9973E-05 9.9973E-05 0.184812 0.648751 0.136689 0.029448
0.112087 0.0806386 9.9982E-05 0.430586 0.0665633 0.309925 9.9982E-05
0.0346918 0.157841 0.0959522 0.0085788 0.344179 0.351362 0.00739465
0.137472 0.264845 9.9991E-05 0.176252 0.357952 0.037059 0.026319
9.9973E-05 9.9973E-05 0.0184166 0.863441 0.115532 0.00231076 9.9973E-05
9.9973E-05 9.9973E-05 0.0981605 0.850007 0.0403164 9.9973E-05 0.0112159
9.9982E-05 0.113488 0.063556 0.133155 0.51599 0.173612 9.9982E-05
0.137359 0.0462949 9.9982E-05 0.089561 0.466514 0.260071 9.9982E-05
0.0449245 0.115196 0.138844 9.9982E-05 0.25853 0.442306 9.9982E-05
0.21305 9.9973E-05 0.00343938 0.690736 0.0924744 9.9973E-05 9.9973E-05
0.238517 0.046631 0.00600935 0.377154 0.175375 0.0837742 0.0725404
0.0312536 0.20984 0.0714426 0.205557 0.301314 0.180492 9.9991E-05
0.0230115 0.308768 9.9973E-05 9.9973E-05 0.643746 9.9973E-05 0.0241742
0.00431331 9.9982E-05 0.0415392 0.170091 0.369226 0.414631 9.9982E-05
0.0676192 9.9982E-05 0.0975643 0.578395 0.167931 0.0882898 9.9982E-05
0.133952 0.296471 0.0204919 9.9991E-05 0.339275 0.206492 0.00321858
0.143756 0.450238 0.00059996 9.9991E-05 0.00165446 0.385577 0.0180746
0.264282 9.9982E-05 0.0798736 0.0464055 0.371683 0.237556 9.9982E-05
9.9982E-05 0.348066 0.00662916 0.0301194 0.518301 0.0966844 9.9982E-05
0.204279 0.214178 0.105779 0.0122872 0.0963901 0.366988 9.9991E-05
0.0049985 0.331159 9.9982E-05 0.47731 0.0831371 0.103196 9.9982E-05
0.052924 0.0648034 0.0669348 9.9991E-05 0.539097 0.242577 0.0335633
0.13435 0.122943 9.9991E-05 0.397184 0.0739897 0.118213 0.15322
0.131552 0.417857 9.9982E-05 9.9982E-05 0.114261 0.301941 0.0341885
9.9955E-05 9.9955E-05 0.0698034 0.929697 9.9955E-05 9.9955E-05 9.9955E-05
0.00527729 0.345042 9.9982E-05 0.387023 0.240284 0.0221741 9.9982E-05
0.0713636 0.120259 9.9982E-05 9.9982E-05 0.385668 0.394123 0.0283859
0.196814 9.9964E-05 9.9964E-05 9.9964E-05 0.213358 0.589428 9.9964E-05
0.0537678 0.0670196 9.9991E-05 0.154854 0.386125 0.287272 0.0508619
0.152326 0.163106 9.9982E-05 0.286127 0.265889 0.132352 9.9982E-05
9.9964E-05 9.9964E-05 9.9964E-05 0.298497 0.353486 0.347617 9.9964E-05
0.0204601 0.0566581 0.076575 0.779443 9.9982E-05 0.0666633 9.9982E-05
9.9964E-05 9.9964E-05 0.0224097 0.957198 0.0199924 9.9964E-05 9.9964E-05
0.0414381 0.266591 0.074626 0.00627636 0.28532 0.325649 9.9991E-05
0.138086 9.9955E-05 9.9955E-05 0.861414 9.9955E-05 9.9955E-05 9.9955E-05
0.0492892 0.353782 9.9991E-05 0.0127306 0.36005 0.158122 0.0659276
0.0695507 0.098936 0.00690158 0.772098 0.0499683 9.9991E-05 0.00244522
0.113508 0.0956031 0.00258396 9.9982E-05 0.298187 0.489918 9.9982E-05
0.192193 0.256226 9.9982E-05 0.100267 0.359789 9.9982E-05 0.0913254
0.136356 0.186782 0.0718147 9.9982E-05 0.0828639 0.521983 9.9982E-05
9.9964E-05 0.218974 9.9964E-05 0.681297 0.0993294 9.9964E-05 9.9964E-05
0.36339 9.9982E-05 0.000723366 9.9982E-05 0.196737 0.320117 0.118832
0.200679 0.134532 0.0735817 0.0413608 0.171598 0.378149 9.9991E-05
0.152225 0.00146893 0.0875263 0.26663 0.193028 0.292419 0.00670277
0.0391626 0.452485 9.9982E-05 9.9982E-05 0.351724 0.0338736 0.122555
0.135412 0.151837 0.0445094 0.0478932 0.254945 0.32334 0.0420636
0.151726 0.0500097 9.9991E-05 0.341614 0.15907 0.285977 0.0115042
0.146899 0.0096634 9.9991E-05 0.0162644 0.632704 0.134478 0.0598904
0.185219 0.138145 0.0919739 0.148427 0.211933 0.224202 9.9991E-05
0.205237 0.35889 9.9982E-05 0.0843946 0.199206 0.152073 9.9982E-05
0.0949586 0.113427 0.141141 0.0375101 0.296854 0.316009 9.9991E-05
0.319266 0.0951638 9.9982E-05 9.9982E-05 0.118616 0.35463 0.112125
0.105484 0.090077 0.10534 9.9982E-05 0.672395 9.9982E-05 0.0265041
0.17481 0.0333931 9.9991E-05 0.0311197 0.250881 0.484628 0.0250686
0.171038 9.9973E-05 9.9973E-05 9.9973E-05 0.349563 0.437399 0.041699
0.0962458 0.170596 9.9982E-05 9.9982E-05 0.428226 0.288825 0.0159061
0.31858 0.212812 9.9991E-05 0.091655 0.169093 0.18827 0.0194887
0.0219744 0.233981 9.9982E-05 0.268224 0.398657 0.0769636 9.9982E-05
0.151376 0.137529 9.9973E-05 0.176977 0.533818 9.9973E-05 9.9973E-05
0.0143503 0.0526742 9.9973E-05 0.823452 0.109223 9.9973E-05 9.9973E-05
0.110977 0.259291 9.9991E-05 0.177017 0.320185 0.0927019 0.039728
0.24753 0.42043 0.0498279 9.9973E-05 9.9973E-05 0.281912 9.9973E-05
0.0616608 0.199187 9.9982E-05 0.466872 0.0657444 0.206335 9.9982E-05
0.0253235 0.124276 9.9982E-05 0.0107481 0.447799 0.391653 9.9982E-05
0.0289284 9.9973E-05 9.9973E-05 0.240607 0.350646 0.379518 9.9973E-05
0.197803 0.100754 9.9991E-05 0.425559 0.203136 0.0190187 0.0536296
0.131315 0.0392884 9.9973E-05 0.779034 9.9973E-05 9.9973E-05 0.0500621
0.0363329 0.30014 9.9991E-05 0.0977923 0.224322 0.309535 0.0317774
0.0462206 0.304331 0.017335 0.0805565 0.349523 0.201934 9.9991E-05
0.372465 9.9982E-05 0.0480312 0.0289166 0.202165 0.348222 9.9982E-05
0.0303592 9.9973E-05 9.9973E-05 0.228089 0.317366 0.423886 9.9973E-05
0.143289 0.244414 9.9973E-05 0.442894 0.169104 9.9973E-05 9.9973E-05
0.0610745 0.142995 9.9982E-05 9.9982E-05 0.472798 0.27679 0.0461424
0.248945 9.9973E-05 0.166913 9.9973E-05 0.228382 0.355461 9.9973E-05
0.163926 0.0532833 9.9982E-05 9.9982E-05 0.437492 0.226206 0.118892
0.178689 0.308427 0.0747095 9.9991E-05 0.263292 0.159663 0.0151202
0.224303 9.9964E-05 9.9964E-05 0.724517 0.0507803 9.9964E-05 9.9964E-05
0.228517 0.0111494 0.00341858 0.468219 0.248371 9.9991E-05 0.0402243
0.226359 9.9973E-05 0.0130337 9.9973E-05 0.29524 0.465068 9.9973E-05
0.139517 0.31806 9.9982E-05 0.0279175 0.228573 0.285733 9.9982E-05
0.0748628 0.00666263 0.0320784 9.9982E-05 0.647572 0.238625 9.9982E-05
9.9964E-05 0.346365 9.9964E-05 0.410663 0.242571 9.9964E-05 9.9964E-05
0.0391346 9.9964E-05 9.9964E-05 0.879207 0.0812581 9.9964E-05 9.9964E-05
0.0205843 0.212746 9.9973E-05 0.406045 0.360325 9.9973E-05 9.9973E-05
9.9973E-05 0.0290498 0.12921 9.9973E-05 0.465601 0.375839 9.9973E-05
0.15961 0.0263797 9.9982E-05 0.0825864 0.428307 0.302918 9.9982E-05
0.200912 9.9982E-05 0.0631729 0.0232821 0.223726 0.488706 9.9982E-05
0.0842063 0.00806362 9.9982E-05 9.9982E-05 0.281705 0.604212 0.021613
9.9964E-05 0.0976245 0.0124654 0.88951 9.9964E-05 9.9964E-05 9.9964E-05
0.103047 0.000334534 9.9982E-05 9.9982E-05 0.435863 0.351768 0.108788
0.211607 9.9973E-05 0.17585 9.9973E-05 0.333166 0.279077 9.9973E-05
0.121629 0.0561159 9.9982E-05 0.0523011 0.397188 0.372567 9.9982E-05
9.9973E-05 0.150526 9.9973E-05 0.56258 0.260609 9.9973E-05 0.025985
9.9973E-05 0.0392395 0.133436 9.9973E-05 0.557249 0.269776 9.9973E-05
0.0202407 0.198532 0.043767 0.0336181 0.403692 0.255065 0.0450845
0.0419882 0.0841766 0.0769648 9.9982E-05 0.327976 0.468694 9.9982E-05
0.202709 0.185249 9.9982E-05 9.9982E-05 0.248293 0.195818 0.16773
9.9973E-05 9.9973E-05 9.9973E-05 0.617788 0.0235239 0.254049 0.104339
0.098524 9.9964E-05 0.031871 0.869205 9.9964E-05 9.9964E-05 9.9964E-05
0.189376 0.206284 0.202547 9.9982E-05 0.283959 0.117634 9.9982E-05
0.125237 0.232754 0.0876041 9.9991E-05 0.3109 0.179307 0.0640977
0.115356 0.208698 0.0473168 9.9982E-05 0.299325 0.329104 9.9982E-05
9.9973E-05 0.48913 0.0719442 9.9973E-05 0.22587 0.212755 9.9973E-05
0.0177838 0.202442 9.9982E-05 0.364301 0.359658 0.0556144 9.9982E-05
0.0552153 0.0361503 0.199094 0.0443285 0.423706 0.187504 0.0540019
9.9991E-05 0.0143027 0.00713372 0.227877 0.350747 0.381032 0.0188078
0.9994 9.995E-05 9.995E-05 9.995E-05 9.995E-05 9.995E-05 9.995E-05
0.286274 9.9982E-05 0.0264638 0.467272 0.19791 0.0218798 9.9982E-05
9.9991E-05 0.0939646 0.00579239 0.282017 0.367978 0.223135 0.0270134
0.9994 9.995E-05 9.995E-05 9.995E-05 9.995E-05 9.995E-05 9.995E-05
0.206877 0.0025069 0.0255536 0.577017 0.14609 9.9991E-05 0.0418557
9.9982E-05 0.150365 0.015829 0.099057 0.696294 0.0382546 9.9982E-05
0.0399171 0.0128235 9.9991E-05 0.303693 0.455204 0.02447 0.163793
0.0318283 0.283739 0.0945934 0.200098 0.295907 0.0937347 9.9991E-05
0.160174 0.328276 0.090024 0.148329 0.198708 0.0743885 9.9991E-05
9.9973E-05 0.151202 0.0520733 0.738881 9.9973E-05 0.057543 9.9973E-05
0.116242 0.0851394 9.9991E-05 0.27379 0.211223 0.237621 0.075884
0.157548 0.110595 0.0310877 0.197184 0.383766 0.11972 9.9991E-05
0.0881454 0.227383 0.0124902 9.9991E-05 0.165483 0.498965 0.007434
0.155953 0.0478187 0.021399 9.9991E-05 0.0576169 0.611361 0.105751
0.206 0.265846 0.0700271 9.9991E-05 0.243783 0.177427 0.0368165
9.9982E-05 0.312364 0.067235 0.0177599 0.507152 0.0952896 9.9982E-05
0.0503741 9.9982E-05 9.9982E-05 0.350569 0.122991 0.407152 0.0687146
9.9973E-05 0.0543835 9.9973E-05 0.710412 0.213829 0.0210758 9.9973E-05
0.122883 0.13354 0.0747454 0.400442 0.26819 9.9982E-05 9.9982E-05
0.362065 0.370603 0.0517354 9.9982E-05 0.163296 0.0521015 9.9982E-05
0.0833851 0.359729 0.1048 9.9982E-05 0.23298 0.218906 9.9982E-05
0.127396 0.0141662 0.0646023 0.793536 9.9973E-05 9.9973E-05 9.9973E-05
0.0704918 0.294537 0.122551 9.9982E-05 0.200036 0.312184 9.9982E-05
0.279352 0.199891 0.0119533 9.9991E-05 0.302483 0.195657 0.0105633
0.108652 0.174013 9.9991E-05 0.122546 0.39596 0.133289 0.0654407
0.31912 9.9973E-05 0.149825 9.9973E-05 0.429979 0.100776 9.9973E-05
0.0269527 0.510896 0.0663332 0.12179 0.0769247 0.197004 9.9991E-05
0.258307 0.342852 9.9991E-05 0.0211436 0.333749 0.000116954 0.0437326
0.245099 0.17347 9.9973E-05 9.9973E-05 0.448807 9.9973E-05 0.132324
0.0567481 0.120855 0.0336191 9.9982E-05 0.279758 0.50882 9.9982E-05
0.242774 9.9973E-05 9.9973E-05 9.9973E-05 0.254115 0.411872 0.0909385
0.123419 0.617861 0.0870907 0.0719977 0.0994318 9.9982E-05 9.9982E-05
0.112569 9.9973E-05 0.0101065 0.488843 0.388182 9.9973E-05 9.9973E-05
0.243186 0.224214 0.00123125 0.218166 0.219252 0.0938511 9.9991E-05
0.242735 0.316806 0.152091 0.0758144 0.212353 9.9982E-05 9.9982E-05
0.244611 0.128019 0.0321374 0.119493 0.367165 0.0159229 0.0926509
0.0524878 0.195219 9.9982E-05 0.0697859 0.666766 9.9982E-05 0.0155407
0.0673184 9.9955E-05 9.9955E-05 0.932182 9.9955E-05 9.9955E-05 9.9955E-05
0.133839 0.351508 9.9973E-05 0.0545248 0.459828 9.9973E-05 9.9973E-05
0.316628 0.117947 0.0102807 0.289109 0.265835 9.9982E-05 9.9982E-05
0.139737 0.504473 0.0525855 9.9991E-05 0.0879786 0.213674 0.00145142
0.0168915 0.0320842 9.9982E-05 0.248413 0.621023 9.9982E-05 0.0813881
9.9973E-05 0.177079 0.0267503 0.56501 0.230861 9.9973E-05 9.9973E-05
0.11897 0.0445997 0.0574163 0.473917 9.9982E-05 0.304897 9.9982E-05
9.9973E-05 9.9973E-05 9.9973E-05 0.498326 0.266313 0.196367 0.038694
0.026413 0.246989 9.9973E-05 9.9973E-05 0.540479 0.185819 9.9973E-05
9.9973E-05 0.00717636 0.0726665 0.787331 0.132527 9.9973E-05 9.9973E-05
0.1471 9.9982E-05 0.0386273 0.355725 0.360771 0.0975762 9.9982E-05
0.0484157 0.229687 0.0235815 0.0115196 0.149111 0.44456 0.0931258
0.00831734 9.99641E-05 0.0254785 0.965804 9.99641E-05 9.99641E-05 9.99641E-05
9.9964E-05 0.326646 9.9964E-05 0.42367 0.249284 9.9964E-05 9.9964E-05
9.9973E-05 0.583632 9.9973E-05 0.0305395 0.118094 0.267434 9.9973E-05
0.0194706 0.265035 9.9982E-05 0.353464 0.31698 0.0448499 9.9982E-05
0.0723547 0.0389777 9.9982E-05 0.199387 0.227231 0.461849 9.9982E-05
9.9973E-05 0.168826 0.120771 9.9973E-05 0.628098 0.082004 9.9973E-05
0.0781911 0.011184 0.0998611 0.341852 0.409256 0.0445057 0.0151495
0.0745275 0.0952611 9.9982E-05 0.0153293 0.389164 0.425518 9.9982E-05
9.9964E-05 0.272958 9.9964E-05 9.9964E-05 0.470135 0.256507 9.9964E-05
0.111064 0.0339843 0.163085 0.0694895 0.454208 0.110235 0.0579336
0.188171 0.201671 0.124011 0.234543 0.250187 9.9991E-05 0.00131684
9.9964E-05 9.9964E-05 9.9964E-05 0.251622 0.262996 0.484982 9.9964E-05
0.153697 0.0831533 0.198188 9.9982E-05 0.132981 0.43178 9.9982E-05
0.152611 0.0333161 9.9991E-05 0.0790713 0.519135 0.170175 0.0455917
0.118434 0.412641 0.102825 9.9982E-05 0.0677899 0.29811 9.9982E-05
0.0021588 0.304735 0.101714 9.9991E-05 0.410197 0.151485 0.0296103
0.216068 0.110597 0.0908649 0.260284 0.170941 0.151146 9.9991E-05
0.107323 0.0535036 0.00218547 9.9982E-05 0.542952 0.293835 9.9982E-05
0.074676 0.221649 0.135713 0.029478 0.225669 0.312715 9.9991E-05
0.0358721 0.329634 0.115358 9.9991E-05 0.216586 0.240825 0.0616241
0.0939637 0.318406 0.0616147 9.9982E-05 9.9982E-05 0.476528 0.0492872
0.170149 0.201589 0.00781854 0.243141 0.221321 0.133582 0.0223997
9.9964E-05 9.9964E-05 9.9964E-05 9.9964E-05 0.389439 0.423012 0.187149
0.13637 0.221695 9.9982E-05 0.151862 0.310514 0.179359 9.9982E-05
0.253743 0.194402 0.0827969 9.9982E-05 0.246285 0.222573 9.9982E-05
0.152878 9.9973E-05 9.9973E-05 9.9973E-05 0.226726 0.544398 0.0756978
0.00426295 0.335296 0.076972 9.9982E-05 0.120288 0.462982 9.9982E-05
9.9982E-05 0.0434135 9.9982E-05 0.410074 0.254636 0.220942 0.0707349
0.000115229 0.0170547 0.0263383 0.432173 0.303632 0.220587 9.9991E-05
0.106657 9.9964E-05 9.9964E-05 9.9964E-05 0.627382 0.265562 9.9964E-05
0.173546 9.9973E-05 0.254013 9.9973E-05 0.207436 0.364705 9.9973E-05
0.139374 0.171707 9.9982E-05 9.9982E-05 0.329456 0.245615 0.113648
0.158996 0.313098 0.00877764 9.9991E-05 0.263559 0.239914 0.015554
0.280855 0.117936 9.9973E-05 0.263533 0.337376 9.9973E-05 9.9973E-05
0.33776 0.0382626 0.0303164 0.197116 0.196387 0.200058 9.9991E-05
9.9982E-05 0.351952 0.0706788 9.9982E-05 0.0887533 0.410959 0.0774565
0.240564 0.161254 9.9973E-05 0.504529 0.0933531 9.9973E-05 9.9973E-05
9.9973E-05 0.243958 9.9973E-05 0.126882 0.295178 0.333683 9.9973E-05
0.15534 0.0747418 0.0335681 0.0949982 0.365518 0.157879 0.117955
9.9973E-05 0.2421 9.9973E-05 0.728432 0.0114206 9.9973E-05 0.0177477
0.0416488 0.576132 0.0517925 9.9982E-05 0.22065 0.109577 9.9982E-05
0.188838 0.226836 9.9991E-05 0.0171306 0.272771 0.273489 0.0208348
0.15077 0.17299 9.9982E-05 0.0156941 0.494836 0.165511 9.9982E-05
0.0494014 0.0807826 0.00612865 9.9991E-05 0.324685 0.50044 0.0384629
0.108872 0.0787784 0.255656 9.9982E-05 0.30547 0.251024 9.9982E-05
0.192269 0.205734 9.9982E-05 9.9982E-05 0.466397 0.0926399 0.0427601
0.104976 0.0669993 0.047102 9.9982E-05 0.535234 0.245489 9.9982E-05
0.172044 9.9973E-05 0.0385024 9.9973E-05 0.443841 0.345312 9.9973E-05
0.103838 0.367369 9.9982E-05 0.113638 0.196137 0.218818 9.9982E-05
0.130415 0.106709 9.9982E-05 9.9982E-05 0.263644 0.454511 0.0445219
0.299559 0.0536266 0.0305921 9.9982E-05 0.295946 0.320077 9.9982E-05
0.10129 0.504903 0.0648575 0.0904081 0.238341 9.9982E-05 9.9982E-05
0.0899779 0.0869838 9.9982E-05 9.9982E-05 0.41137 0.357804 0.0536644
0.0302523 0.219314 9.9982E-05 9.9982E-05 0.290726 0.4587 0.000808117
0.108315 0.0826803 9.9982E-05 0.325848 0.225407 0.25755 9.9982E-05
0.184874 0.0644362 0.00380779 0.276263 0.325567 0.144953 9.9991E-05
0.0386447 0.0596672 0.0344199 0.0534788 0.670521 0.143168 9.9991E-05
0.177567 0.122183 9.9982E-05 0.511835 0.0603829 0.127832 9.9982E-05
0.160805 0.318735 9.9973E-05 9.9973E-05 0.472998 9.9973E-05 0.0471615
0.0037968 0.144769 9.9982E-05 0.328128 0.471349 0.0517566 9.9982E-05
0.0819916 9.9982E-05 0.0878161 0.0183157 0.354854 0.456822 9.9982E-05
0.219815 0.50792 9.9982E-05 0.110927 0.129093 9.9982E-05 0.0320458
0.0269599 0.0162173 0.0392105 0.281894 0.421823 0.148476 0.0654192
0.417871 9.9982E-05 0.025547 0.449255 0.0875455 0.019581 9.9982E-05
9.9982E-05 0.206015 0.0340649 0.00488621 0.429826 0.325008 9.9982E-05
0.209957 0.24073 9.9973E-05 9.9973E-05 0.261957 0.287055 9.9973E-05
0.0652114 0.055357 9.9982E-05 0.330455 0.13208 0.416696 9.9982E-05
0.162183 0.146834 0.00439889 0.0115231 0.236864 0.43527 0.00292847
0.0797202 0.0483232 0.0447688 9.9991E-05 0.575038 0.248328 0.0037226
9.9982E-05 0.0416818 9.9982E-05 0.827998 0.0698094 0.0114331 0.0488782
0.177489 0.0791968 9.9982E-05 9.9982E-05 0.468466 0.209092 0.0655565
9.9982E-05 0.267553 0.00267576 9.9982E-05 0.655384 0.0230666 0.0511201
0.0706533 9.9973E-05 9.9973E-05 9.9973E-05 0.656437 0.179208 0.0934023
0.183402 0.245497 0.0325416 9.9982E-05 0.520623 0.0177361 9.9982E-05
0.0953931 0.202194 9.9982E-05 9.9982E-05 0.393246 0.296449 0.0125166
0.0971009 0.297036 9.9973E-05 9.9973E-05 0.119716 0.485847 9.9973E-05
0.156409 9.9973E-05 0.0672539 9.9973E-05 0.749281 0.0267558 9.9973E-05
0.0907673 0.139756 9.9982E-05 0.10295 0.302338 0.363989 9.9982E-05
0.122773 0.162205 9.9991E-05 0.484899 0.177079 0.0134094 0.0395353
0.0706536 0.146758 0.0134468 9.9982E-05 0.376309 0.392633 9.9982E-05
0.0593105 0.0475513 9.9982E-05 9.9982E-05 0.214493 0.626933 0.051512
0.17019 0.287642 0.0727426 0.158536 0.184295 0.126494 9.9991E-05
0.18637 0.00526001 9.9991E-05 0.353955 0.265878 0.158764 0.0296728
0.163 0.119139 0.108767 9.9982E-05 0.135695 0.473199 9.9982E-05
0.0516326 9.9964E-05 9.9964E-05 0.204481 0.743486 9.9964E-05 9.9964E-05
0.0385778 0.128684 9.9982E-05 0.0648263 0.393493 0.374219 9.9982E-05
0.178295 0.0415831 0.0269014 0.304712 0.448308 9.9982E-05 9.9982E-05
0.199235 0.172094 0.0453883 0.117943 0.365669 9.9991E-05 0.0995705
0.1388 0.141563 9.9991E-05 0.449372 0.228068 0.021558 0.0205396
0.0934746 9.9982E-05 9.9982E-05 0.232444 0.326473 0.322772 0.024637
0.076611 0.360769 0.107699 9.9973E-05 9.9973E-05 0.454621 9.9973E-05
0.031166 0.0592214 9.9991E-05 0.21576 0.418205 0.191767 0.0837811
0.134318 0.299004 9.9973E-05 9.9973E-05 0.289165 0.277214 9.9973E-05
0.293594 0.105454 0.0638993 9.9982E-05 0.270606 0.266246 9.9982E-05
0.194527 0.34227 0.0221976 9.9982E-05 0.395704 0.0451022 9.9982E-05
0.239372 0.0236377 9.9982E-05 0.225808 0.420916 9.9982E-05 0.0900661
0.0322825 0.441428 9.9973E-05 9.9973E-05 0.32541 0.200579 9.9973E-05
0.107891 0.207973 0.0978226 9.9982E-05 0.315786 0.270328 9.9982E-05
0.100952 0.0763315 0.124477 9.9982E-05 0.199083 0.498957 9.9982E-05
9.9973E-05 0.0634491 0.041085 0.562086 9.9973E-05 0.33308 9.9973E-05
9.9973E-05 0.0698254 0.0251432 0.866758 9.9973E-05 9.9973E-05 0.0379737
0.0594457 9.9982E-05 0.130445 0.11385 0.482967 0.213092 9.9982E-05
0.127758 0.104805 0.0243445 0.0682739 0.148158 0.482417 0.0442439
0.0383743 0.331682 0.0727287 0.0642049 0.410855 0.0423573 0.0397981
0.0198834 0.474345 9.9982E-05 0.129656 0.29235 0.0835659 9.9982E-05
9.9982E-05 9.9982E-05 0.112757 0.242433 0.489584 0.104855 0.0501707
0.288801 0.0437531 9.9982E-05 0.0593192 0.110116 0.497811 9.9982E-05
0.135905 0.222463 0.0516246 9.9991E-05 0.319119 0.255041 0.0157471
9.9973E-05 0.344792 9.9973E-05 9.9973E-05 0.441306 0.131792 0.0818099
0.05937 0.128147 0.0725068 0.00317655 0.449119 0.287581 9.9991E-05
9.9964E-05 9.9964E-05 0.187353 9.9964E-05 0.221128 0.59112 9.9964E-05
0.127965 9.9973E-05 0.00904338 9.9973E-05 0.374024 0.488667 9.9973E-05
0.128491 0.087046 0.061734 9.9982E-05 0.349529 0.373 9.9982E-05
0.308099 0.285101 0.0526596 0.0103173 0.154596 0.189127 9.9991E-05
0.0465069 0.0985621 9.9982E-05 9.9982E-05 0.533436 0.151984 0.169311
0.275126 0.039901 0.0192214 0.038342 0.203115 0.424195 9.9991E-05
0.154424 0.171463 0.184441 9.9982E-05 0.271953 0.217518 9.9982E-05
9.9973E-05 0.233509 0.152639 9.9973E-05 0.58494 0.0286115 9.9973E-05
0.131383 9.9982E-05 9.9982E-05 0.139806 0.32376 0.372144 0.0327074
0.102417 9.9991E-05 0.0161553 0.548935 0.114539 0.117659 0.100195
0.00879783 0.244252 9.9982E-05 0.402858 9.9982E-05 0.337538 0.0063536
0.0379239 9.9982E-05 9.9982E-05 0.803151 0.0657905 0.0365623 0.056372
0.0311615 0.294759 0.09339 9.9982E-05 0.23115 0.349339 9.9982E-05
0.00883056 0.0208193 0.00965665 0.733714 0.0910088 0.0989146 0.0370565
0.0171537 9.9973E-05 0.0762577 0.682348 0.223941 9.9973E-05 9.9973E-05
0.203232 0.272223 9.9982E-05 9.9982E-05 0.406684 0.0156987 0.101963
0.034822 0.138033 0.0576918 9.9991E-05 0.493251 0.178653 0.0974493
0.186975 0.0899892 9.9982E-05 9.9982E-05 0.0741002 0.568072 0.0806637
9.9982E-05 0.0995507 9.9982E-05 0.734831 0.0987217 0.0389479 0.0277487
0.056689 0.165919 9.9973E-05 9.9973E-05 0.213829 0.563263 9.9973E-05
0.108647 0.307205 9.9982E-05 0.369863 0.181419 9.9982E-05 0.0326653
0.234153 9.9982E-05 0.0547195 0.0317216 0.260991 0.418214 9.9982E-05
9.9964E-05 9.9964E-05 0.0757099 0.761661 0.16223 9.9964E-05 9.9964E-05
0.141778 0.155203 9.9991E-05 0.100275 0.267871 0.30909 0.0256834
0.0125304 0.0653609 9.9982E-05 0.0364846 0.525307 0.360117 9.9982E-05
9.9964E-05 0.0637132 9.9964E-05 9.9964E-05 0.300634 0.635253 9.9964E-05
0.215918 0.271207 0.0900277 9.9982E-05 0.233728 0.18892 9.9982E-05
0.102868 9.9982E-05 9.9982E-05 0.691755 0.137954 0.0525506 0.0146718
0.0536858 0.303102 9.9982E-05 0.184436 0.357506 0.10107 9.9982E-05
0.0839263 0.134223 0.155161 0.37707 0.0980534 0.151467 9.9991E-05
0.349503 9.9982E-05 0.0351635 9.9982E-05 0.332397 0.222774 0.0599622
0.0213922 9.9982E-05 0.058021 0.704685 0.136858 0.0788433 9.9982E-05
0.0720653 0.262929 0.0768522 0.073035 0.144816 0.245329 0.124973
9.9964E-05 0.376566 9.9964E-05 0.293487 0.329547 9.9964E-05 9.9964E-05
9.99863E-05 0.18921 0.0543768 0.0219506 0.143182 0.591081 9.99863E-05
0.0113893 0.618234 0.058569 0.109335 0.202273 9.9982E-05 9.9982E-05
9.9982E-05 0.161737 9.9982E-05 0.526561 0.0103076 0.291081 0.0101144
0.223984 9.9982E-05 0.082468 9.9982E-05 0.171867 0.499871 0.0216104
0.151029 0.0176282 0.052408 9.9982E-05 0.455986 0.322749 9.9982E-05
9.9973E-05 0.311427 9.9973E-05 9.9973E-05 0.0570558 0.587762 0.0434558
9.9982E-05 0.208228 0.00108034 9.9982E-05 0.256072 0.484527 0.0498921
0.223664 0.0917584 9.9973E-05 0.357155 0.327122 9.9973E-05 9.9973E-05
0.0472744 0.269929 0.0154155 0.0029211 0.518406 0.109506 0.0365483
0.159274 9.9982E-05 0.0459491 9.9982E-05 0.381714 0.359755 0.0531075
0.117364 9.9973E-05 9.9973E-05 9.9973E-05 0.465245 0.351475 0.0656166
0.184266 9.9982E-05 0.0437408 0.434956 0.281617 9.9982E-05 0.0552199
0.196257 0.148924 0.0131923 0.180192 0.329367 0.102317 0.0297503
0.0742746 0.21788 9.9982E-05 9.9982E-05 0.340091 0.35609 0.0114647
0.269353 0.394404 0.0701012 0.0852261 0.120876 0.0386272 0.0214122
0.0854273 0.320884 9.9991E-05 0.178318 0.213133 0.189971 0.0121662
0.0505936 0.340406 0.0656938 9.9991E-05 0.396892 0.133682 0.0126324
0.115335 0.151314 0.0128537 0.306029 0.331536 9.9991E-05 0.082833
0.0815178 0.117569 0.240935 0.0374242 0.423444 0.0990099 9.9991E-05
0.000948501 0.127068 0.0865666 0.346742 0.382329 0.0562469 9.9991E-05
0.0186762 9.9982E-05 0.0511204 9.9982E-05 0.346907 0.533469 0.0496272
0.1025 9.9973E-05 0.0601958 9.9973E-05 0.556367 0.280638 9.9973E-05
9.9973E-05 0.119368 0.0906064 9.9973E-05 0.633127 0.156599 9.9973E-05
0.0876626 0.0315813 9.9982E-05 9.9982E-05 0.374863 0.405707 0.0999863
0.307422 0.0445122 0.129767 9.9982E-05 0.061211 0.456887 9.9982E-05
0.18315 0.0829758 0.0853481 9.9982E-05 0.258006 0.39032 9.9982E-05
0.0515143 0.192264 0.0410146 0.321308 0.383924 0.00987486 9.9991E-05
0.0849901 0.494938 9.9973E-05 9.9973E-05 0.415017 0.0047549 9.9973E-05
0.0706747 0.120513 9.9973E-05 9.9973E-05 0.402535 0.405977 9.9973E-05
0.0584294 0.160498 9.9991E-05 0.0110665 0.495392 0.26575 0.00876507
0.306664 0.1687 9.9991E-05 0.0444985 0.374904 0.0860074 0.0191256
0.0434065 0.267651 0.0621503 0.217757 0.388112 9.9991E-05 0.0208228
0.208086 0.249594 0.0957598 9.9973E-05 9.9973E-05 0.446261 9.9973E-05
0.0330456 0.098759 0.0363054 0.0074684 0.373016 0.379031 0.0723745
0.135199 0.0204558 0.0218112 0.744909 0.0467872 0.0307374 9.9991E-05
9.9964E-05 9.9964E-05 0.0596738 0.609625 9.9964E-05 0.330301 9.9964E-05
0.312242 0.00916595 0.0143582 9.9991E-05 0.488953 0.158482 0.0166995
9.9973E-05 9.9973E-05 0.288632 9.9973E-05 0.217089 0.361457 0.132522
0.0244186 0.346956 0.0738925 0.0276303 0.077107 0.050279 0.399716
9.9982E-05 0.109237 0.147516 9.9982E-05 0.180318 0.258326 0.304403
0.077638 9.9973E-05 0.188566 9.9973E-05 0.174467 0.55903 9.9973E-05
0.0335446 0.0757391 0.307697 9.9991E-05 0.0456094 0.22991 0.3074
9.9982E-05 0.102866 0.298605 9.9982E-05 0.01496 0.341702 0.241666
9.9964E-05 9.9964E-05 0.255733 9.9964E-05 0.452283 9.9964E-05 0.291584
9.9982E-05 0.1984 0.25392 0.00209126 9.9982E-05 0.30235 0.243038
9.9982E-05 0.114497 0.353532 9.9982E-05 0.159613 0.139569 0.23259
0.0884105 0.0411639 0.2446 9.9991E-05 0.172123 0.207336 0.246267
0.176327 0.0400241 0.143365 9.9991E-05 0.247661 0.154906 0.237617
9.9982E-05 0.147718 0.233829 9.9982E-05 0.168808 0.142927 0.306518
0.0461121 0.185827 0.0751023 9.9991E-05 0.252826 0.323253 0.11678
9.9973E-05 0.294629 0.170863 9.9973E-05 9.9973E-05 0.384806 0.149402
0.0452004 0.0888401 0.243248 9.9982E-05 9.9982E-05 0.418177 0.204334
9.9982E-05 0.295876 0.15368 0.0106703 0.129102 9.9982E-05 0.410471
0.108513 9.9982E-05 0.192592 9.9982E-05 0.123668 0.411103 0.163924
9.9982E-05 0.282587 0.228799 9.9982E-05 0.167427 0.181583 0.139403
9.9964E-05 9.9964E-05 9.9964E-05 0.804936 9.9964E-05 0.0412208 0.153444
0.0542896 0.0579632 0.353142 0.0132314 0.0714825 0.405232 0.0446596
0.0685736 0.097832 0.312601 0.00776326 9.9991E-05 0.394135 0.118996
0.0100102 0.0580625 0.0468082 0.119944 0.311324 0.381255 0.0725959
0.0135326 9.9991E-05 0.416815 0.0340645 0.00627466 0.175568 0.353645
0.21795 9.9973E-05 0.531337 9.9973E-05 9.9973E-05 0.0568995 0.193513
0.196339 0.203795 0.208438 9.9973E-05 0.391127 9.9973E-05 9.9973E-05
9.9982E-05 9.9982E-05 0.228337 0.0481101 0.176412 0.196622 0.350319
9.9982E-05 0.223804 0.142662 9.9982E-05 0.344457 0.00997388 0.278903
0.0492108 0.253075 0.203571 9.9991E-05 0.0908406 0.236766 0.166437
0.0180277 0.114189 0.339292 0.0153056 0.0895022 0.1737 0.249984
0.0637124 0.00886329 0.424046 0.0774748 0.125964 9.9991E-05 0.29984
0.209831 0.0709598 0.396486 9.9991E-05 0.00959372 0.106427 0.206602
9.99639E-05 9.99639E-05 9.99639E-05 0.0160882 0.0151146 9.99639E-05 0.968397
0.103925 0.136593 0.250799 9.9991E-05 0.0914208 0.149531 0.267632
0.0217157 0.029973 0.267089 9.9982E-05 0.375095 9.9982E-05 0.305928
0.0271646 0.056743 0.410028 0.07984 0.155099 9.9991E-05 0.271026
0.0613779 0.185668 0.380957 9.9982E-05 0.130596 9.9982E-05 0.2412
0.182761 0.0233936 0.373305 0.0898049 0.0669678 9.9991E-05 0.263668
0.158092 0.187481 0.146583 9.9982E-05 0.29368 0.213964 9.9982E-05
9.9973E-05 0.109291 0.21907 9.9973E-05 9.9973E-05 0.280418 0.390921
0.0375365 0.135794 0.135823 9.9991E-05 0.157058 0.256079 0.277608
9.9982E-05 0.264984 0.196703 9.9982E-05 0.00204937 0.29512 0.240944
0.0593094 9.9982E-05 0.273317 9.9982E-05 0.436803 0.0308603 0.19951
9.995E-05 9.995E-05 9.995E-05 9.995E-05 9.995E-05 9.995E-05 0.9994
0.102198 0.0845172 0.147096 9.9982E-05 0.282135 0.383855 9.9982E-05
0.020957 9.9982E-05 0.206637 9.9982E-05 0.133365 0.291997 0.346844
0.0572466 0.111309 0.0995882 0.24053 0.491126 9.9982E-05 9.9982E-05
0.225871 0.222293 0.122314 9.9991E-05 0.107111 0.310783 0.0115266
0.087274 0.184049 0.163216 9.9991E-05 0.406348 0.138568 0.0204458
9.9991E-05 0.0659878 0.356865 0.0331314 0.0113033 0.275109 0.257503
9.9973E-05 0.267147 0.252535 9.9973E-05 9.9973E-05 0.419167 0.060851
9.9973E-05 9.9973E-05 0.427346 9.9973E-05 0.10075 0.168613 0.302991
0.0690499 0.0431326 0.210413 9.9991E-05 0.116555 0.236707 0.324041
0.043118 0.00208814 0.351737 0.0326174 0.208629 0.243827 0.117983
9.9982E-05 0.0678653 0.41172 9.9982E-05 0.0348383 0.287485 0.197891
0.052334 0.0664027 0.269055 9.9991E-05 0.285594 0.133557 0.192958
9.9982E-05 0.0536969 0.314405 9.9982E-05 0.00257881 0.283199 0.34592
0.0475928 0.00466338 0.141654 9.9991E-05 0.339979 0.0986829 0.367328
0.703054 0.0257191 9.9973E-05 9.9973E-05 0.074877 9.9973E-05 0.19605
9.9982E-05 0.00758101 0.325207 9.9982E-05 0.161938 0.119514 0.385559
9.9973E-05 9.9973E-05 0.362158 9.9973E-05 0.223317 0.125923 0.288303
0.0597003 0.0563217 0.253166 0.0296234 9.9991E-05 0.26138 0.339708
0.0314441 0.0980063 0.390794 9.9982E-05 9.9982E-05 0.290182 0.189374
0.168481 0.00257507 0.141118 9.9982E-05 0.374942 0.312684 9.9982E-05
9.9973E-05 9.9973E-05 0.222258 9.9973E-05 0.208432 0.0840789 0.484931
0.0895523 0.0758822 0.0234124 0.138717 0.561053 0.0981892 0.0131939
0.0377344 0.0311963 0.365651 0.0639257 0.0513669 0.338477 0.111649
0.0236322 0.0771418 0.248507 0.0195178 0.236167 9.9991E-05 0.394935
0.181239 0.129713 0.134031 0.0484373 0.4076 0.0988803 9.9991E-05
0.0311622 0.159953 0.155671 0.0237281 9.9991E-05 0.33603 0.293356
9.9982E-05 0.349386 0.136145 9.9982E-05 0.189644 0.0446262 0.279999
0.615209 9.9964E-05 0.07822 9.9964E-05 9.9964E-05 9.9964E-05 0.306171
0.0478628 0.0670095 0.512225 9.9991E-05 0.201044 0.0739745 0.0977841
0.125367 0.0512099 0.258148 0.0244828 0.17569 0.180756 0.184346
9.9982E-05 0.00633709 0.401786 9.9982E-05 0.261899 0.155922 0.173856
9.9991E-05 0.107508 0.180291 0.0446262 0.0625567 0.198364 0.406553
0.143567 9.9982E-05 0.271499 0.0174363 9.9982E-05 0.412267 0.15503
0.0526656 0.289913 0.0647562 9.9991E-05 0.199135 0.239933 0.153497
0.023208 0.0743803 0.312626 9.9991E-05 0.214579 0.0798214 0.295285
9.9982E-05 0.0633261 0.288474 9.9982E-05 0.22853 0.207483 0.211986
9.9973E-05 0.0935002 9.9973E-05 0.814829 9.9973E-05 0.00751099 0.0838601
9.9991E-05 0.046513 0.306791 0.0114674 0.165354 0.309893 0.159882
0.0392217 9.9982E-05 0.109795 0.172914 0.402711 0.275159 9.9982E-05
0.0259485 9.9991E-05 0.370125 0.0367989 0.145121 0.0467897 0.375117
0.126229 9.9991E-05 0.390845 0.0574775 0.0575057 0.345396 0.0224463
0.0675195 0.160734 0.187963 9.9991E-05 0.0473489 0.482075 0.0542601
9.9982E-05 0.0689257 0.0547941 9.9982E-05 0.233484 0.549925 0.0926711
9.9982E-05 0.152069 0.229629 9.9982E-05 0.0530595 0.29799 0.267052
0.00433821 0.021705 0.196625 9.9991E-05 0.223112 0.242312 0.311808
9.9982E-05 0.177141 0.419998 0.0133281 9.9982E-05 0.271367 0.117965
0.111892 9.9982E-05 0.113522 9.9982E-05 0.106272 0.260617 0.407497
0.233348 0.0403421 0.000198773 0.064723 0.133234 0.442605 0.0855493
0.0263359 0.0611398 0.394239 0.0427636 9.9991E-05 0.274097 0.201324
9.9982E-05 0.0686508 0.370482 9.9982E-05 0.233113 0.154608 0.172946
0.00615804 0.175789 0.237475 9.9991E-05 0.132509 0.281381 0.166587
9.9973E-05 0.222775 9.9973E-05 9.9973E-05 0.455908 0.255839 0.0651773
0.0484368 0.104692 0.197906 9.9982E-05 0.279255 9.9982E-05 0.36951
0.0107263 0.280399 0.299219 9.9982E-05 0.194021 9.9982E-05 0.215435
0.0357067 0.0929272 0.150358 9.9982E-05 9.9982E-05 0.425295 0.295513
9.9973E-05 0.092236 0.289624 9.9973E-05 9.9973E-05 0.471046 0.146795
0.169437 0.357463 9.9964E-05 9.9964E-05 0.4727 9.9964E-05 9.9964E-05
9.9964E-05 9.9964E-05 9.9964E-05 0.88191 0.0993971 9.9964E-05 0.0182929
9.9973E-05 0.174051 0.231548 9.9973E-05 0.295439 9.9973E-05 0.298663
9.9973E-05 9.9973E-05 0.139957 0.0151434 9.9973E-05 0.707604 0.136996
0.0797303 9.9982E-05 0.196451 9.9982E-05 0.299601 0.121655 0.302363
0.0990106 0.150082 0.315582 0.00104983 0.161557 0.0500729 0.222646
0.0035245 9.9991E-05 0.431918 0.0385639 0.0377329 0.218142 0.270018
0.00535608 0.158448 0.197713 9.9991E-05 0.116579 0.213113 0.308691
0.0139465 0.232538 0.366348 9.9982E-05 9.9982E-05 0.118136 0.268832
0.129788 0.0473363 0.262148 0.0600486 0.0575943 0.0683941 0.37469
9.9991E-05 0.123258 0.27028 0.00591393 0.208895 0.0852453 0.306308
0.0997199 0.115948 0.130994 9.9991E-05 0.215664 0.187576 0.249997
0.270638 9.9982E-05 0.111996 9.9982E-05 0.292261 0.313797 0.0111082
0.0202005 0.134142 0.461537 9.9982E-05 0.16694 9.9982E-05 0.21698
0.157023 0.0831051 0.208511 9.9991E-05 0.0492011 0.251117 0.250943
0.125571 0.0450836 9.9982E-05 9.9982E-05 0.182908 0.569805 0.0764331
9.9991E-05 0.11567 0.317831 0.0284208 0.0225894 0.222878 0.292512
0.256607 0.233368 9.9982E-05 9.9982E-05 0.353265 0.11518 0.0413805
0.175865 9.9973E-05 0.167256 9.9973E-05 9.9973E-05 0.31493 0.34165
0.0351792 0.0105275 0.443381 9.9991E-05 0.103665 0.300664 0.106482
0.129088 0.214071 0.194465 9.9982E-05 0.359051 0.103126 9.9982E-05
0.0225861 0.0866156 0.39173 0.0311406 0.0778336 0.231481 0.158613
0.0514757 0.147421 0.352996 9.9982E-05 0.0776041 0.370303 9.9982E-05
0.0852757 0.459831 0.197937 9.9982E-05 9.9982E-05 0.110542 0.146215
0.10101 0.380712 9.9964E-05 0.517878 9.9964E-05 9.9964E-05 9.9964E-05
0.0420667 9.9991E-05 0.405049 0.00136346 0.201757 0.13729 0.212374
9.9973E-05 0.205624 0.279483 9.9973E-05 9.9973E-05 0.309881 0.204712
9.9982E-05 0.066987 0.429442 9.9982E-05 0.221632 0.0406576 0.241081
0.068917 0.110281 0.24767 0.0134157 0.120584 0.171724 0.267408
0.0930684 9.9991E-05 0.224607 0.00949635 0.0571665 0.224819 0.390743
0.0546025 0.0253471 0.348994 9.9982E-05 9.9982E-05 0.233634 0.337223
0.0760832 0.0934651 0.24287 9.9991E-05 0.196213 0.171266 0.220003
0.171516 9.9964E-05 9.9964E-05 9.9964E-05 0.509163 0.318922 9.9964E-05
0.0103739 0.363363 0.27254 0.0435959 0.0430288 0.133368 0.13373
0.0214376 0.0623301 0.298617 9.9991E-05 0.147851 0.186012 0.283653
0.0289701 0.100674 0.117169 9.9991E-05 0.101498 0.0897035 0.561885
0.00658945 0.208075 0.119739 9.9982E-05 9.9982E-05 0.356789 0.308607
9.9982E-05 0.360812 0.0668731 9.9982E-05 0.13368 0.22723 0.211204
0.0114806 0.219117 0.133834 9.9991E-05 0.236268 0.213314 0.185886
0.0794179 9.9982E-05 0.131642 9.9982E-05 0.304566 0.355365 0.128809
0.140445 0.316984 0.129081 0.0101067 0.0229643 0.142006 0.238413
9.9982E-05 0.220963 0.208317 9.9982E-05 0.237599 0.0620517 0.270869
9.9973E-05 0.277265 0.420931 9.9973E-05 0.154965 9.9973E-05 0.146539
0.164606 0.158174 0.00352193 0.00186266 0.410986 0.260749 9.9991E-05
9.9982E-05 0.0724148 0.00896795 9.9982E-05 0.246705 0.421791 0.249922
9.9964E-05 0.379924 0.357561 9.9964E-05 9.9964E-05 9.9964E-05 0.262115
0.00561472 0.0606988 0.389831 0.0145889 0.187329 0.106924 0.235014
0.0142686 0.344431 0.235503 9.9991E-05 0.0126097 0.199109 0.19398
0.0363393 0.0628573 0.568637 9.9991E-05 0.0390724 0.114512 0.178483
0.0234211 0.133976 0.222524 9.9991E-05 0.118076 0.274921 0.226983
0.0186048 0.279698 0.0276302 9.9982E-05 0.446857 0.227009 9.9982E-05
0.229251 0.0679732 0.096478 0.0604133 0.0646901 0.429532 0.0516626
0.00687396 0.188687 0.188772 9.9991E-05 0.272948 0.0374879 0.305131
0.186718 9.9982E-05 0.301009 9.9982E-05 0.149185 0.0883692 0.274518
9.9982E-05 0.135083 0.181078 9.9982E-05 0.0751145 0.356363 0.252162
0.0100201 0.105211 0.119311 9.9991E-05 0.168569 0.301913 0.294876
0.101458 0.0926711 0.375999 0.00810567 9.9991E-05 0.179325 0.242342
9.9991E-05 0.297243 0.408533 0.0304534 0.0664361 0.0250038 0.172231
0.200739 0.268009 0.134913 0.189774 0.206364 9.9982E-05 9.9982E-05
9.9991E-05 0.123017 0.130481 0.0210644 0.0532786 0.463967 0.208092
0.121817 0.140901 0.181829 9.9991E-05 0.160022 0.0418674 0.353465
0.0128375 0.300401 0.166578 0.311121 9.9982E-05 0.208863 9.9982E-05
9.9973E-05 0.168557 0.0550996 0.232448 0.543596 9.9973E-05 9.9973E-05
9.9973E-05 0.145699 0.275534 9.9973E-05 9.9973E-05 0.19284 0.385628
9.9991E-05 0.404468 0.0413555 0.0398908 0.0856922 0.202004 0.226489
9.9973E-05 0.371823 0.113816 9.9973E-05 9.9973E-05 0.105502 0.408558
0.010467 9.9982E-05 0.0605455 9.9982E-05 0.507912 0.347554 0.073322
0.0768676 9.9982E-05 0.175396 9.9982E-05 0.175849 0.242192 0.329495
0.131325 0.00156871 0.245258 0.0067181 0.0508235 0.298835 0.265471
0.0955278 0.262171 0.164954 0.23078 0.246367 9.9982E-05 9.9982E-05
0.0990552 9.9982E-05 0.243514 0.0773723 9.9982E-05 0.299304 0.280554
9.9973E-05 9.9973E-05 0.327843 9.9973E-05 0.235815 0.102152 0.33389
0.0277614 0.125095 0.334441 9.9991E-05 0.0256386 0.211497 0.275467
9.9982E-05 0.112561 0.332269 9.9982E-05 0.299892 0.04559 0.209489
9.9982E-05 0.0157282 0.331275 9.9982E-05 0.121013 0.315944 0.21584
0.0887111 0.0930469 0.314437 9.9982E-05 9.9982E-05 0.28583 0.217776
0.0670392 9.9991E-05 0.270334 0.00194089 0.203625 0.0758773 0.381083
9.9973E-05 0.117863 0.227133 9.9973E-05 9.9973E-05 0.439994 0.21471
0.0804226 9.9982E-05 0.189597 9.9982E-05 0.292569 0.00658478 0.430626
0.071364 9.9973E-05 0.312232 9.9973E-05 0.338453 9.9973E-05 0.277651
0.165675 9.9991E-05 0.0554114 0.596554 0.130837 0.0456608 0.00576112
0.0528652 0.215135 0.395329 9.9991E-05 0.0214424 0.0459245 0.269205
9.9973E-05 9.9973E-05 0.371445 9.9973E-05 0.0481606 0.315177 0.264917
0.0640023 0.326533 0.264363 9.9982E-05 0.145825 0.199076 9.9982E-05
0.14304 9.9973E-05 0.435199 9.9973E-05 9.9973E-05 0.120503 0.300959
0.0780829 0.0938189 0.220559 9.9991E-05 0.171098 0.228938 0.207403
9.9973E-05 0.31072 0.217774 9.9973E-05 0.183146 9.9973E-05 0.28806
0.0464821 0.395515 0.057043 0.03427 0.0420477 0.355141 0.0695016
9.9973E-05 0.16436 0.285735 9.9973E-05 9.9973E-05 0.435056 0.114549
0.188814 0.0125356 0.327623 9.9982E-05 9.9982E-05 0.225534 0.245293
0.0798503 0.143881 0.267738 0.0213139 0.105267 0.0718869 0.310063
0.0666637 0.18279 0.395178 9.9991E-05 0.0606937 0.17387 0.120705
9.9982E-05 0.183992 0.264323 9.9982E-05 0.249137 0.120813 0.181536
9.9955E-05 9.9955E-05 9.9955E-05 0.990186 9.9955E-05 0.00931446 9.9955E-05
0.0334488 0.227001 0.299438 9.9991E-05 0.105057 0.126173 0.208783
0.044991 0.020601 0.247892 9.9991E-05 0.110764 0.417525 0.158127
0.140902 0.0941623 0.285218 9.9991E-05 0.125479 0.145488 0.208649
0.0665814 0.0097585 0.494081 9.9982E-05 9.9982E-05 0.24868 0.180699
0.132947 0.0469994 0.446171 0.0542626 0.0158738 0.032495 0.271251
0.143022 0.0500474 0.357186 9.9982E-05 9.9982E-05 0.370961 0.0785841
0.149481 0.172609 9.9973E-05 0.608301 9.9973E-05 9.9973E-05 0.0693099
9.9982E-05 0.111281 0.331397 9.9982E-05 0.0231451 0.394126 0.139851
9.9982E-05 0.226946 0.320355 9.9982E-05 0.208288 0.0172438 0.226967
0.0942917 9.9982E-05 0.269942 9.9982E-05 0.0745624 0.408794 0.15221
9.9973E-05 0.185245 0.385014 9.9973E-05 9.9973E-05 0.327548 0.101893
0.182144 0.0542668 0.262131 9.9982E-05 0.175308 9.9982E-05 0.32595
9.9973E-05 0.24363 0.292207 9.9973E-05 9.9973E-05 0.242121 0.221742
9.9973E-05 0.281493 0.107219 9.9973E-05 9.9973E-05 0.339413 0.271576
0.0698002 0.180424 0.180087 9.9982E-05 9.9982E-05 0.396484 0.173006
0.098955 0.243938 0.303302 9.9982E-05 9.9982E-05 0.251272 0.102333
9.9982E-05 9.9982E-05 0.16046 0.0315599 0.0773019 0.502531 0.227947
0.142396 0.116546 0.405262 0.00707319 0.0616962 9.9991E-05 0.266927
9.9982E-05 0.0617444 0.201845 9.9982E-05 0.141703 0.347288 0.24722
0.0444652 9.9982E-05 0.345952 9.9982E-05 0.187855 0.267795 0.153733
9.9982E-05 9.9982E-05 0.359932 0.0161102 0.191222 0.181784 0.250752
0.00927932 9.9982E-05 0.30432 9.9982E-05 0.314582 0.161346 0.210273
0.04697 0.0332886 0.107998 9.9991E-05 0.136087 0.43323 0.242326
0.10143 9.9982E-05 0.353149 9.9982E-05 0.229774 0.0867298 0.228717
0.0816517 0.0507718 0.457597 0.0610005 0.121879 9.9991E-05 0.227
0.0565623 0.0363554 0.174794 0.00108195 0.260585 0.0510538 0.419567
0.0546829 0.172855 0.0749945 9.9991E-05 0.0878409 0.308836 0.300691
0.0261442 0.245068 0.153478 9.9991E-05 0.141308 0.311304 0.122598
