0.0934035 9.9991E-05 0.0396203 0.41076 0.330567 0.101613 0.0239368
0.132379 9.9991E-05 0.0214292 0.236145 0.422789 0.0751493 0.112009
0.315762 9.9982E-05 9.9982E-05 0.0717402 0.474737 0.0393711 0.0981889
0.0571729 9.9982E-05 9.9982E-05 0.165091 0.489263 0.0644902 0.223783
0.116872 0.109173 0.0728222 0.192985 0.507948 9.9982E-05 9.9982E-05
0.180965 0.267437 9.9964E-05 9.9964E-05 9.9964E-05 9.9964E-05 0.551198
0.0880964 9.9991E-05 0.0719571 0.152497 0.539669 0.0891154 0.0585655
0.0976384 0.461979 9.9973E-05 9.9973E-05 0.0890119 9.9973E-05 0.351071
0.154534 9.9982E-05 9.9982E-05 0.225617 0.442012 0.119747 0.0578899
0.208611 9.9982E-05 0.0347439 0.186204 0.446616 0.123625 9.9982E-05
0.168418 9.9973E-05 9.9973E-05 0.245602 0.42688 0.1588 9.9973E-05
0.170938 9.9991E-05 0.000734354 0.096617 0.353074 0.0647131 0.313823
0.176765 9.9964E-05 9.9964E-05 0.351901 0.470934 9.9964E-05 9.9964E-05
0.17704 9.9973E-05 9.9973E-05 9.9973E-05 0.510144 0.166887 0.145629
0.267334 0.119507 9.9973E-05 0.0106965 9.9973E-05 9.9973E-05 0.602163
0.297891 9.9982E-05 9.9982E-05 0.176661 0.23719 0.226303 0.0617552
0.426388 0.0150281 9.9982E-05 0.119143 0.388605 9.9982E-05 0.0506365
9.9982E-05 9.9982E-05 0.0585683 0.258621 0.557829 0.0480457 0.0767354
0.189891 0.0225754 0.0771394 0.195014 0.51518 9.9982E-05 9.9982E-05
9.9973E-05 9.9973E-05 9.9973E-05 0.275525 0.542721 0.0290497 0.152404
9.9982E-05 9.9982E-05 0.0473406 0.0907725 0.676249 0.146431 0.0390068
0.150174 9.9982E-05 9.9982E-05 0.360859 0.323928 0.0621764 0.102663
0.202584 9.9973E-05 0.0495829 0.12895 0.618582 9.9973E-05 9.9973E-05
0.291263 0.440478 0.00997477 0.145393 9.9982E-05 9.9982E-05 0.11269
0.0697491 0.00783954 9.9982E-05 0.323714 0.360733 0.237764 9.9982E-05
0.110373 0.20395 9.9982E-05 0.177503 0.0243915 9.9982E-05 0.483583
0.145322 0.280091 9.9991E-05 0.0821753 0.0978627 0.177331 0.217118
9.9973E-05 0.17968 9.9973E-05 9.9973E-05 0.646949 0.0463271 0.126744
0.19214 0.166111 9.9991E-05 0.000691673 0.0724497 0.0296991 0.538809
9.9982E-05 0.0419812 9.9982E-05 0.0165742 0.740021 0.0401123 0.161111
0.143395 0.208155 9.9991E-05 0.245468 0.0525266 0.0845582 0.265798
0.198603 9.9991E-05 0.0561288 0.0225151 0.689394 0.0229207 0.0103377
0.276974 0.11334 9.9982E-05 9.9982E-05 0.327804 0.207518 0.0741635
9.9964E-05 0.348922 9.9964E-05 9.9964E-05 0.0859673 9.9964E-05 0.564711
9.9973E-05 0.57208 9.9973E-05 9.9973E-05 0.0570594 0.124324 0.246237
0.137825 0.0336383 9.9991E-05 0.0404053 0.630089 0.0741847 0.0837574
0.227234 0.0218294 9.9982E-05 0.232073 0.388059 9.9982E-05 0.130605
0.092431 9.9973E-05 9.9973E-05 0.243009 0.381716 0.282544 9.9973E-05
9.9982E-05 0.359567 9.9982E-05 0.0204038 0.0809499 0.143479 0.395401
0.226542 0.219901 0.0732982 0.286808 9.9991E-05 0.0103876 0.182963
0.190082 0.163065 9.9991E-05 0.226456 0.0770232 0.294584 0.0486898
0.275922 9.9973E-05 9.9973E-05 0.0696726 0.549056 9.9973E-05 0.105049
9.9982E-05 0.149937 9.9982E-05 0.319192 0.436394 0.0731819 0.0210947
0.0597432 0.159696 9.9982E-05 0.143701 9.9982E-05 0.15499 0.48167
0.15317 9.9973E-05 9.9973E-05 0.389053 0.198175 0.259302 9.9973E-05
0.133992 0.0155403 0.0136181 0.558262 0.106455 0.172032 9.9991E-05
0.106318 9.9982E-05 9.9982E-05 0.167223 0.414231 0.155368 0.156661
0.213196 9.9982E-05 9.9982E-05 0.210006 0.187142 0.182056 0.2074
0.116454 0.0918873 9.9982E-05 0.242632 0.173616 0.375211 9.9982E-05
0.354648 0.295255 9.9991E-05 0.161014 0.0212765 0.0600847 0.107621
0.0827149 9.9982E-05 9.9982E-05 0.111219 0.532434 0.141058 0.132374
0.123109 0.136642 0.095833 0.131872 0.219187 9.9991E-05 0.293257
0.146837 0.0227453 0.00363988 0.306077 0.286271 0.234329 9.9991E-05
0.0943325 0.540052 9.9964E-05 9.9964E-05 9.9964E-05 9.9964E-05 0.365216
0.343384 0.182539 0.0281911 9.9991E-05 0.237168 0.0385 0.170118
0.019016 9.9964E-05 9.9964E-05 0.453271 0.527313 9.9964E-05 9.9964E-05
9.9964E-05 9.9964E-05 9.9964E-05 0.37349 0.282834 0.343276 9.9964E-05
0.138842 0.0674705 0.00854337 0.00985098 0.504888 0.106782 0.163623
0.417515 0.228465 9.9973E-05 0.157505 0.196214 9.9973E-05 9.9973E-05
0.00270445 0.130246 9.9991E-05 0.170418 0.372589 0.0583398 0.265603
9.9973E-05 0.465626 9.9973E-05 0.0776782 9.9973E-05 0.125761 0.330635
0.188027 0.445147 9.9964E-05 9.9964E-05 9.9964E-05 9.9964E-05 0.366427
0.114168 0.0662788 9.9982E-05 0.141671 0.512233 0.165449 9.9982E-05
0.136767 0.609179 9.9964E-05 9.9964E-05 9.9964E-05 9.9964E-05 0.253654
0.34473 9.9991E-05 0.0302793 0.0861889 0.382615 0.0591836 0.0969031
9.9973E-05 0.410929 9.9973E-05 0.0454083 9.9973E-05 0.00671409 0.536648
0.130964 9.9991E-05 0.00344323 0.279077 0.55997 0.0230139 0.00343176
0.429941 9.9973E-05 9.9973E-05 0.261634 0.0779178 9.9973E-05 0.230207
0.163289 0.0155021 9.9982E-05 0.363449 0.285362 0.172198 9.9982E-05
0.20426 0.231627 9.9973E-05 9.9973E-05 9.9973E-05 0.0105713 0.553242
0.160093 9.9982E-05 0.0588274 0.464617 0.222592 0.0936697 9.9982E-05
0.0638622 0.0398449 9.9991E-05 0.397463 0.391616 0.0272504 0.079864
0.104546 0.268104 0.00748293 0.110746 0.309216 0.167458 0.0324476
0.273116 9.9973E-05 0.160289 0.16919 0.397106 9.9973E-05 9.9973E-05
0.112539 9.9991E-05 0.061165 0.267028 0.346204 0.114771 0.0981933
9.9982E-05 0.23956 0.0262577 0.0726979 0.456639 9.9982E-05 0.204645
0.0412099 9.9991E-05 0.00623877 0.161272 0.635602 0.0630538 0.0925241
0.085486 0.000709631 9.9991E-05 0.171571 0.0574746 0.485067 0.199592
0.358593 0.0534934 9.9991E-05 0.26449 0.223268 0.0722625 0.0277933
9.9982E-05 0.0807227 0.0334375 0.143369 0.557305 0.184966 9.9982E-05
0.249833 9.9964E-05 9.9964E-05 0.664329 0.0854383 9.9964E-05 9.9964E-05
0.2998 9.9964E-05 9.9964E-05 9.9964E-05 0.533019 0.166781 9.9964E-05
0.11618 0.00573394 9.9982E-05 0.503894 0.30704 9.9982E-05 0.0669525
0.102591 9.9982E-05 9.9982E-05 0.37859 0.48769 0.00720723 0.0237213
0.183213 9.9973E-05 9.9973E-05 0.279565 0.526146 0.0107758 9.9973E-05
0.341878 9.9982E-05 9.9982E-05 0.393666 0.103148 0.0503857 0.110722
0.256882 0.00147259 9.9991E-05 0.118128 0.210798 0.0953774 0.317241
0.398057 0.0810097 9.9973E-05 9.9973E-05 0.410389 9.9973E-05 0.110244
0.0523078 0.43602 9.9973E-05 9.9973E-05 0.0486516 9.9973E-05 0.462721
0.26928 0.0281357 9.9982E-05 9.9982E-05 0.288715 0.182291 0.231379
0.392908 9.9982E-05 9.9982E-05 0.225497 0.0570892 0.312941 0.0113645
0.0829827 0.235472 9.9991E-05 0.051942 0.220913 0.0323481 0.376242
0.179433 0.00668022 9.9982E-05 0.261346 0.435448 0.116893 9.9982E-05
0.0811935 0.0747128 9.9982E-05 0.109772 0.526643 9.9982E-05 0.207478
0.456895 0.00331307 0.0345899 9.9982E-05 0.061742 9.9982E-05 0.44326
9.9964E-05 0.443055 9.9964E-05 0.0627701 9.9964E-05 9.9964E-05 0.493775
0.142821 0.0758694 9.9991E-05 0.168576 0.49156 0.106033 0.0150406
0.445985 0.0348277 0.0274576 9.9982E-05 0.344424 0.147106 9.9982E-05
0.0521364 9.9982E-05 9.9982E-05 0.440544 0.204427 0.171585 0.131108
9.9982E-05 0.0162407 9.9982E-05 0.105383 0.441488 0.109571 0.327116
0.292407 0.114339 9.9982E-05 0.139106 9.9982E-05 0.0467421 0.407207
0.0365125 9.9982E-05 9.9982E-05 0.318645 0.445503 0.0624757 0.136663
0.0866139 0.0674066 0.0220802 0.224804 0.50759 0.0914048 9.9991E-05
9.9973E-05 9.9973E-05 0.0194261 0.32744 0.482387 9.9973E-05 0.170448
0.0891449 9.9982E-05 0.0486905 9.9982E-05 0.660037 0.196157 0.00577036
0.217621 0.246755 9.9973E-05 9.9973E-05 9.9973E-05 0.00443995 0.530884
0.222989 0.195277 0.130602 9.9982E-05 0.0833062 9.9982E-05 0.367626
0.0494207 9.9982E-05 9.9982E-05 0.558575 0.220647 0.129818 0.0413389
0.264274 9.9982E-05 0.00470275 0.185383 0.492046 9.9982E-05 0.0533947
0.0139536 9.9982E-05 9.9982E-05 0.125235 0.592179 0.248076 0.0203568
0.308694 0.246786 9.9982E-05 0.0941948 0.143734 9.9982E-05 0.20639
0.0266541 0.51615 9.9964E-05 9.9964E-05 9.9964E-05 9.9964E-05 0.456796
0.198089 0.252099 9.9973E-05 9.9973E-05 0.402494 9.9973E-05 0.147018
0.0781814 9.9982E-05 9.9982E-05 0.164373 0.524183 0.0725954 0.160467
9.9964E-05 9.9964E-05 9.9964E-05 0.393933 0.42028 9.9964E-05 0.185387
9.9973E-05 9.9973E-05 9.9973E-05 0.540107 0.299663 0.135039 0.0248915
9.9973E-05 9.9973E-05 9.9973E-05 0.371208 0.361769 0.180264 0.0864596
0.00512723 0.623875 9.9973E-05 9.9973E-05 9.9973E-05 0.0365493 0.334148
9.9973E-05 9.9973E-05 0.0996361 0.20141 0.650766 9.9973E-05 0.0478874
0.0778052 9.9973E-05 9.9973E-05 0.306263 0.280025 0.335606 9.9973E-05
9.9973E-05 0.0952406 9.9973E-05 0.143354 0.723547 9.9973E-05 0.0375584
0.212701 0.159693 9.9982E-05 0.0501588 0.108214 9.9982E-05 0.469034
0.0461827 0.0367669 9.9982E-05 0.114076 0.586065 0.216709 9.9982E-05
0.274247 0.00543713 0.0161627 0.00652182 0.500292 0.177799 0.0195412
9.9982E-05 9.9982E-05 0.108404 0.293282 0.52645 0.0157893 0.0558753
0.15004 9.9982E-05 9.9982E-05 0.246095 0.457441 0.0153796 0.130845
0.0147884 0.252325 9.9982E-05 9.9982E-05 0.194543 0.0905516 0.447592
0.0160809 0.569214 9.9973E-05 9.9973E-05 9.9973E-05 0.108464 0.305941
0.29203 9.9973E-05 9.9973E-05 0.361203 0.131627 0.21484 9.9973E-05
0.0356908 9.9991E-05 0.0785647 0.523117 0.187714 0.117647 0.0571669
0.0679662 0.0107479 9.9991E-05 0.271485 0.423401 0.208595 0.0177052
0.309561 9.9973E-05 9.9973E-05 0.109723 0.238818 0.341597 9.9973E-05
0.199914 0.128447 9.9991E-05 0.0635035 0.269273 0.0372725 0.30149
0.126997 9.9991E-05 0.0599111 0.249075 0.180978 0.231999 0.150939
0.00656882 0.115637 9.9991E-05 0.178345 0.492269 0.0766181 0.130462
0.39774 9.9964E-05 9.9964E-05 0.58852 9.9964E-05 0.0133408 9.9964E-05
0.169867 0.294435 9.9991E-05 0.0488473 0.125847 0.12214 0.238764
0.118184 0.0747986 9.9982E-05 9.9982E-05 0.410407 0.13347 0.26294
0.367817 0.0274561 9.9973E-05 0.532293 9.9973E-05 9.9973E-05 0.0721346
0.0690166 0.246172 0.00730051 0.218669 0.0690437 9.9991E-05 0.389699
0.0451135 0.0259567 9.9991E-05 0.0473216 0.605971 0.0753812 0.200156
0.171398 0.0929508 0.0120438 0.173778 0.16816 0.0224945 0.359175
0.204881 0.158975 9.9991E-05 0.081926 0.354757 0.106764 0.0925973
0.512888 0.0529856 0.00538789 0.136212 0.177123 0.0631923 0.0522112
0.0292212 0.343167 0.0552774 0.0537369 9.9991E-05 0.102609 0.415888
0.179493 0.0291125 9.9991E-05 0.105315 0.308047 0.025382 0.352551
0.315898 0.209028 9.9982E-05 0.122932 0.178801 0.173141 9.9982E-05
9.9973E-05 9.9973E-05 9.9973E-05 0.274909 0.254175 0.363292 0.107323
9.9973E-05 9.9973E-05 0.0137568 0.801221 0.116006 9.9973E-05 0.0687159
0.087418 0.0184631 0.0726777 0.423613 0.314834 0.0828947 9.9991E-05
0.289663 9.9982E-05 9.9982E-05 0.0803844 0.481323 0.121694 0.0267352
9.9973E-05 0.224172 9.9973E-05 9.9973E-05 0.600692 0.118631 0.0562062
9.9973E-05 0.347352 9.9973E-05 9.9973E-05 0.193992 0.0780343 0.380322
0.166732 0.122508 0.0635782 0.160774 0.151527 0.0449119 0.289968
0.296099 9.9982E-05 0.0537403 0.224953 0.211812 0.213195 9.9982E-05
0.304433 9.9982E-05 0.0826459 0.179835 0.344875 0.0880105 9.9982E-05
0.0627891 0.407471 9.9973E-05 9.9973E-05 9.9973E-05 0.100846 0.428594
0.213386 9.9982E-05 0.0713375 0.174444 0.450249 0.0903838 9.9982E-05
0.159752 9.9982E-05 0.0462739 0.331509 0.393174 0.0690912 9.9982E-05
0.0485273 0.0116363 0.071195 0.160092 0.400628 0.0475781 0.260344
0.225081 9.9982E-05 9.9982E-05 0.177098 0.312058 0.231672 0.0538907
0.358628 0.155519 9.9982E-05 0.140504 0.222353 0.122796 9.9982E-05
0.131098 9.9991E-05 0.00414415 0.0875841 0.3452 0.222838 0.209036
0.158353 9.9982E-05 0.034098 0.420783 0.159534 9.9982E-05 0.227032
0.0361719 9.9973E-05 9.9973E-05 0.35572 0.57096 0.0368476 9.9973E-05
0.0621545 9.9991E-05 0.0258054 0.34431 0.522899 0.0233358 0.0213954
0.304857 9.9982E-05 9.9982E-05 0.22386 0.119208 0.165539 0.186336
0.196117 0.201662 9.9982E-05 9.9982E-05 0.0462286 0.186811 0.368982
0.344228 0.0656821 9.9982E-05 0.277008 0.124598 9.9982E-05 0.188284
0.469946 0.0036143 0.0223934 0.289792 9.9982E-05 0.214054 9.9982E-05
0.203358 9.9991E-05 0.104901 0.182396 0.10961 0.0229387 0.376696
0.340397 9.9964E-05 9.9964E-05 9.9964E-05 0.567046 9.9964E-05 0.0921567
0.0598394 0.621464 0.00705672 9.9973E-05 9.9973E-05 9.9973E-05 0.31134
0.40256 9.9973E-05 9.9973E-05 9.9973E-05 0.266108 0.213864 0.117168
0.422256 0.098289 9.9991E-05 0.189796 0.0540595 0.0281478 0.207352
0.332146 9.9991E-05 0.0668662 0.384213 0.0587632 0.134149 0.0237623
0.229409 0.0732921 9.9991E-05 0.136837 0.355509 0.0670861 0.137766
0.133761 0.189477 0.0307061 9.9991E-05 0.15984 0.0419571 0.44416
0.107697 0.328952 9.9991E-05 0.162391 0.28273 0.04588 0.0722503
9.9973E-05 0.176126 0.0246633 9.9973E-05 0.317535 9.9973E-05 0.481375
0.310467 9.9964E-05 9.9964E-05 0.113031 0.576102 9.9964E-05 9.9964E-05
0.119732 0.262754 9.9973E-05 9.9973E-05 9.9973E-05 0.055106 0.562108
0.130226 0.0866049 9.9991E-05 0.118719 0.133335 0.124901 0.406114
0.0413297 0.0503426 0.0451393 0.219455 0.439139 0.200643 0.00395119
0.0325314 0.744912 9.9964E-05 9.9964E-05 9.9964E-05 9.9964E-05 0.222157
0.316389 0.21565 9.9982E-05 9.9982E-05 0.184299 0.0132295 0.270232
0.434419 9.9991E-05 0.00293113 0.117158 0.295679 0.107634 0.04208
0.311745 0.135565 9.9982E-05 0.0118166 0.290026 9.9982E-05 0.250647
9.9982E-05 0.122304 9.9982E-05 0.18577 0.458907 0.197495 0.0353246
0.11337 9.9982E-05 9.9982E-05 0.062727 0.597121 0.217252 0.00932943
0.168459 0.101827 9.9982E-05 9.9982E-05 0.348897 0.16444 0.216176
9.9973E-05 9.9973E-05 9.9973E-05 0.477507 0.396422 0.0756568 0.0501149
0.2245 9.9964E-05 9.9964E-05 0.24763 0.527471 9.9964E-05 9.9964E-05
0.137964 9.9991E-05 0.0165177 0.198166 0.303712 0.303492 0.0400471
0.328194 0.0719421 9.9991E-05 0.0585516 0.183361 0.233027 0.124824
9.9982E-05 0.156918 9.9982E-05 0.195854 0.396654 0.122194 0.128181
0.0739093 9.9982E-05 0.140112 0.170238 0.436285 0.179256 9.9982E-05
0.188993 9.9973E-05 9.9973E-05 0.113757 0.553653 9.9973E-05 0.143297
0.272438 0.0180917 0.104691 0.237519 0.16522 0.201941 9.9991E-05
0.133753 9.9982E-05 9.9982E-05 0.212106 0.297058 0.340527 0.0163561
0.165885 0.11662 9.9991E-05 0.239209 0.0608172 0.22084 0.196529
9.9973E-05 9.9973E-05 9.9973E-05 0.41913 0.511496 0.039462 0.0296119
0.257792 0.0245657 9.9982E-05 0.418166 0.132053 0.167223 9.9982E-05
0.16672 9.9991E-05 0.106472 0.183414 0.274222 0.256915 0.0121576
0.0741053 0.0253856 0.147252 0.467787 0.132153 0.153217 9.9991E-05
0.199654 9.9982E-05 0.147806 0.191289 0.122541 9.9982E-05 0.33851
9.9973E-05 0.0348321 0.00689755 0.521304 0.436666 9.9973E-05 9.9973E-05
0.307121 0.0706803 9.9991E-05 0.0349157 0.22321 0.263229 0.100744
0.174282 0.0334643 9.9982E-05 0.271252 0.388759 0.132042 9.9982E-05
9.9982E-05 9.9982E-05 0.0290047 0.366644 0.543197 0.0386691 0.0222846
0.093066 9.9991E-05 0.0545322 0.228489 0.473835 0.113512 0.0364662
0.0246267 0.00852909 9.9991E-05 0.390043 0.0606574 0.0663647 0.449679
0.220044 0.204304 9.9982E-05 0.199869 0.178689 9.9982E-05 0.196894
9.9964E-05 9.9964E-05 9.9964E-05 0.048641 0.919341 9.9964E-05 0.0316181
9.9973E-05 0.0248232 9.9973E-05 0.436719 0.396889 0.141268 9.9973E-05
0.0588385 9.9982E-05 0.124402 0.0505089 0.717144 0.0489064 9.9982E-05
0.22876 9.9991E-05 0.0451556 0.31877 0.285264 0.108117 0.0138341
0.394296 0.000343104 9.9991E-05 0.165807 0.0974911 0.0189793 0.322984
0.335309 9.9991E-05 0.063589 0.221668 0.028134 0.0220464 0.329153
0.19336 9.9991E-05 0.104747 0.344597 0.178368 0.170126 0.00870278
0.239909 0.3609 9.9982E-05 0.232611 0.0160893 9.9982E-05 0.150291
0.0659584 0.0457829 0.00487159 9.9991E-05 0.507285 0.183317 0.192685
0.370696 0.0249749 0.0183669 0.112621 0.150726 0.211456 0.11116
0.251722 0.45792 0.0221524 0.0267037 9.9982E-05 9.9982E-05 0.241302
0.360939 0.00154908 0.0167792 0.0876309 0.286465 0.246538 9.9991E-05
0.178262 0.0710114 0.00235324 0.399729 0.290566 0.0579785 9.9991E-05
0.18504 0.0307962 9.9973E-05 0.10059 0.683274 9.9973E-05 9.9973E-05
0.0839484 9.9982E-05 0.0205115 0.183719 0.572261 0.13936 9.9982E-05
0.33723 9.9991E-05 0.0872722 0.266019 0.0874837 0.184917 0.0369774
0.300697 9.9982E-05 0.00377053 0.148548 0.498602 0.0481822 9.9982E-05
0.0869353 9.9991E-05 0.00544933 0.0568584 0.691062 0.121895 0.0377003
9.9973E-05 9.9973E-05 9.9973E-05 0.381721 0.465256 0.0667339 0.0859894
0.231468 0.169277 9.9991E-05 0.149327 0.177992 0.228172 0.0436638
0.105829 9.9973E-05 0.0046584 0.535295 0.353918 9.9973E-05 9.9973E-05
0.00644918 9.9982E-05 9.9982E-05 0.494279 0.320434 0.0976584 0.0809802
0.551605 9.9964E-05 9.9964E-05 9.9964E-05 9.9964E-05 0.315432 0.132563
0.117874 9.9973E-05 9.9973E-05 0.426852 0.296725 9.9973E-05 0.158249
0.0323671 9.9982E-05 9.9982E-05 0.328154 0.369105 0.162795 0.107379
0.110746 0.184244 9.9991E-05 0.128675 0.352971 0.0270726 0.196192
0.175002 0.0793914 9.9991E-05 0.08713 0.355642 0.0270302 0.275705
0.0266597 9.9982E-05 9.9982E-05 0.133647 0.617284 0.155404 0.0668046
0.0446608 0.185275 9.9982E-05 0.0702525 0.276349 9.9982E-05 0.423262
0.303564 9.9982E-05 9.9982E-05 0.115416 0.358098 0.124286 0.0984362
0.22544 0.007355 9.9973E-05 9.9973E-05 0.479426 9.9973E-05 0.287478
0.0503715 0.0774636 0.104589 0.139473 0.559334 0.0686688 9.9991E-05
0.717665 9.9973E-05 9.9973E-05 9.9973E-05 0.072715 0.0674717 0.141848
0.142785 0.0829171 0.00933463 0.104131 0.183301 0.20941 0.268122
0.133911 0.13612 9.9991E-05 0.0435495 0.202555 0.0281298 0.455634
0.281822 0.0179411 9.9982E-05 0.0225295 0.553431 0.124077 9.9982E-05
0.206616 9.9973E-05 9.9973E-05 0.501304 0.284153 0.00762677 9.9973E-05
0.058034 0.19642 9.9991E-05 0.0576178 0.30693 0.132083 0.248816
0.235103 9.9991E-05 0.0457234 0.463248 0.199408 0.0131905 0.0432279
0.220324 0.0450773 0.0746752 0.157663 0.50206 9.9982E-05 9.9982E-05
9.9973E-05 0.470363 9.9973E-05 0.0141259 9.9973E-05 0.037718 0.477493
0.201071 9.9973E-05 0.0836192 0.311875 0.403135 9.9973E-05 9.9973E-05
0.212429 9.9973E-05 9.9973E-05 0.0315455 0.710969 0.0447565 9.9973E-05
0.0802304 9.9982E-05 0.0396904 0.0600302 0.647495 9.9982E-05 0.172354
0.0831024 9.9982E-05 9.9982E-05 0.0560996 0.390672 0.302651 0.167275
0.0960422 0.0659849 9.9982E-05 0.302461 0.524256 0.0110563 9.9982E-05
0.131946 9.9982E-05 9.9982E-05 0.388723 0.382697 0.0714049 0.0250293
0.107853 0.0153609 9.9991E-05 0.0295954 0.642112 0.146999 0.0579799
0.158146 9.9982E-05 9.9982E-05 0.103735 0.412383 0.132123 0.193413
0.239512 0.249282 0.127836 9.9982E-05 0.145233 9.9982E-05 0.237937
0.2132 9.9982E-05 9.9982E-05 0.155458 0.37676 0.196889 0.0574927
9.9955E-05 9.9955E-05 9.9955E-05 0.370675 0.628825 9.9955E-05 9.9955E-05
0.298036 9.9982E-05 9.9982E-05 0.161823 0.135547 0.179832 0.224563
0.0211912 0.0739979 9.9991E-05 0.0640305 0.340338 0.0672793 0.433063
0.023311 9.9991E-05 0.00750578 0.697545 0.147543 0.123527 0.000468528
0.174152 0.0290651 9.9982E-05 0.0546569 0.520582 9.9982E-05 0.221344
0.0223888 0.0626693 0.0273181 0.204326 0.647926 0.0352724 9.9991E-05
0.166336 0.282016 9.9991E-05 0.0772577 0.361722 0.0886187 0.0239498
0.229939 9.9991E-05 0.0534561 0.0661875 0.31952 0.179674 0.151123
0.280515 0.077121 9.9973E-05 0.186773 9.9973E-05 9.9973E-05 0.455291
9.9973E-05 0.009223 9.9973E-05 0.208036 0.441381 9.9973E-05 0.34106
0.170322 0.0273671 0.0105682 0.229247 0.289322 0.273073 9.9991E-05
0.110354 0.0140654 9.9991E-05 0.217494 0.243026 0.0947363 0.320224
0.167039 9.9973E-05 9.9973E-05 0.531604 0.260361 9.9973E-05 0.0406962
0.160418 0.02324 9.9991E-05 0.286095 0.444772 0.0768411 0.00853393
0.375721 9.9982E-05 9.9982E-05 0.116203 0.25911 0.178362 0.0704047
0.116605 0.00630534 0.0273253 0.267337 0.14494 0.0696811 0.367807
0.434837 9.9982E-05 9.9982E-05 0.186786 0.199152 0.149844 0.0291804
0.21185 0.00875286 0.0112498 0.168197 0.359716 0.240134 9.9991E-05
0.0521043 0.0260228 0.00756234 0.316924 0.597186 9.9982E-05 9.9982E-05
9.9973E-05 0.243471 9.9973E-05 9.9973E-05 0.263134 0.0928881 0.400208
0.00826191 0.524936 0.0327551 9.9982E-05 0.113874 9.9982E-05 0.319972
0.193054 0.106202 9.9982E-05 0.176012 0.326242 0.19829 9.9982E-05
0.0490041 9.9982E-05 0.0477589 0.505124 0.252238 9.9982E-05 0.145675
0.373334 0.00688918 0.165524 0.161394 0.270741 9.9991E-05 0.0220169
0.480706 0.0268032 9.9982E-05 9.9982E-05 0.287248 0.113806 0.0912379
0.153734 9.9991E-05 0.0800634 0.0177835 0.217202 0.20582 0.325297
9.9964E-05 9.9964E-05 9.9964E-05 0.467097 0.367156 9.9964E-05 0.165346
0.0884697 9.9973E-05 9.9973E-05 0.409723 0.337308 0.1642 9.9973E-05
0.134297 9.9991E-05 0.0500999 0.0625479 0.40364 0.30703 0.0422849
0.00581916 0.0884087 9.9982E-05 0.193044 0.46869 0.243838 9.9982E-05
0.0200932 9.9973E-05 9.9973E-05 0.240402 0.529115 0.210091 9.9973E-05
0.0173482 0.0377071 9.9982E-05 0.145099 0.712538 0.0871082 9.9982E-05
0.059395 9.9982E-05 9.9982E-05 0.167662 0.559724 0.162568 0.0504516
0.361736 9.9982E-05 9.9982E-05 0.268144 0.0986485 0.240363 0.0309084
0.192487 0.00848636 0.0093289 0.163444 0.494644 0.131509 9.9991E-05
9.9973E-05 9.9973E-05 9.9973E-05 0.412326 0.361678 0.130382 0.0953144
0.239627 9.9982E-05 0.0126917 0.358796 0.24534 0.143345 9.9982E-05
0.263943 9.9982E-05 0.0142706 9.9982E-05 0.502257 0.186671 0.0326588
0.0318332 0.128716 9.9991E-05 0.397445 0.420808 0.0130363 0.00806113
9.9982E-05 0.153864 0.0321616 9.9982E-05 0.179281 0.0745239 0.559969
0.246249 0.313599 9.9991E-05 0.0356066 0.279364 0.0865069 0.0385747
9.9973E-05 0.335526 9.9973E-05 9.9973E-05 0.0445707 0.00417961 0.615424
0.115605 9.9973E-05 9.9973E-05 0.205653 0.552322 0.12612 9.9973E-05
9.9973E-05 0.392052 9.9973E-05 0.0739576 0.0651166 9.9973E-05 0.468574
0.115934 0.202167 9.9973E-05 9.9973E-05 9.9973E-05 0.108195 0.573404
0.326481 9.9991E-05 0.0245216 0.154216 0.420424 0.0509662 0.0232906
9.9973E-05 9.9973E-05 0.0969077 9.9973E-05 0.667901 0.141789 0.0931026
0.0806182 9.9991E-05 0.0571319 0.43457 0.371904 0.0412816 0.0143943
9.9973E-05 0.373298 9.9973E-05 0.137238 0.0311982 9.9973E-05 0.457966
0.0836953 9.9982E-05 9.9982E-05 0.152851 0.569185 0.189503 0.00456612
0.445879 0.0739825 0.0236455 0.130701 9.9982E-05 9.9982E-05 0.325592
9.9973E-05 0.0868687 9.9973E-05 0.194984 0.560711 0.157137 9.9973E-05
0.0315093 0.5645 9.9982E-05 9.9982E-05 0.0766889 0.0895493 0.237553
0.36227 0.0780069 9.9982E-05 0.433869 0.00518504 0.120469 9.9982E-05
0.00454991 9.9982E-05 9.9982E-05 0.156004 0.5268 0.218243 0.0942029
9.9973E-05 9.9973E-05 9.9973E-05 0.395133 0.529012 0.0478704 0.0276842
0.285946 9.9973E-05 9.9973E-05 0.328796 0.356317 0.0286406 9.9973E-05
9.9973E-05 0.396911 0.0539855 0.19371 9.9973E-05 9.9973E-05 0.355094
0.118882 0.0758393 0.0183706 0.0974609 0.430322 0.0446948 0.214431
0.250194 0.299617 9.9982E-05 9.9982E-05 0.247385 0.172367 0.0302362
0.0365819 9.9991E-05 0.133293 0.205531 0.453624 0.0718498 0.0990199
0.0830229 0.398533 9.9982E-05 9.9982E-05 0.219924 0.0532299 0.24509
0.220709 0.0597614 0.105357 0.118588 0.239826 0.255659 9.9991E-05
0.393074 0.133982 0.0663779 9.9991E-05 0.083048 0.100851 0.222566
0.176312 0.00468195 9.9982E-05 0.239183 0.339512 0.240112 9.9982E-05
0.546565 0.00996357 0.0189511 9.9991E-05 0.259771 0.0930653 0.0715845
0.0203608 0.355277 0.0358568 0.0903024 0.369768 9.9991E-05 0.128335
0.102481 9.9982E-05 0.091397 0.595443 0.198894 0.0115856 9.9982E-05
9.9973E-05 9.9973E-05 9.9973E-05 0.49034 0.31997 0.12502 0.0643692
0.17343 9.9973E-05 9.9973E-05 0.476376 0.158597 0.191297 9.9973E-05
9.9982E-05 0.0198171 0.0807836 0.0255 0.663627 0.210073 9.9982E-05
0.38397 0.20731 9.9982E-05 9.9982E-05 0.292743 0.0572927 0.0584838
0.223366 9.99832E-05 0.155062 0.144788 0.441529 9.99832E-05 0.0350545
0.059186 9.9973E-05 9.9973E-05 0.186622 0.611881 0.14201 9.9973E-05
0.104767 0.00983713 0.0486663 0.33532 0.487999 9.9991E-05 0.0133101
0.063972 0.163645 0.0116849 0.0758009 0.23946 0.00403984 0.441398
0.201272 0.0567408 9.9991E-05 0.36318 0.122166 0.0413806 0.215161
9.9982E-05 0.0634656 0.0354935 0.275031 0.589838 0.0359719 9.9982E-05
0.401152 9.9973E-05 9.9973E-05 0.304025 9.9973E-05 0.203987 0.0905362
0.155278 0.143154 0.0850088 0.113154 0.374671 0.0513462 0.0773873
0.254052 9.9991E-05 0.0806625 0.12798 0.340236 0.0378167 0.159153
0.285514 0.200557 0.00896831 0.00534323 0.164229 0.170919 0.164469
0.383124 9.9982E-05 9.9982E-05 0.215378 0.00845787 0.295618 0.0972234
0.0524313 0.125927 9.9982E-05 9.9982E-05 0.441673 0.0502821 0.329486
9.9964E-05 9.9964E-05 9.9964E-05 0.452007 0.429877 0.117716 9.9964E-05
0.0712953 0.00975857 9.9982E-05 0.341536 0.517749 0.0594618 9.9982E-05
0.0178767 9.9982E-05 9.9982E-05 0.133135 0.665614 0.170236 0.0129386
9.9973E-05 9.9973E-05 0.0518655 0.364878 0.431306 9.9973E-05 0.151651
0.0779833 9.9982E-05 0.0163973 0.224613 0.439306 0.2415 9.9982E-05
0.0819755 0.0406692 9.9982E-05 0.297383 0.362648 0.217125 9.9982E-05
0.362344 0.177036 9.9982E-05 9.9982E-05 0.330216 0.0980702 0.0321336
0.524866 9.9982E-05 0.00976611 9.9982E-05 0.315745 0.0653106 0.0841123
0.137187 9.9982E-05 9.9982E-05 0.17707 0.568512 0.100941 0.0160898
9.9964E-05 9.9964E-05 9.9964E-05 0.0309619 0.729159 9.9964E-05 0.239479
0.386875 0.0301759 0.0305345 0.123659 0.428556 9.9982E-05 9.9982E-05
0.454984 0.080977 0.00945931 9.9991E-05 0.115764 0.19358 0.145136
0.0870264 0.00690564 0.0262006 0.358742 0.241034 0.279991 9.9991E-05
9.9982E-05 9.9982E-05 0.0385737 0.250401 0.456178 0.169068 0.0855792
0.166025 0.484853 9.9982E-05 0.0874911 0.0202906 9.9982E-05 0.24114
9.9982E-05 0.373877 9.9982E-05 0.204015 0.0392442 0.103749 0.278915
0.0429521 9.9991E-05 0.0483318 0.153026 0.66483 0.0829961 0.0077639
9.9964E-05 9.9964E-05 0.270604 9.9964E-05 0.393908 0.335088 9.9964E-05
0.0257338 9.9973E-05 0.619354 0.205379 9.9973E-05 9.9973E-05 0.149233
9.9982E-05 9.9982E-05 0.462389 0.202919 0.123326 0.00689793 0.204268
0.0441267 9.9982E-05 0.0169802 0.340699 0.330601 0.267393 9.9982E-05
9.9973E-05 9.9973E-05 0.434896 0.110502 0.184618 0.269683 9.9973E-05
9.9973E-05 9.9973E-05 0.38657 9.9973E-05 0.176263 0.397274 0.039593
0.140501 0.0269555 0.396392 9.9982E-05 0.246206 0.189747 9.9982E-05
9.9973E-05 9.9973E-05 0.413537 0.112684 9.9973E-05 0.418872 0.0546071
0.0816134 0.00897659 0.356497 0.0126193 0.187923 0.337687 0.0146833
0.0567191 0.0220768 0.266906 0.0978971 0.232172 0.313883 0.0103453
0.296844 9.9982E-05 0.27066 0.0165059 0.387863 0.0279266 9.9982E-05
0.0494916 0.0250425 0.432807 9.9982E-05 0.252104 0.240355 9.9982E-05
0.21635 9.9982E-05 0.219211 0.0110409 0.446462 0.106736 9.9982E-05
9.9982E-05 9.9982E-05 0.257437 0.308565 0.0205468 0.389396 0.0238547
9.9973E-05 9.9973E-05 0.344666 0.257335 0.122247 0.275452 9.9973E-05
0.149078 0.0733412 0.602538 0.00688585 0.0627472 0.10531 9.9991E-05
0.0747433 9.9982E-05 0.379385 0.103312 0.342535 0.099825 9.9982E-05
0.182282 9.9991E-05 0.252664 0.243387 0.0200367 0.271434 0.0300974
9.9973E-05 0.346178 0.0902757 0.0765583 9.9973E-05 9.9973E-05 0.486688
9.9982E-05 0.0436271 0.170825 0.0780737 0.282489 0.424786 9.9982E-05
0.0582006 9.9982E-05 0.221211 0.0522971 0.122794 0.545297 9.9982E-05
0.0660293 0.140014 0.0849888 0.214921 0.394782 0.0991645 9.9991E-05
9.9973E-05 9.9973E-05 0.532752 0.0803228 9.9973E-05 0.363317 0.0233079
0.0526165 9.9973E-05 0.289988 0.125428 9.9973E-05 0.531668 9.9973E-05
0.343598 0.00494006 9.9982E-05 0.102867 0.175378 0.373017 9.9982E-05
9.9982E-05 9.9982E-05 0.427309 0.00546512 0.167379 0.346683 0.0529641
0.12147 9.9982E-05 0.385509 9.9982E-05 0.370287 0.0911927 0.0313412
0.0465482 9.9991E-05 0.275421 0.261835 0.0417591 0.278245 0.0960917
0.0159622 0.00408604 0.374494 0.00825445 0.0588013 0.442908 0.0954943
9.9973E-05 0.126133 0.399328 0.119179 9.9973E-05 0.35506 9.9973E-05
0.0025842 0.0230762 0.585106 0.0956183 0.169469 0.124046 9.9991E-05
9.9964E-05 9.9964E-05 0.647819 0.124281 9.9964E-05 9.9964E-05 0.227499
0.0750592 0.0268904 0.413621 0.0744292 0.21891 0.19099 9.9991E-05
9.9973E-05 9.9973E-05 0.403095 9.9973E-05 0.303489 0.271098 0.022017
0.150685 0.034562 0.416053 0.0242004 0.00923883 0.294137 0.0711235
0.102067 0.0215385 0.350037 0.145651 0.0199086 0.360698 9.9991E-05
0.11533 0.061449 0.308735 0.0525817 9.9991E-05 0.449074 0.0127309
9.9982E-05 0.0069273 0.0575198 0.262076 0.516887 0.156389 9.9982E-05
0.0270554 0.0653026 0.519275 0.100259 0.170678 0.11733 9.9991E-05
9.9982E-05 9.9982E-05 0.365877 0.0131096 0.276155 0.247917 0.096742
0.155137 9.9991E-05 0.309039 0.00841651 0.221399 0.254327 0.051581
0.15423 0.0488435 0.432429 0.0960459 0.178733 0.0896185 9.9991E-05
9.9964E-05 9.9964E-05 0.708578 0.147747 9.9964E-05 9.9964E-05 0.143276
0.0346203 9.9991E-05 0.01239 0.329647 0.388176 0.232436 0.00263046
9.9982E-05 9.9982E-05 0.495273 0.0164056 0.178046 0.205967 0.104109
0.402483 0.0379189 9.9991E-05 0.00195696 0.247858 0.186226 0.123457
0.136076 0.0420948 0.071104 0.479876 0.147855 0.122894 9.9991E-05
0.124986 0.0134759 0.0196607 9.9991E-05 0.490284 0.332838 0.0186556
0.043235 0.00564146 0.324901 0.0103379 0.0997238 0.516061 9.9991E-05
9.9982E-05 0.00897615 0.207662 0.0945666 0.12464 0.563955 9.9982E-05
9.9973E-05 9.9973E-05 0.354615 9.9973E-05 0.0943178 0.476224 0.0745433
0.095056 0.0499374 0.280049 0.111489 0.193703 0.269666 9.9991E-05
9.9991E-05 0.0362497 0.258087 0.207903 0.0618953 0.396786 0.038979
9.9982E-05 0.0871806 0.320144 0.0367593 0.221463 0.334253 9.9982E-05
0.0170399 9.9982E-05 0.293522 0.177399 0.258246 0.253593 9.9982E-05
9.9973E-05 0.0250842 0.574043 0.250871 9.9973E-05 0.149701 9.9973E-05
0.0212965 9.9982E-05 0.482071 9.9982E-05 0.335831 0.124335 0.0362662
9.9982E-05 0.0348232 0.262114 0.570573 0.100286 9.9982E-05 0.032004
9.9982E-05 0.00824528 0.568533 0.0407314 0.205174 0.177116 9.9982E-05
9.9982E-05 0.0581159 0.553239 0.0405917 0.215656 0.132197 9.9982E-05
9.9982E-05 0.0754504 0.493707 0.244266 0.00447913 0.181897 9.9982E-05
9.9964E-05 9.9964E-05 0.399548 0.203195 9.9964E-05 0.396857 9.9964E-05
0.135083 9.9991E-05 0.0547953 0.282669 0.315198 0.153404 0.0587505
9.9982E-05 0.0212387 0.555782 0.125459 0.192938 0.104383 9.9982E-05
0.198849 9.9982E-05 0.0388278 9.9982E-05 0.428099 0.0663816 0.267643
0.0221605 0.00532976 0.334878 0.039417 0.198116 0.382044 0.0180552
0.0981299 9.9982E-05 0.513882 9.9982E-05 0.253383 0.082706 0.0516988
0.288053 0.0903595 0.0913982 9.9982E-05 0.490367 0.0396224 9.9982E-05
9.9982E-05 0.0862448 0.311031 0.254407 0.0425691 0.305548 9.9982E-05
0.178889 9.9982E-05 0.465851 0.0828203 0.0758995 0.196341 9.9982E-05
9.9955E-05 9.9955E-05 0.477614 0.521886 9.9955E-05 9.9955E-05 9.9955E-05
0.0214417 0.00851371 0.29464 0.0721428 0.189498 0.413664 9.9991E-05
0.033235 9.9991E-05 0.256987 0.229705 0.147275 0.247047 0.0856503
0.0476378 9.9973E-05 0.396973 9.9973E-05 0.273594 0.281495 9.9973E-05
0.0839956 0.0289348 0.474855 0.100274 9.9982E-05 0.311741 9.9982E-05
9.9973E-05 9.9973E-05 0.193258 0.404307 9.9973E-05 0.288445 0.113689
0.0381172 9.9991E-05 0.173465 0.229753 0.413415 0.12959 0.0155594
0.0634256 9.9991E-05 0.359739 0.131715 0.109412 0.295194 0.0404148
0.226616 9.9973E-05 0.297978 9.9973E-05 0.195405 0.279701 9.9973E-05
0.201371 0.531614 0.0695325 9.9973E-05 9.9973E-05 9.9973E-05 0.197183
9.9982E-05 0.0200616 0.452043 0.0323458 0.341947 0.153402 9.9982E-05
0.0250938 0.105577 9.9982E-05 0.129579 0.542639 0.196911 9.9982E-05
0.00352752 9.9973E-05 0.474488 9.9973E-05 9.9973E-05 0.33635 0.185335
9.9973E-05 0.0351763 0.0878456 0.405941 9.9973E-05 0.470738 9.9973E-05
0.109114 0.00462165 0.164473 0.31685 0.301636 0.103204 9.9991E-05
9.9964E-05 9.9964E-05 0.15222 0.248055 0.599325 9.9964E-05 9.9964E-05
0.0309663 0.0131044 0.385364 0.137925 0.286784 0.145757 9.9991E-05
0.0265779 0.00888231 0.458181 0.0594907 0.35957 0.0871979 9.9991E-05
9.9982E-05 9.9982E-05 0.419168 0.183234 0.0182586 0.362775 0.0163651
9.9982E-05 0.0361789 0.454028 0.234072 0.214606 0.0609146 9.9982E-05
0.0878652 9.9991E-05 0.110558 0.264126 0.256224 0.139233 0.141894
0.113565 9.9973E-05 0.293512 0.134669 9.9973E-05 0.457954 9.9973E-05
0.184146 9.9982E-05 0.361849 9.9982E-05 0.143875 0.25666 0.0532701
0.100072 9.9982E-05 0.42194 0.0475871 0.229553 0.200649 9.9982E-05
0.158051 0.0195459 0.00580492 0.0701224 0.683224 0.0631516 9.9991E-05
9.9982E-05 9.9982E-05 0.498136 0.102607 0.0818863 0.221097 0.0960741
0.261646 9.9973E-05 0.391011 9.9973E-05 0.0606623 0.286381 9.9973E-05
9.9982E-05 9.9982E-05 0.337116 0.479405 0.104086 0.0346496 0.0445425
9.9982E-05 9.9982E-05 0.322742 0.406528 0.0300203 0.115418 0.125091
0.270402 9.9982E-05 9.9982E-05 0.103489 0.478275 0.0401304 0.107504
0.0571378 0.589518 9.9973E-05 0.0947342 9.9973E-05 9.9973E-05 0.25831
0.174665 9.9982E-05 0.419111 0.178444 0.0544961 0.173084 9.9982E-05
9.9982E-05 9.9982E-05 0.0937884 0.186642 0.251097 0.466376 0.00189595
9.9982E-05 9.9982E-05 0.331892 0.448442 0.122323 0.0498036 0.0473401
0.0266847 9.9982E-05 0.359832 9.9982E-05 0.18476 0.381424 0.0470994
0.00238103 0.0924078 0.464473 0.0451568 0.103867 0.291614 9.9991E-05
0.0204147 9.9991E-05 0.425078 0.0273241 0.196287 0.30444 0.0263568
0.141007 9.9973E-05 0.513607 9.9973E-05 0.148833 0.196254 9.9973E-05
9.9982E-05 0.0725143 0.589041 0.160876 0.109111 0.0682582 9.9982E-05
9.9973E-05 9.9973E-05 0.502892 9.9973E-05 0.154349 0.236077 0.106382
0.0653607 9.9982E-05 0.418214 0.0848493 0.364119 0.0672577 9.9982E-05
0.292257 9.9973E-05 0.0650587 0.259413 0.382972 9.9973E-05 9.9973E-05
9.9982E-05 0.0601416 0.448149 0.120368 0.00913353 0.362008 9.9982E-05
9.9982E-05 9.9982E-05 0.411292 0.247615 0.142241 0.0423269 0.156325
9.9973E-05 0.00310577 9.9973E-05 0.611454 0.332673 0.0524673 9.9973E-05
0.0296056 9.9982E-05 0.364062 0.103376 9.9982E-05 0.412787 0.0899695
0.158395 9.9982E-05 9.9982E-05 0.279842 0.422951 0.0274484 0.111164
9.9973E-05 9.9973E-05 0.349143 0.448893 9.9973E-05 0.147391 0.0542739
0.0966749 0.0113326 0.368474 0.213882 0.162436 0.1471 9.9991E-05
0.131053 9.9991E-05 0.151388 0.0143857 0.463911 0.167746 0.071416
9.9982E-05 9.9982E-05 0.268011 0.0466943 0.0487947 0.529267 0.107033
0.110699 9.9991E-05 0.100843 0.177856 0.0744617 0.520469 0.0155709
9.9982E-05 0.186921 0.367249 0.0296545 0.263213 0.152763 9.9982E-05
9.9973E-05 0.561455 0.0477505 9.9973E-05 0.304395 9.9973E-05 0.0860991
9.9982E-05 9.9982E-05 0.439353 0.120561 0.142002 0.191427 0.106458
9.9982E-05 9.9982E-05 0.448533 0.172114 0.184852 0.174801 0.0194997
0.0409053 9.9982E-05 0.408323 0.0398417 0.121514 0.389216 9.9982E-05
0.108999 0.0198805 0.379671 0.0851963 0.158567 0.247586 9.9991E-05
9.9982E-05 9.9982E-05 0.456413 0.169027 0.112925 0.180098 0.0813374
9.9982E-05 9.9982E-05 0.525482 0.193618 0.00818054 0.233846 0.0386741
9.9982E-05 9.9982E-05 0.252084 0.216743 0.123874 0.296674 0.110425
0.0807267 9.9964E-05 9.9964E-05 0.172558 0.746315 9.9964E-05 9.9964E-05
0.0718573 0.0386738 0.368548 9.9991E-05 0.191304 0.308681 0.0208357
9.9982E-05 0.0408119 0.473929 0.041919 0.262067 0.181074 9.9982E-05
0.168568 9.9991E-05 0.650177 0.00998529 0.0986607 0.0676034 0.00490632
0.0808195 0.0155325 0.476175 0.176847 0.0190463 0.195501 0.0360794
0.179775 9.9991E-05 0.314209 0.209718 0.0311956 0.218702 0.0463006
9.9982E-05 9.9982E-05 0.28419 0.113294 0.297422 0.209785 0.0951085
9.9973E-05 9.9973E-05 0.116975 0.279201 0.430387 0.173137 9.9973E-05
0.270427 9.9973E-05 0.257219 0.254026 9.9973E-05 0.218028 9.9973E-05
0.13897 0.0242319 0.325263 0.118718 0.116738 0.275979 9.9991E-05
0.178641 9.9973E-05 0.335758 9.9973E-05 0.0110156 0.474285 9.9973E-05
0.14703 9.9982E-05 0.0301621 0.103339 0.48179 9.9982E-05 0.237479
9.9982E-05 0.0202702 0.277844 0.25212 0.366518 0.0830482 9.9982E-05
0.30076 9.9973E-05 0.49886 0.0138836 9.9973E-05 0.186196 9.9973E-05
9.9973E-05 9.9973E-05 0.43055 0.0643789 9.9973E-05 0.332454 0.172317
0.274974 9.9973E-05 0.374209 9.9973E-05 0.0902677 0.26025 9.9973E-05
9.9973E-05 9.9973E-05 0.414302 0.00318246 0.0300707 0.552145 9.9973E-05
0.23746 9.9982E-05 0.311245 0.220259 0.0158354 0.215 9.9982E-05
0.173544 9.9982E-05 0.00223766 0.203727 0.543516 0.076776 9.9982E-05
9.9982E-05 9.9982E-05 0.0797794 0.275257 0.26752 0.212013 0.165231
0.115905 9.9982E-05 0.355864 9.9982E-05 0.233785 0.254736 0.0395089
0.00909552 9.9991E-05 0.396344 0.164683 0.0140202 0.302441 0.113316
0.110667 0.00872491 0.38499 0.0369839 0.214382 0.244152 9.9991E-05
0.000123301 0.0129906 0.280251 0.447713 0.160072 0.0987507 9.9991E-05
9.9982E-05 0.0410978 0.462023 0.20532 0.150742 0.140618 9.9982E-05
0.155942 9.9973E-05 0.434467 0.0359912 9.9973E-05 0.3733 9.9973E-05
0.476383 0.0854497 9.9982E-05 9.9982E-05 0.120653 0.232751 0.0845633
9.9982E-05 9.9982E-05 0.431167 0.1609 0.228539 0.12821 0.0509847
0.229845 9.9973E-05 0.360731 9.9973E-05 0.315461 0.0936623 9.9973E-05
0.286587 0.180078 0.0715044 0.0995877 0.0811221 0.271999 0.00912165
0.211337 0.0784562 0.0266026 9.9991E-05 0.397585 0.0964113 0.189508
0.0126898 0.0114701 0.469083 0.173634 9.9991E-05 0.308176 0.0248465
0.160921 0.052073 0.274458 0.212249 0.116981 0.183217 9.9991E-05
0.0492095 9.9982E-05 0.685055 0.0750945 0.166189 0.024252 9.9982E-05
0.0140542 0.00585357 0.00232418 0.230419 0.638321 0.108928 9.9991E-05
9.9982E-05 0.0909124 0.417239 0.288783 0.18938 0.0134857 9.9982E-05
9.9982E-05 0.0811578 0.380571 0.158906 0.190363 0.188801 9.9982E-05
0.410638 0.0267709 0.0772052 9.9991E-05 0.153972 0.0895081 0.241807
0.149038 9.9973E-05 0.473395 0.234999 0.142268 9.9973E-05 9.9973E-05
9.9982E-05 9.9982E-05 0.423721 0.243448 0.0433571 0.211598 0.0776772
9.9982E-05 9.9982E-05 0.338596 0.18333 0.0370125 0.369211 0.0716499
0.215813 9.9973E-05 0.381563 9.9973E-05 0.222102 0.180222 9.9973E-05
0.0465563 9.9991E-05 0.536604 0.088803 0.0947059 0.232545 0.000686017
0.117835 9.9982E-05 0.444638 0.100989 0.177135 0.159204 9.9982E-05
9.9982E-05 0.0621516 0.462792 0.0574721 0.191321 0.226064 9.9982E-05
9.9982E-05 9.9982E-05 0.359406 0.42838 0.0250499 0.152346 0.0346192
9.9982E-05 9.9982E-05 0.599192 0.176538 0.00411648 0.0629602 0.156994
0.107907 9.9991E-05 0.371808 0.115529 0.157318 0.24523 0.00210757
0.217688 0.427442 9.9973E-05 0.215874 9.9973E-05 9.9973E-05 0.138696
9.9973E-05 9.9973E-05 0.458657 9.9973E-05 0.0690104 0.447442 0.0245905
9.9982E-05 0.0706433 0.391166 0.0116566 0.0697662 0.456568 9.9982E-05
0.152795 0.0103236 0.0637725 0.186036 0.167981 0.418992 9.9991E-05
9.9973E-05 9.9973E-05 0.547162 0.057151 9.9973E-05 0.358697 0.0366902
0.127943 0.000918153 0.444188 0.381095 9.9982E-05 0.045656 9.9982E-05
0.164008 0.00988789 0.464178 0.146827 0.0350694 0.179929 9.9991E-05
0.201986 9.9991E-05 0.140681 0.208112 0.203568 0.122511 0.123042
0.0565359 9.9973E-05 0.252172 0.21323 9.9973E-05 0.477763 9.9973E-05
0.010299 9.9982E-05 0.495369 0.262765 0.0155892 0.215779 9.9982E-05
0.0859478 9.9991E-05 0.430994 0.117599 0.0482906 0.224673 0.0923953
9.9982E-05 9.9982E-05 0.305323 0.15423 0.085276 0.446666 0.00830511
0.183575 9.9973E-05 0.242835 9.9973E-05 0.247015 0.326275 9.9973E-05
9.9973E-05 0.775317 0.0244875 9.9973E-05 0.0268967 9.9973E-05 0.172999
0.0522989 9.9973E-05 0.409763 0.282128 9.9973E-05 0.255509 9.9973E-05
0.0544304 9.9982E-05 0.185586 0.0833474 0.368385 0.308051 9.9982E-05
0.0730709 0.0378966 0.344429 0.0220846 0.259204 0.263215 9.9991E-05
9.9982E-05 0.0555108 0.402378 0.203583 0.0294989 0.308829 9.9982E-05
0.106929 0.0237049 0.395906 0.0118537 0.0016654 0.449994 0.0099477
0.0294702 0.0114549 0.267615 0.0791567 0.136589 0.475614 9.9991E-05
0.257999 0.363162 9.9973E-05 0.104439 9.9973E-05 9.9973E-05 0.2741
0.0141737 0.0277499 0.275223 0.0488934 0.156426 0.477434 9.9991E-05
0.226511 9.9973E-05 0.280262 0.0906019 9.9973E-05 0.402325 9.9973E-05
0.0899681 9.9973E-05 0.413049 0.229305 0.267379 9.9973E-05 9.9973E-05
0.0400688 9.9982E-05 0.224269 0.207341 0.0221948 0.505926 9.9982E-05
0.0645164 9.9982E-05 0.429085 0.197948 9.9982E-05 0.218215 0.090035
0.069324 9.9973E-05 0.436136 0.0928021 9.9973E-05 0.401438 9.9973E-05
0.194114 9.9973E-05 0.404181 9.9973E-05 0.264172 0.137233 9.9973E-05
9.9982E-05 0.0255866 0.256154 0.0991402 0.221264 0.397656 9.9982E-05
0.337469 9.9982E-05 0.272964 0.0227744 0.0878166 0.278775 9.9982E-05
0.00272074 0.0123594 0.340674 0.393658 0.106386 0.116194 0.0280076
0.105549 0.0504066 0.482942 0.12937 0.0478772 0.183756 9.9991E-05
0.0198064 9.9982E-05 0.291836 0.132665 0.361715 0.193778 9.9982E-05
0.0655281 9.9991E-05 0.279606 0.143988 0.287681 0.221756 0.00134031
0.00129527 0.0331234 0.474042 0.0804624 0.0725546 0.309058 0.0294648
0.120485 9.9982E-05 0.259758 0.0863387 0.147709 0.385509 9.9982E-05
0.0941008 0.0197865 0.164579 0.34592 0.181743 0.19377 9.9991E-05
0.0115736 9.9973E-05 0.350897 9.9973E-05 0.268033 0.369197 9.9973E-05
9.9982E-05 0.0155706 0.439561 9.9982E-05 0.160671 0.358966 0.0250312
9.9991E-05 0.0717916 0.516248 0.209945 0.184514 0.0163194 0.00108161
