9.9991E-05 0.136006 0.0113697 0.315731 0.446527 0.00107141 0.0891957
0.0722548 0.107738 0.0358894 0.147375 0.496568 9.9991E-05 0.140075
0.0577216 9.9982E-05 0.0219127 0.187266 0.387712 9.9982E-05 0.345188
0.0356407 9.9982E-05 0.188122 0.164514 0.605325 9.9982E-05 0.00619811
0.0808711 0.0577408 9.9991E-05 0.0266584 0.653802 0.0626129 0.118215
0.102841 0.0653527 0.747573 9.9991E-05 0.00699524 0.00296867 0.0741693
0.139768 9.9982E-05 9.9982E-05 0.232134 0.507044 0.077331 0.0435232
0.0924898 0.0668695 0.840241 9.9964E-05 9.9964E-05 9.9964E-05 9.9964E-05
0.123327 0.0508826 9.9982E-05 0.129375 0.562636 9.9982E-05 0.13358
9.9982E-05 9.9982E-05 0.00574189 0.229337 0.475741 0.0524253 0.236555
0.085494 0.0339077 0.00237547 0.178076 0.463693 0.0446619 0.191792
0.156845 0.0750898 0.205055 9.9982E-05 0.464362 9.9982E-05 0.0984482
0.249631 9.9973E-05 9.9973E-05 0.162363 0.446472 9.9973E-05 0.141234
0.07808 0.0217336 0.0838328 0.0499577 0.518874 9.9991E-05 0.247422
0.0369101 9.9973E-05 0.54226 9.9973E-05 0.195711 9.9973E-05 0.224819
0.162217 0.0108312 0.00111247 0.371787 0.131292 9.9991E-05 0.32266
0.0821336 0.0342786 0.15901 0.0676235 0.45551 9.9991E-05 0.201344
0.193919 0.05903 9.9982E-05 0.144683 0.578239 0.0239291 9.9982E-05
0.255579 9.9982E-05 9.9982E-05 0.0575385 0.64436 0.0235623 0.0187611
9.9973E-05 0.0100661 9.9973E-05 0.268183 0.615142 9.9973E-05 0.106309
0.154391 9.9973E-05 9.9973E-05 0.0715234 0.697498 0.0762876 9.9973E-05
0.0570433 0.060649 0.0534441 0.214449 0.423083 9.9991E-05 0.191231
9.999E-05 0.00444981 0.00748441 0.228995 0.487457 0.01903 0.252484
0.0887824 9.9973E-05 0.525213 0.0135848 9.9973E-05 9.9973E-05 0.37212
0.162535 0.124453 9.9973E-05 0.366975 0.345738 9.9973E-05 9.9973E-05
0.237491 0.00398419 0.582584 9.9982E-05 0.17391 9.9982E-05 0.00183158
0.100551 0.0190947 0.420776 0.123554 0.156651 0.017732 0.161641
0.0182277 9.9973E-05 0.312141 0.200395 0.468936 9.9973E-05 9.9973E-05
0.0857075 9.9973E-05 0.626166 0.114591 9.9973E-05 9.9973E-05 0.173235
0.0193973 9.9982E-05 0.176012 0.151052 0.628269 9.9982E-05 0.0250696
0.103058 0.0267052 0.484002 0.00356922 0.248647 0.0060271 0.127992
0.21113 0.0775014 9.9991E-05 0.109882 0.533068 0.0356557 0.0326632
0.108711 9.9982E-05 0.200894 0.394764 0.0942292 9.9982E-05 0.201202
9.9955E-05 9.9955E-05 0.841585 9.9955E-05 0.157915 9.9955E-05 9.9955E-05
0.069461 0.134126 0.791205 9.9973E-05 9.9973E-05 9.9973E-05 0.00490833
0.173335 0.104332 0.103236 0.0854039 0.465127 0.00350774 0.065058
0.0809725 9.9973E-05 0.125727 9.9973E-05 0.718843 9.9973E-05 0.0741576
0.16734 0.0172497 9.9991E-05 0.330896 0.404372 0.0263665 0.0536765
0.00164113 0.0416864 0.731758 0.124639 0.100076 9.9982E-05 9.9982E-05
0.172157 0.120191 0.363996 0.077553 0.114942 0.00335516 0.147805
0.327925 9.9991E-05 0.179248 0.229036 0.0371709 0.063304 0.163216
0.257188 9.9982E-05 9.9982E-05 0.1126 0.433233 0.0643361 0.132444
0.0518868 0.0892296 0.157812 0.0441006 0.560359 9.9991E-05 0.0965117
0.150387 0.0879031 0.509796 0.125346 0.0569032 9.9991E-05 0.0695647
0.164284 9.9982E-05 9.9982E-05 0.262205 0.309801 0.140342 0.123169
0.162165 0.0122921 0.000725357 0.331564 0.297797 0.0812793 0.114177
0.0538783 0.168549 0.0783683 0.316062 0.315637 9.9991E-05 0.067405
0.0642812 9.9991E-05 0.086603 0.189833 0.441149 0.0898127 0.128221
0.17278 9.9973E-05 9.9973E-05 0.265241 0.237677 9.9973E-05 0.324001
0.244308 0.0823058 0.422771 0.022674 0.15243 9.9991E-05 0.075411
9.9964E-05 9.9964E-05 9.9964E-05 0.422759 0.466984 9.9964E-05 0.109857
0.00627872 9.9991E-05 0.415901 0.162024 0.151198 0.108303 0.156195
0.174241 0.0243719 0.00198375 0.254416 0.38981 0.102941 0.0522358
0.0772708 9.9964E-05 0.85796 0.0643691 9.9964E-05 9.9964E-05 9.9964E-05
0.181614 9.9982E-05 0.369583 9.9982E-05 0.183772 0.0359618 0.22887
0.0767578 9.9964E-05 9.9964E-05 0.397064 0.525779 9.9964E-05 9.9964E-05
9.9964E-05 9.9964E-05 9.9964E-05 0.505222 0.313244 9.9964E-05 0.181135
0.170642 0.0184467 0.134021 0.30671 0.26372 9.9991E-05 0.106361
0.202919 9.9991E-05 0.236967 0.0358205 0.246105 0.0375218 0.240567
0.0516571 9.9973E-05 0.328873 0.254615 0.364555 9.9973E-05 9.9973E-05
0.122171 0.0615566 0.7354 0.048166 9.9982E-05 9.9982E-05 0.0325068
0.122173 9.9964E-05 0.832403 9.9964E-05 9.9964E-05 9.9964E-05 0.0450244
0.195079 0.0723231 0.0116802 0.27301 0.396729 9.9991E-05 0.0510786
0.0681601 9.9964E-05 0.887483 9.9964E-05 9.9964E-05 9.9964E-05 0.0439567
0.145012 0.0807479 0.0118976 0.144668 0.551205 0.0156886 0.0507812
0.130943 9.9973E-05 0.809544 9.9973E-05 0.0414588 0.0177542 9.9973E-05
0.16752 0.0125082 9.9982E-05 0.214039 0.502272 9.9982E-05 0.103461
0.10484 0.0795208 0.0893926 9.9991E-05 0.306646 0.00461539 0.414885
0.186463 9.9973E-05 9.9973E-05 0.419385 0.260843 9.9973E-05 0.133008
0.142076 0.0149449 0.770022 0.0699744 9.9982E-05 0.00278303 9.9982E-05
0.101265 0.204375 9.9991E-05 0.0421381 0.422444 0.0181838 0.211494
0.167319 0.202425 9.9982E-05 0.056626 0.513944 9.9982E-05 0.0594854
0.0450643 0.0430473 0.28306 0.480424 0.0935249 9.9991E-05 0.0547792
0.275223 0.0047017 9.9991E-05 0.00659775 0.472848 0.112099 0.128431
0.0680005 0.101814 0.0559967 0.209042 0.44104 9.9991E-05 0.124007
0.131801 9.9982E-05 0.291757 0.108676 0.4197 0.0478656 9.9982E-05
9.9982E-05 0.0249714 0.0196095 0.280609 0.558583 9.9982E-05 0.116027
0.0501731 0.0519325 0.133969 0.522554 0.0711449 9.9991E-05 0.170127
0.136199 0.0813334 0.110355 0.143947 0.23365 9.9991E-05 0.294415
0.282571 0.0201179 9.9973E-05 0.339047 0.357964 9.9973E-05 9.9973E-05
0.0845097 0.106722 9.9973E-05 9.9973E-05 0.43557 9.9973E-05 0.372898
0.221418 0.0426933 0.00138287 0.190908 0.286608 0.0173979 0.239592
0.0398428 0.0343337 0.053709 0.246327 0.439183 9.9991E-05 0.186504
0.0485559 9.9982E-05 9.9982E-05 0.164049 0.629567 0.107342 0.0502864
9.9973E-05 0.024516 9.9973E-05 0.158859 0.561828 9.9973E-05 0.254497
0.287245 0.00548632 0.0442654 9.9991E-05 0.296393 0.000148194 0.366363
0.0879786 9.9982E-05 0.258738 0.150476 0.295127 9.9982E-05 0.207481
0.0980092 9.9991E-05 0.280488 0.22121 0.195988 0.0329648 0.171241
0.148785 9.99641E-05 0.83064 9.99641E-05 9.99641E-05 9.99641E-05 0.020176
0.0240529 0.0269529 0.260125 0.313938 0.267001 0.0255224 0.0824073
0.199724 0.029974 0.001867 0.435328 0.0236983 9.9991E-05 0.309309
0.208799 9.9982E-05 0.544365 0.177157 0.0142456 9.9982E-05 0.0552337
0.157163 0.0163452 9.9982E-05 0.1805 0.524918 9.9982E-05 0.120874
9.9973E-05 9.9973E-05 0.251356 0.107044 0.598175 9.9973E-05 0.0431262
9.9973E-05 0.0113883 0.476434 9.9973E-05 0.311832 9.9973E-05 0.200046
9.9964E-05 0.0930083 0.903426 9.9964E-05 9.9964E-05 9.9964E-05 0.00316588
0.126679 9.9991E-05 0.091586 0.257253 0.352902 0.0302107 0.14127
0.207141 9.9991E-05 0.0308976 0.321884 0.153697 0.080137 0.206144
9.9982E-05 0.0557109 0.010124 0.334876 0.326161 9.9982E-05 0.272928
0.027834 0.0399881 0.226349 0.0957405 0.562545 9.9991E-05 0.0474435
0.298245 9.9982E-05 0.340709 0.134385 0.0968844 9.9982E-05 0.129577
0.0529085 0.0819651 0.110965 9.9991E-05 0.592913 0.0057109 0.155438
0.127783 0.0310252 0.0143495 0.40744 0.260049 9.9991E-05 0.159254
0.00928216 0.13742 9.9991E-05 0.00235424 0.726712 0.0121294 0.112003
9.9982E-05 0.0413012 9.9982E-05 0.325838 0.503513 0.0105186 0.118629
0.0456028 0.00575572 0.718213 9.9973E-05 9.9973E-05 9.9973E-05 0.230129
0.0163281 0.0880652 0.454018 9.9991E-05 0.225825 0.0362144 0.179449
9.9964E-05 9.9964E-05 9.9964E-05 0.290016 0.521933 9.9964E-05 0.187651
0.216504 9.9982E-05 9.9982E-05 0.114097 0.448846 0.0279042 0.192449
0.00441903 9.9973E-05 9.9973E-05 0.384635 0.446846 9.9973E-05 0.1638
0.228306 9.9991E-05 0.398503 0.0591759 0.154962 0.0165372 0.142416
9.9955E-05 9.9955E-05 0.940231 9.9955E-05 9.9955E-05 9.9955E-05 0.059269
0.105895 9.9982E-05 0.398406 0.0142356 0.32599 9.9982E-05 0.155274
0.0939981 9.9982E-05 9.9982E-05 0.256083 0.571872 0.00150284 0.0763443
9.9982E-05 0.0637688 0.107398 0.128414 0.578516 9.9982E-05 0.121703
0.00974135 0.0883877 0.000282413 0.240992 0.613377 0.0362648 0.0109545
9.9964E-05 9.9964E-05 9.9964E-05 0.25972 0.544939 9.9964E-05 0.194942
0.0704418 9.9964E-05 0.927353 9.9964E-05 9.9964E-05 0.00180505 9.9964E-05
9.9982E-05 0.152651 0.0156966 9.9982E-05 0.7355 0.0597463 0.036206
0.0524612 0.0905408 9.9982E-05 0.418906 0.345418 9.9982E-05 0.0924746
0.180891 0.00980923 0.0603157 0.220351 0.518807 9.9991E-05 0.00972575
0.155621 9.9973E-05 0.540719 9.9973E-05 0.173834 9.9973E-05 0.129526
9.9964E-05 9.9964E-05 9.9964E-05 0.501079 0.358611 9.9964E-05 0.13991
0.0273851 9.9991E-05 0.0296752 0.245248 0.349553 0.0460743 0.301964
0.0323043 9.9982E-05 9.9982E-05 0.151539 0.585262 0.108669 0.122026
0.188271 0.110257 0.0799302 0.100842 0.403237 9.9991E-05 0.117362
0.122723 9.9973E-05 0.613199 0.121413 0.142365 9.9973E-05 9.9973E-05
0.00626071 0.0139631 0.842416 9.9982E-05 9.9982E-05 0.013637 0.123523
0.145929 9.9982E-05 9.9982E-05 0.132262 0.258484 0.0217693 0.441355
0.0834135 0.127149 0.00857144 0.289146 0.263448 9.9991E-05 0.228173
0.185536 9.9973E-05 9.9973E-05 0.367257 0.407233 9.9973E-05 0.0396745
0.289719 0.0490686 9.9982E-05 0.423089 0.159487 9.9982E-05 0.0784363
0.115513 9.9982E-05 0.402066 0.197396 0.193118 9.9982E-05 0.0917068
0.0480633 0.0766203 0.047388 0.0640138 0.487743 0.121811 0.154361
0.0398461 0.0359648 0.255316 0.178995 0.425159 9.9991E-05 0.0646191
9.995E-05 9.995E-05 9.995E-05 9.995E-05 9.995E-05 9.995E-05 0.9994
9.9982E-05 9.9982E-05 0.558077 0.185642 0.0953155 0.00509936 0.155666
0.101835 0.0496945 0.27824 0.263418 0.306613 9.9982E-05 9.9982E-05
9.995E-05 9.995E-05 9.995E-05 9.995E-05 9.995E-05 9.995E-05 0.9994
0.0109517 0.0634279 0.557338 0.0749239 0.0576837 9.9991E-05 0.235575
0.0666685 9.9982E-05 0.246637 0.0905205 0.518889 9.9982E-05 0.0770847
0.091557 0.213293 0.371106 0.0911542 0.23269 9.9982E-05 9.9982E-05
0.493841 0.0258784 0.182567 0.244456 0.0315267 9.9991E-05 0.0216302
0.332592 0.0187031 0.100169 0.117886 0.131495 0.000981411 0.298173
0.167062 9.9973E-05 0.70411 0.112768 9.9973E-05 0.0157591 9.9973E-05
0.203687 9.9991E-05 0.215266 0.0895933 0.429714 0.0256639 0.0359761
0.210068 0.0539481 0.148593 0.101447 0.275704 9.9991E-05 0.21014
0.0985908 0.0792271 9.9982E-05 0.491396 0.241131 9.9982E-05 0.0894553
0.0837214 0.181606 9.9973E-05 9.9973E-05 0.652484 9.9973E-05 0.0818885
9.9982E-05 0.120463 9.9982E-05 0.331603 0.244756 0.0706832 0.232294
0.316947 0.00334236 9.9982E-05 0.00598989 0.462559 9.9982E-05 0.210961
0.0936556 9.9982E-05 0.297084 0.276123 0.295836 9.9982E-05 0.037102
0.0370038 0.0793001 0.742959 0.00247487 0.106471 9.9991E-05 0.0316906
0.215989 0.0712314 0.397201 0.0753556 0.240023 9.9982E-05 9.9982E-05
0.245985 0.139205 9.9982E-05 0.214665 0.206935 9.9982E-05 0.19301
0.204037 0.0534046 9.9991E-05 0.113978 0.37965 0.0387333 0.210097
0.0422068 9.9982E-05 0.845058 0.0901865 9.9982E-05 0.00725427 0.0150948
0.135421 0.131515 9.9982E-05 0.248831 0.312354 9.9982E-05 0.17168
0.205691 0.0285104 9.9991E-05 0.350941 0.336333 0.00575551 0.0726692
0.0792333 0.0105849 0.151807 0.193517 0.448334 9.9991E-05 0.116424
0.126165 0.0989619 9.9982E-05 0.35493 0.309889 9.9982E-05 0.109854
0.447033 0.0349323 0.0571615 0.0576528 0.203578 9.9991E-05 0.199543
0.0710957 0.174054 0.0567899 0.0356999 0.371337 9.9991E-05 0.290923
0.132286 0.107532 0.0422499 9.9982E-05 0.447977 9.9982E-05 0.269755
0.109363 9.9982E-05 9.9982E-05 0.0978356 0.613118 0.0583307 0.121152
9.9982E-05 0.0739397 9.9982E-05 0.0873269 0.588686 0.0237897 0.226058
0.303972 0.0680764 0.0661868 0.37258 9.9982E-05 9.9982E-05 0.188984
0.126792 0.00251678 0.506402 0.123874 0.0837033 9.99953E-05 0.156612
0.189126 0.0438459 0.215719 9.9982E-05 0.250414 9.9982E-05 0.300694
0.114206 0.132115 0.00599914 0.148865 0.145722 9.9991E-05 0.452993
0.0620419 0.12064 0.13191 0.105229 0.307326 9.9991E-05 0.272753
0.17942 0.0149014 0.0866625 0.0127021 0.490335 9.9991E-05 0.215878
0.0636406 9.9964E-05 0.865395 9.9964E-05 9.9964E-05 9.9964E-05 0.0705649
0.118321 9.9991E-05 0.0488346 0.122015 0.344285 0.0311132 0.335331
0.0167717 9.9982E-05 0.263486 9.9982E-05 0.369485 0.020636 0.329422
0.271911 9.9982E-05 9.9982E-05 0.170657 0.265052 0.0502333 0.241946
0.0766343 0.0597427 0.229099 0.189297 0.316773 9.9991E-05 0.128354
0.227249 0.0134171 0.573515 0.0681262 0.117493 9.9982E-05 9.9982E-05
0.261288 0.0629408 0.381362 0.11818 0.176029 9.9982E-05 9.9982E-05
9.9964E-05 0.0497751 0.572301 9.9964E-05 0.377524 9.9964E-05 9.9964E-05
0.121559 9.9982E-05 0.0137601 0.154954 0.523653 9.9982E-05 0.185874
0.10754 0.0817319 0.715656 9.9973E-05 9.9973E-05 9.9973E-05 0.0947726
0.0581998 0.0368262 0.343336 9.9982E-05 0.413981 9.9982E-05 0.147456
0.177356 0.0988376 0.00193515 0.261511 0.357078 9.9991E-05 0.103182
9.99551E-05 0.0685829 0.930917 9.99551E-05 9.99551E-05 9.99551E-05 9.99551E-05
0.16335 9.9973E-05 0.486341 0.203048 9.9973E-05 9.9973E-05 0.146961
0.120713 9.9991E-05 0.0670407 0.4305 0.23402 0.00810579 0.139521
0.188346 9.9982E-05 0.395654 0.133413 0.260466 9.9982E-05 0.0219215
0.00210248 9.9982E-05 0.153415 0.116892 0.543526 9.9982E-05 0.183865
0.0581054 0.00284621 9.9991E-05 0.120229 0.592863 0.0354024 0.190454
0.12854 0.0920552 0.228626 0.248418 0.302161 9.9982E-05 9.9982E-05
0.0140007 9.9982E-05 0.0304272 0.39813 0.499808 9.9982E-05 0.0574343
0.158322 9.9964E-05 9.9964E-05 9.9964E-05 0.63109 9.9964E-05 0.210188
0.100212 9.9982E-05 9.9982E-05 0.501403 0.172283 0.0147556 0.211147
0.159144 0.0439997 0.165355 0.426008 9.9982E-05 9.9982E-05 0.205293
0.0404471 9.9982E-05 0.254276 0.25014 0.444947 0.00998939 9.9982E-05
0.110478 0.0677957 9.9991E-05 0.254231 0.351188 0.0700522 0.146155
0.00149672 9.9991E-05 0.141422 0.140333 0.571841 0.101626 0.0431818
0.301261 0.0743327 9.9991E-05 0.180975 0.216105 0.0607004 0.166526
0.126218 9.9973E-05 9.9973E-05 0.56513 0.14565 9.9973E-05 0.162702
0.292734 0.0386205 0.246658 0.0450386 0.300901 9.9991E-05 0.075948
9.9973E-05 9.9973E-05 9.9973E-05 0.0771137 0.565151 0.138098 0.219337
0.196947 0.0274441 9.9991E-05 0.265753 0.269792 0.00481935 0.235144
0.135942 0.0842476 9.9991E-05 0.283078 0.284042 0.0953709 0.11722
0.160553 0.00286848 9.9982E-05 0.504924 0.104321 0.227133 9.9982E-05
0.120294 0.0252527 0.280112 0.223842 0.158717 0.0274556 0.164328
0.0357804 0.0499658 0.0144797 9.9991E-05 0.659122 0.159084 0.0814682
0.109429 0.00041249 0.16061 0.397818 0.232035 9.9991E-05 0.0995958
0.25429 0.110611 9.9982E-05 0.212979 0.289143 9.9982E-05 0.132777
0.00320755 9.9982E-05 9.9982E-05 0.0609047 0.70531 0.127936 0.102441
0.268002 0.0365179 9.9982E-05 0.349437 0.34058 0.0052635 9.9982E-05
0.0434366 0.125201 0.39108 9.9982E-05 0.380738 9.9982E-05 0.0593442
0.222353 9.9982E-05 0.438706 9.9982E-05 0.170704 0.113081 0.0549571
0.0299103 9.9973E-05 9.9973E-05 0.212945 0.743132 9.9973E-05 0.0137119
9.9982E-05 0.0718538 9.9982E-05 0.154009 0.504522 0.0579637 0.211452
0.0237866 0.0664169 9.9982E-05 0.3057 0.530847 9.9982E-05 0.0730505
0.133675 9.9973E-05 9.9973E-05 0.279458 0.384296 9.9973E-05 0.202271
0.111778 0.00853012 0.296802 0.179137 0.074455 9.9991E-05 0.329198
0.132921 0.0318204 0.176618 0.0679898 0.307079 9.9991E-05 0.283472
0.111324 0.0519822 9.9991E-05 0.32959 0.290914 0.0758096 0.14028
0.276732 0.0761604 0.44527 0.128852 9.9982E-05 9.9982E-05 0.0727855
0.120549 9.9982E-05 0.143778 0.30173 0.312962 9.9982E-05 0.12078
0.1058 9.9991E-05 0.192892 0.316044 0.0824598 0.100186 0.202518
0.0842915 0.110141 0.650933 0.0575523 9.9982E-05 9.9982E-05 0.0968821
0.282044 9.9982E-05 9.9982E-05 0.501994 0.0969886 0.00904163 0.109732
0.241682 9.9982E-05 9.9982E-05 0.173638 0.329251 0.00774486 0.247484
0.0945459 9.9982E-05 0.000833109 0.283135 0.511602 9.9982E-05 0.109684
0.0732044 0.00840424 9.9982E-05 0.341031 0.538799 9.9982E-05 0.0383608
0.0978262 0.0717207 9.9991E-05 0.373357 0.234511 0.0332976 0.189187
0.0957945 0.0422642 9.9991E-05 0.107314 0.413691 0.00683895 0.333997
0.200865 0.0660744 9.9973E-05 0.265724 0.467036 9.9973E-05 9.9973E-05
9.9973E-05 0.0817444 9.9973E-05 0.0926685 0.705047 9.9973E-05 0.120241
0.237056 0.0516451 0.161653 0.175995 0.197334 9.9991E-05 0.176216
9.9973E-05 9.9973E-05 9.9973E-05 0.20294 0.43367 0.0501173 0.312972
9.9973E-05 0.0128372 9.9973E-05 0.222726 0.489386 9.9973E-05 0.274751
0.183691 9.9973E-05 0.131786 0.339236 9.9973E-05 9.9973E-05 0.344987
0.101176 0.0189352 0.0047345 9.9991E-05 0.659787 0.0439096 0.171358
0.0876912 9.9982E-05 0.00853064 0.277136 0.417499 9.9982E-05 0.208943
0.194159 0.0373617 0.300421 9.99848E-05 0.349418 9.99848E-05 0.11844
9.9982E-05 0.0106558 0.314446 0.23614 0.316497 9.9982E-05 0.122061
9.9982E-05 0.0406494 0.0457612 0.322295 0.537652 9.9982E-05 0.0534424
0.192235 0.0484338 0.491763 9.9982E-05 0.209769 9.9982E-05 0.057599
0.0592178 0.00753852 9.9991E-05 0.225968 0.386616 0.00854354 0.312016
0.127393 9.9982E-05 0.259604 0.0816227 0.411945 9.9982E-05 0.119236
0.0545454 0.0489728 0.0204085 0.192629 0.576894 0.0284742 0.0780759
0.0912318 0.00418442 0.148971 0.332552 9.9982E-05 9.9982E-05 0.422861
0.0611352 0.0709626 0.304051 0.218902 0.133774 0.0959018 0.115272
0.0909503 0.0389429 0.420323 9.9982E-05 0.267229 9.9982E-05 0.182355
0.329678 9.9982E-05 0.00303926 0.075198 0.467976 9.9982E-05 0.123909
0.127471 9.9973E-05 9.9973E-05 0.204403 0.526802 9.9973E-05 0.141025
9.9982E-05 0.0311253 0.305485 0.202306 0.382111 9.9982E-05 0.078774
0.202941 0.0378425 9.9982E-05 9.9982E-05 0.604503 0.0335165 0.120997
0.00637867 9.9991E-05 0.0222111 0.115055 0.616087 0.166942 0.0732262
0.152083 0.0374672 0.765689 9.9982E-05 0.0153668 9.9982E-05 0.0291941
0.17672 9.9973E-05 9.9973E-05 9.9973E-05 0.621481 0.0555057 0.145993
0.0620256 0.0185575 9.9982E-05 0.341192 0.503728 9.9982E-05 0.0742966
0.0916815 0.0359705 9.9982E-05 0.0793798 0.706619 9.9982E-05 0.0861493
0.0502296 0.0456544 0.036755 0.256158 0.34946 9.9991E-05 0.261643
0.0931915 9.9982E-05 0.00115527 0.182952 0.576936 9.9982E-05 0.145565
0.16004 9.9973E-05 9.9973E-05 0.260454 0.434475 9.9973E-05 0.144731
0.0758234 9.9982E-05 0.0379071 0.13723 0.632956 9.9982E-05 0.115884
0.0521892 0.0732034 0.123606 0.0466589 0.665007 9.9991E-05 0.0392355
0.16901 0.0329584 0.494903 9.9982E-05 0.145452 9.9982E-05 0.157475
9.9964E-05 9.9964E-05 9.9964E-05 9.9964E-05 0.692144 0.0668582 0.240598
0.0554988 9.9973E-05 9.9973E-05 0.249793 0.678669 9.9973E-05 0.0157399
0.192735 0.0250165 0.095406 0.276427 0.206927 9.9991E-05 0.203389
0.102387 9.9982E-05 0.364314 0.182773 0.195591 9.9982E-05 0.154736
9.9982E-05 0.0340217 9.9982E-05 0.227181 0.53838 0.0525046 0.147712
0.0947343 9.9982E-05 0.266286 9.9982E-05 0.465123 0.0535582 0.120099
0.18938 0.0638449 0.00244846 0.203516 0.540611 9.9982E-05 9.9982E-05
0.172385 9.9982E-05 0.264859 0.238846 0.244229 9.9982E-05 0.0794806
0.0438361 0.0436978 0.116033 0.13111 0.324861 0.0258998 0.314562
0.149938 9.9991E-05 0.420041 0.0378662 0.157108 0.0676851 0.167261
0.00173195 0.0734485 0.260922 9.9973E-05 0.663598 9.9973E-05 9.9973E-05
0.118043 0.125226 0.00972183 0.274405 0.25889 9.9991E-05 0.213615
0.108571 9.9982E-05 0.142916 9.9982E-05 0.614581 0.0196247 0.114107
0.261706 9.9973E-05 9.9973E-05 0.0877528 0.424946 9.9973E-05 0.225295
0.00379108 0.0746664 0.0745204 0.311401 0.359923 9.9991E-05 0.175598
0.111725 9.9973E-05 9.9973E-05 0.344403 0.255339 9.9973E-05 0.288233
9.9982E-05 0.0368052 0.30083 0.128438 0.206104 9.9982E-05 0.327623
0.0935692 9.9982E-05 9.9982E-05 0.255404 0.316609 0.0372175 0.297001
0.339359 0.0728085 9.9982E-05 0.0871305 0.386497 9.9982E-05 0.114005
0.0586542 0.0383671 9.9982E-05 0.421489 0.471066 9.9982E-05 0.0102234
0.0442592 9.9991E-05 0.562595 0.197497 0.118487 0.0739833 0.00307803
0.0393419 0.101006 0.859252 9.9964E-05 9.9964E-05 9.9964E-05 9.9964E-05
0.0550818 0.000300377 0.0687505 0.354483 0.393028 0.0317957 0.0965608
0.206555 9.9991E-05 0.0395366 0.00968971 0.502342 0.112995 0.128783
0.3876 0.00337478 0.0796521 0.0894701 0.204374 0.0543105 0.181219
0.273005 9.9991E-05 0.160674 0.185518 0.280499 0.0340867 0.0661177
0.110679 0.119136 0.243766 0.031681 0.399494 9.9991E-05 0.0951443
0.0565955 0.191173 0.0516921 0.192488 0.492319 9.9991E-05 0.0156325
0.135633 0.0800604 9.9982E-05 0.195022 0.347841 9.9982E-05 0.241244
0.00900913 9.9991E-05 0.0303057 0.236733 0.394738 0.234979 0.0941347
0.267553 9.9973E-05 9.9973E-05 0.375526 0.302837 9.9973E-05 0.0537847
0.117168 0.00630262 9.9982E-05 0.277798 0.530281 0.0682501 9.9982E-05
9.9973E-05 9.9973E-05 0.0510461 0.421982 0.425252 9.9973E-05 0.101421
0.0665033 9.9973E-05 9.9973E-05 0.36289 0.478033 9.9973E-05 0.0922745
0.0896116 0.0561275 0.0351003 0.340434 0.152425 0.00226617 0.324035
0.0980153 9.9973E-05 9.9973E-05 0.264328 0.512948 0.124408 9.9973E-05
0.00795419 9.9991E-05 0.0285768 0.216048 0.5046 0.025448 0.217273
0.0461748 0.0125782 9.9991E-05 0.449747 0.274266 0.0216792 0.195455
0.268058 9.9982E-05 0.0457797 0.375858 0.249695 9.9982E-05 0.0604096
0.0765904 0.0429571 0.145145 0.00235023 0.538328 0.0633301 0.1313
9.9982E-05 0.121994 0.56248 0.0557137 0.244938 0.0146739 9.9982E-05
0.263442 9.9991E-05 0.385982 0.196373 0.0266191 0.0192053 0.108279
0.00947259 9.9973E-05 0.787075 9.9973E-05 0.164617 0.0385353 9.9973E-05
0.113955 9.9973E-05 9.9973E-05 0.423672 0.390724 9.9973E-05 0.0713484
0.169792 0.0188592 0.693559 9.9973E-05 0.11749 9.9973E-05 9.9973E-05
9.9973E-05 0.131484 0.668756 0.0734882 9.9973E-05 9.9973E-05 0.125971
0.23095 0.0147995 0.00773926 0.219998 0.347837 9.9991E-05 0.178576
9.9982E-05 0.0310167 9.9982E-05 0.210789 0.555025 0.10742 0.09555
9.9991E-05 0.0200152 0.0286916 0.232646 0.419798 0.158601 0.140148
0.107846 9.9973E-05 0.754823 9.9973E-05 0.104208 9.9973E-05 0.0328238
0.0675155 9.9973E-05 9.9973E-05 0.502677 0.426617 9.9973E-05 0.00289084
0.243003 0.0660413 0.380431 0.100005 0.0424751 9.9991E-05 0.167945
9.9982E-05 9.9982E-05 0.03353 0.261487 0.478755 0.0554417 0.170587
0.333647 9.9955E-05 0.665853 9.9955E-05 9.9955E-05 9.9955E-05 9.9955E-05
0.20812 9.9991E-05 0.0876766 0.224704 0.28143 0.061776 0.136193
0.0449326 0.0515544 0.0686295 0.30748 0.527204 9.9982E-05 9.9982E-05
9.9982E-05 0.00961598 0.00368533 0.194939 0.761402 0.0301578 9.9982E-05
0.215104 9.9982E-05 9.9982E-05 0.272859 0.307806 0.0362977 0.167732
9.9973E-05 0.0216382 0.654579 9.9973E-05 0.208072 9.9973E-05 0.115411
0.0839117 0.0212606 0.151655 0.147862 0.390006 0.00637865 0.198925
0.110423 0.11085 0.353636 0.283663 0.0303437 9.99973E-05 0.110984
0.0830877 0.0831297 9.9991E-05 0.374247 0.303418 0.0336742 0.122344
0.082925 9.9982E-05 0.759044 0.0652203 0.0630563 9.9982E-05 0.0295549
0.143866 9.9991E-05 0.0883343 0.401061 0.0778101 0.232741 0.0560877
0.290257 0.0103833 0.283008 0.191294 0.111713 9.9991E-05 0.113244
0.0554131 9.9991E-05 0.0444908 0.184112 0.499705 0.143684 0.0724949
0.171121 0.0990264 0.156868 0.245326 0.134103 9.9991E-05 0.193456
0.177595 9.9973E-05 0.441647 0.290013 0.0904443 9.9973E-05 9.9973E-05
9.9982E-05 0.0459503 9.9982E-05 0.100744 0.488379 0.0673765 0.29735
0.0323961 0.12815 9.9982E-05 0.296011 0.414253 9.9982E-05 0.128989
0.131456 9.9982E-05 9.9982E-05 0.240956 0.291393 0.0960453 0.239951
0.0567703 9.9982E-05 9.9982E-05 0.384704 0.387833 0.100388 0.0701043
0.211708 0.0261673 0.35867 0.229834 9.9982E-05 9.9982E-05 0.173421
0.204968 9.9982E-05 9.9982E-05 0.0985735 0.497692 0.0681371 0.13043
0.109212 0.0467331 9.9982E-05 0.359859 0.474637 9.9982E-05 0.009359
0.00282088 9.9991E-05 0.0099665 0.0384285 0.712433 0.193863 0.0423885
9.9982E-05 0.14183 0.49672 0.0343295 0.257201 9.9982E-05 0.0697196
0.0809907 0.0895825 0.184573 9.9982E-05 0.369478 9.9982E-05 0.275176
0.184132 9.9973E-05 9.9973E-05 0.0936296 0.647432 0.0745057 9.9973E-05
0.230127 0.117735 0.0635622 0.099199 0.0465344 0.0424115 0.400431
0.19553 0.0810197 0.139727 0.24939 0.221849 9.9991E-05 0.112385
0.148049 0.0302266 9.9991E-05 0.117149 0.441786 0.0611609 0.201529
0.156128 0.14091 0.29745 0.106608 0.0261455 9.9991E-05 0.272658
0.178505 9.9991E-05 0.021831 0.18976 0.127965 0.0983888 0.38345
0.0956809 0.0258048 0.396016 0.140282 0.247508 9.9991E-05 0.0946079
0.0873176 0.146476 9.9973E-05 0.0907549 0.675152 9.9973E-05 9.9973E-05
0.0545403 0.0823504 9.9982E-05 0.296788 0.493919 9.9982E-05 0.0722017
9.9982E-05 9.9982E-05 0.0230691 0.351002 0.496177 0.0743259 0.0552255
9.9973E-05 0.0541811 9.9973E-05 0.331715 0.523672 9.9973E-05 0.090132
0.0332783 0.131363 9.9982E-05 0.37791 0.363649 9.9982E-05 0.0935996
0.0159757 0.104809 0.00544139 0.167018 0.483732 0.0524666 0.170557
0.26494 9.9982E-05 0.233737 0.179211 0.202451 9.9982E-05 0.119461
0.176203 0.0205985 0.0255085 0.214072 0.255453 0.0445651 0.2636
0.0945686 9.9973E-05 9.9973E-05 0.0712238 0.779529 9.9973E-05 0.0543783
0.0690048 0.037437 0.0748869 0.199772 0.618699 9.9982E-05 9.9982E-05
0.243215 0.0185153 0.049217 0.118563 0.307404 0.0221399 0.240945
0.3441 9.9991E-05 0.219629 0.218223 0.0615556 0.0528294 0.103563
0.0211984 9.9982E-05 9.9982E-05 0.530337 0.151613 0.0865524 0.210099
0.0696528 0.179322 0.00185206 0.215465 0.533508 9.9982E-05 9.9982E-05
0.108926 9.9973E-05 0.785643 0.101784 9.9973E-05 9.9973E-05 0.00334649
0.0224839 9.9973E-05 0.624417 0.330539 0.0222593 9.9973E-05 9.9973E-05
0.00156149 0.122164 9.9982E-05 0.00223466 0.664954 9.9982E-05 0.208886
9.9982E-05 0.0747907 0.0219112 0.380915 0.2693 0.252882 9.9982E-05
0.0588499 0.218793 0.0523617 0.0890915 0.103638 0.447865 0.0294013
0.166878 0.0992795 9.9982E-05 9.9982E-05 0.325541 0.353115 0.0549864
9.9991E-05 0.0110855 0.00265157 0.436649 0.375322 0.121872 0.0523202
0.0120774 0.256225 9.9982E-05 0.308454 0.128112 0.294931 9.9982E-05
0.046108 0.172918 9.9982E-05 0.270709 0.211478 0.298588 9.9982E-05
9.9991E-05 0.0688317 0.0587525 0.088429 0.168132 0.547661 0.0680938
0.0938354 0.330842 0.0400385 0.0573995 0.123852 0.353933 9.9991E-05
0.185564 0.183849 9.9982E-05 0.236325 0.0957741 0.298289 9.9982E-05
0.0115586 0.309662 9.9991E-05 0.145481 0.346229 0.0963723 0.0905975
0.111779 0.146619 9.9991E-05 0.235972 0.188272 0.169077 0.148181
9.9991E-05 0.118472 0.0147249 0.495286 0.00603254 0.359172 0.0062116
0.206509 0.0582524 9.9991E-05 0.338506 0.304639 0.0785847 0.0134101
0.0929171 0.219218 9.9982E-05 0.288622 0.190191 0.208852 9.9982E-05
0.0368076 0.0922882 9.9982E-05 0.232384 0.291469 0.346852 9.9982E-05
0.186591 0.107849 0.048485 0.103548 0.0915925 0.456265 0.0056704
0.0205884 0.117651 9.9991E-05 0.317324 0.272259 0.24697 0.0251079
0.156875 0.1505 9.9991E-05 0.199193 0.158281 0.20031 0.134741
0.102515 0.0227045 0.660937 9.9982E-05 9.9982E-05 0.0440845 0.169559
0.0123872 0.138329 0.0206044 0.657518 0.0496246 0.097315 0.0242216
0.204289 0.26572 9.9991E-05 0.337797 0.069987 0.0597089 0.062398
0.0544019 0.000743812 0.095474 0.352692 0.307757 0.134955 0.0539772
9.9982E-05 0.246547 0.0272272 0.174257 0.0961771 0.455592 9.9982E-05
9.9973E-05 0.347694 9.9973E-05 0.299437 9.9973E-05 0.245644 0.106925
0.0807753 0.0340469 9.9991E-05 0.399724 0.0894569 0.0632457 0.332651
0.0948563 0.259223 0.00671423 0.240588 0.0489311 0.349587 9.9991E-05
0.21148 0.139363 9.9982E-05 0.252733 0.15027 0.245954 9.9982E-05
0.112681 0.218811 0.019867 0.220896 0.185462 0.207061 0.0352211
0.00980267 0.32504 0.06677 0.264371 0.0568419 0.272677 0.00449745
0.0637081 0.236399 0.00863711 0.191933 9.9991E-05 0.329081 0.170142
0.105744 0.306224 9.9982E-05 0.0620916 0.113502 0.412239 9.9982E-05
9.995E-05 0.9994 9.995E-05 9.995E-05 9.995E-05 9.995E-05 9.995E-05
0.178341 0.242232 9.9973E-05 9.9973E-05 0.250847 0.32828 9.9973E-05
0.0449848 0.26237 9.9982E-05 0.234622 0.15086 0.306963 9.9982E-05
0.106277 0.0895399 0.0728958 0.190555 9.9991E-05 0.425133 0.115499
0.180425 0.110039 9.9991E-05 0.15607 0.10871 0.380596 0.0640597
0.0255203 0.150765 0.111456 0.249807 9.9991E-05 0.394788 0.0675641
0.0710972 0.1682 9.9982E-05 0.282921 0.405847 9.9982E-05 0.0717352
0.149801 0.160643 9.9982E-05 0.0165708 0.182662 0.490123 9.9982E-05
0.0616672 0.185689 9.9982E-05 0.267706 0.187493 0.297246 9.9982E-05
9.9991E-05 0.0327301 0.0398952 0.278741 0.212785 0.426268 0.00948167
0.203931 0.0229475 9.9991E-05 0.213493 0.0923021 0.430989 0.0362377
9.995E-05 0.9994 9.995E-05 9.995E-05 9.995E-05 9.995E-05 9.995E-05
0.000235856 0.241521 9.9973E-05 0.305487 0.452456 9.9973E-05 9.9973E-05
9.9982E-05 0.256875 0.000127891 0.304967 0.162133 0.275698 9.9982E-05
0.105817 9.9991E-05 0.308582 0.337421 0.0560341 0.0147848 0.177262
0.269607 0.11988 9.9991E-05 0.22619 0.226565 0.0282694 0.129388
0.00982827 9.9991E-05 0.0252553 0.456243 0.289861 0.101263 0.11745
9.9991E-05 0.180496 0.0273068 0.280919 0.103026 0.313077 0.0950759
0.150339 0.200544 9.9973E-05 0.477177 9.9973E-05 0.17164 9.9973E-05
0.00710335 0.2626 0.0400678 0.19666 0.106968 0.386502 9.9991E-05
9.9982E-05 0.135963 9.9982E-05 0.300646 0.149435 0.23397 0.179786
9.9991E-05 0.185862 0.0721528 0.153717 0.195647 0.300323 0.092198
0.129899 0.199743 9.9982E-05 0.280005 0.119747 0.270407 9.9982E-05
9.9982E-05 0.0667992 9.9982E-05 0.370376 0.229735 0.330574 0.00231603
0.0148135 0.28587 9.9982E-05 0.119954 9.9982E-05 0.495319 0.0838441
0.0298824 0.279331 9.9991E-05 0.0479705 0.286901 0.258784 0.0970313
0.0786613 0.551518 9.9973E-05 9.9973E-05 0.35217 9.9973E-05 0.0173504
0.0716462 0.176193 9.9982E-05 0.167482 0.131171 0.453307 9.9982E-05
9.9982E-05 0.146783 0.0126878 0.134605 0.192664 0.51306 9.9982E-05
0.0857051 0.374821 0.0125743 0.0449697 0.191259 0.290571 9.9991E-05
0.0111761 9.9964E-05 9.9964E-05 0.490868 9.9964E-05 0.497556 9.9964E-05
9.9982E-05 0.00630384 9.9982E-05 0.401681 0.340459 0.0858251 0.165531
0.0289992 0.238423 9.9991E-05 0.148803 0.122529 0.421573 0.0395726
0.137542 9.9991E-05 0.191062 0.293799 0.301851 0.0439791 0.0316659
0.190029 0.23769 9.9982E-05 0.24526 0.200509 0.126312 9.9982E-05
9.9982E-05 0.197178 0.055689 9.9982E-05 0.19512 0.44509 0.106723
0.165863 0.0693324 0.0600153 0.361304 0.19557 9.9991E-05 0.147815
0.253629 0.234836 9.9982E-05 0.221346 0.067392 0.222597 9.9982E-05
0.12726 0.119377 9.9991E-05 0.288065 0.0409969 0.349185 0.0750157
0.0420737 0.698186 9.9973E-05 9.9973E-05 0.124494 0.134947 9.9973E-05
0.0516564 0.212848 9.9991E-05 0.297806 0.0772193 0.327682 0.0326881
0.0818261 0.125616 0.0194514 0.265857 0.159855 0.200354 0.147039
0.0438045 0.0914156 9.9982E-05 0.340609 0.0881898 0.435781 9.9982E-05
0.135552 0.086889 0.0138052 0.215616 0.0654662 0.482573 9.9991E-05
9.9991E-05 0.183741 0.0367394 0.268163 0.176091 0.309054 0.026111
0.0593421 0.0637022 9.9991E-05 0.263194 0.398606 0.138862 0.0761929
9.9973E-05 0.15922 9.9973E-05 0.412024 9.9973E-05 0.272037 0.156419
0.0804229 0.196472 0.00532633 0.247718 0.226486 0.243475 9.9991E-05
0.153649 9.9964E-05 0.757048 9.9964E-05 9.9964E-05 0.0889031 9.9964E-05
0.116273 0.104365 9.9982E-05 0.282776 0.20311 0.293276 9.9982E-05
0.0193062 9.9991E-05 0.0811623 0.402547 0.365813 0.0250332 0.106038
0.0340281 0.280171 0.0617045 0.00767954 9.9991E-05 0.457863 0.158453
0.0589513 0.146761 0.000937941 0.624264 9.9991E-05 0.141708 0.0272777
0.100845 9.9982E-05 9.9982E-05 0.35631 0.271378 0.248784 0.0224835
0.0735431 0.0885849 9.9982E-05 0.277469 0.54809 0.0121126 9.9982E-05
0.0207687 0.206946 9.9991E-05 0.318868 0.19617 0.231402 0.0257447
0.202979 0.0956869 9.9982E-05 0.254946 0.11694 0.329249 9.9982E-05
0.0536852 0.218516 9.9982E-05 0.469691 0.00377718 0.254131 9.9982E-05
0.00865902 0.347769 0.0134405 0.149627 0.162471 0.233966 0.0840664
0.0877177 0.144956 0.0280996 0.0566978 0.495789 0.0325619 0.154178
0.0478692 0.247441 9.9982E-05 0.365739 9.9982E-05 0.246743 0.0920073
0.121705 0.16737 9.9991E-05 0.18236 0.14396 0.250392 0.134113
0.041968 0.0796637 9.9991E-05 0.290601 0.173845 0.327234 0.0865881
0.163719 9.9991E-05 0.0339804 0.213056 0.546352 0.0274749 0.0153177
0.089424 0.155311 9.9991E-05 0.118574 0.0890126 0.426836 0.120742
0.113646 0.297012 9.9991E-05 0.216999 0.0491981 0.250369 0.0726755
0.0943123 0.273688 9.9991E-05 0.0758029 0.243142 0.27618 0.0367753
0.222878 0.140208 9.9982E-05 9.9982E-05 0.347856 0.286814 0.00204439
0.166535 9.9973E-05 9.9973E-05 0.0922205 0.437982 9.9973E-05 0.302962
0.209862 9.9964E-05 0.789237 9.9964E-05 9.9964E-05 0.000501639 9.9964E-05
0.163752 0.128555 9.9991E-05 0.00438085 0.215756 0.410056 0.0774
0.08402 0.112263 9.9982E-05 0.456006 0.213781 0.13373 9.9982E-05
9.9982E-05 0.228705 9.9982E-05 0.03862 0.390113 0.266149 0.076213
0.00169489 0.232019 9.9991E-05 0.293505 0.0555035 0.283481 0.133697
9.9982E-05 0.255854 0.0599825 0.310575 0.0160491 0.35734 9.9982E-05
0.0248617 0.233612 9.9982E-05 0.460029 0.0302699 0.251028 9.9982E-05
0.094983 0.22493 0.00188668 0.325979 9.9991E-05 0.33998 0.0121404
0.0128934 0.297291 0.0405986 9.9982E-05 0.242931 0.406086 9.9982E-05
9.9982E-05 0.0948966 0.0638543 0.282772 0.088634 0.469643 9.9982E-05
0.133371 0.321016 9.9982E-05 0.134054 0.33994 0.0714191 9.9982E-05
0.0438384 9.9982E-05 9.9982E-05 0.121778 0.474597 0.149461 0.210125
0.109805 0.342507 9.9982E-05 0.257972 9.9982E-05 0.264779 0.0247358
9.9982E-05 0.314633 9.9982E-05 0.0624704 0.350139 0.228594 0.0439631
0.096239 0.0306074 9.9982E-05 0.134591 0.580459 9.9982E-05 0.157903
9.9991E-05 0.292914 0.0165579 0.141897 0.0705276 0.274321 0.203682
0.129267 0.0337358 9.9991E-05 0.175923 0.356677 0.0123129 0.291984
9.9991E-05 0.118625 0.0637873 0.146602 0.141784 0.376284 0.152818
0.160711 0.123984 9.9982E-05 0.373331 0.0759823 0.265792 9.9982E-05
9.9982E-05 0.0230069 9.9982E-05 0.584268 0.262949 0.0809971 0.0485794
9.9982E-05 0.195698 0.0076123 0.375482 9.9982E-05 0.245246 0.175761
9.9991E-05 0.0807025 0.00894061 0.443042 0.0675944 0.192522 0.207098
0.9994 9.995E-05 9.995E-05 9.995E-05 9.995E-05 9.995E-05 9.995E-05
0.9994 9.995E-05 9.995E-05 9.995E-05 9.995E-05 9.995E-05 9.995E-05
0.029204 0.267562 0.0191243 0.246003 0.132076 0.291469 0.0145617
0.0679124 0.198608 9.9982E-05 0.246158 0.206358 0.280764 9.9982E-05
0.162096 0.300329 9.9982E-05 0.199595 0.0250693 0.312711 9.9982E-05
0.0598193 0.151957 0.0471123 0.112214 0.247506 0.340991 0.040401
9.9973E-05 0.211223 9.9973E-05 0.00230693 0.392132 0.394038 9.9973E-05
9.9982E-05 0.328745 9.9982E-05 0.297148 0.0319379 0.245789 0.0961803
9.9982E-05 0.306269 9.9982E-05 0.246056 0.084135 0.230366 0.132974
0.000571288 0.00497085 9.9982E-05 0.104121 0.644649 9.9982E-05 0.245488
0.245415 0.242134 9.9982E-05 9.9982E-05 0.210804 0.272999 0.0284486
9.9982E-05 0.120336 9.9982E-05 0.0874282 0.237242 0.524106 0.0306881
0.0808669 0.151905 0.013128 9.9982E-05 0.161435 0.592465 9.9982E-05
0.0279197 0.0726997 0.0109856 0.350544 9.9991E-05 0.431929 0.105822
0.361876 9.9973E-05 9.9973E-05 0.00553498 0.217375 0.414914 9.9973E-05
0.0715832 0.0931562 0.0362754 0.281494 0.212002 0.305389 9.9991E-05
9.9973E-05 0.192307 9.9973E-05 0.0790483 0.505042 0.223303 9.9973E-05
0.0667294 0.168004 9.9991E-05 0.24837 0.0798678 0.212677 0.224252
0.13409 0.129233 9.9982E-05 0.390217 0.0729675 0.273293 9.9982E-05
0.03481 0.161891 9.9982E-05 0.262191 9.9982E-05 0.317586 0.223322
0.00889182 9.9991E-05 0.077517 0.126849 0.628265 0.0541999 0.104177
0.266165 0.113791 9.9973E-05 9.9973E-05 0.450384 0.16936 9.9973E-05
0.149921 0.255437 9.9973E-05 9.9973E-05 9.9973E-05 0.365441 0.2289
9.9991E-05 0.115209 0.0294501 0.404376 0.0317039 0.398872 0.0202892
0.190266 0.167305 9.9991E-05 0.231615 0.109472 0.215608 0.0856336
0.0425155 0.369771 9.9973E-05 0.352924 9.9973E-05 0.23449 9.9973E-05
9.9982E-05 0.150658 9.9982E-05 0.183022 0.205123 0.309565 0.151432
0.217723 0.0278596 0.00774653 0.31787 0.4286 9.9982E-05 9.9982E-05
0.0838361 0.130118 0.0701494 0.455396 0.220115 9.9991E-05 0.0402866
0.00835039 0.234078 0.0523246 0.330944 0.149466 0.224737 9.9991E-05
0.0151491 0.215385 9.9991E-05 0.028542 0.234159 0.442785 0.0638803
0.094333 0.168519 9.9982E-05 0.0854092 0.303361 0.348178 9.9982E-05
0.131277 0.178053 9.9991E-05 0.181453 0.2229 0.196477 0.0897393
0.0203961 0.250587 0.0337332 9.9991E-05 0.134151 0.452203 0.108829
0.275962 0.163668 9.9973E-05 0.319128 9.9973E-05 0.240942 9.9973E-05
0.171352 9.9982E-05 0.201632 0.339253 9.9982E-05 0.0532026 0.23436
0.0613328 0.0521208 9.9982E-05 0.325724 0.20756 0.353062 9.9982E-05
0.0706862 0.226027 9.9991E-05 0.241161 0.169826 0.204092 0.0881078
0.15496 9.9991E-05 0.274889 0.340541 0.017958 0.0986298 0.112923
0.0882344 9.9991E-05 0.227581 0.339957 0.260283 0.0441517 0.0396939
9.9991E-05 0.161828 0.00178743 0.0906002 0.125884 0.585524 0.0342772
0.232263 9.9982E-05 9.9982E-05 0.194327 0.120459 0.327773 0.124979
0.114056 0.257288 9.9982E-05 0.190538 0.0756994 0.362219 9.9982E-05
0.00867116 0.0498225 9.9991E-05 0.167044 0.581193 0.097834 0.0953357
0.00838527 0.0444357 0.0567079 0.137024 0.172967 0.508777 0.0717028
0.0482296 0.218395 9.9982E-05 0.066545 0.298158 0.368472 9.9982E-05
0.337868 9.9982E-05 0.2029 0.278174 0.048722 9.9982E-05 0.132135
0.045058 0.180453 0.00259748 0.0577142 0.336399 0.377678 9.9991E-05
9.9991E-05 0.24049 0.031251 0.118141 0.181655 0.380928 0.0474346
0.0507685 0.357991 0.00297011 0.219209 0.126351 0.206983 0.0357265
0.166503 0.109263 9.9991E-05 0.219826 0.0743929 0.391174 0.0387411
0.0404068 0.171302 9.9982E-05 0.359286 0.0292005 0.399605 9.9982E-05
0.16402 0.209321 9.9991E-05 0.254586 0.0398418 0.315879 0.0162529
0.0571359 0.187832 0.0187928 0.196662 0.112237 0.34942 0.0779196
0.115623 0.129626 9.9982E-05 0.232607 0.235259 0.286684 9.9982E-05
9.9982E-05 0.0553328 0.010667 0.153446 0.237438 0.542916 9.9982E-05
0.0172033 0.337841 9.9991E-05 0.200327 0.00235699 0.184166 0.258006
0.150679 9.9973E-05 0.607993 9.9973E-05 9.9973E-05 0.0980052 0.143023
0.181008 0.443383 9.9982E-05 0.0478622 9.9982E-05 0.209484 0.118063
0.0159779 0.22287 9.9973E-05 0.537502 9.9973E-05 0.22335 9.9973E-05
0.227688 0.0139219 9.9991E-05 0.452363 0.122081 0.0939648 0.0898819
0.0061169 0.221096 9.9982E-05 0.296367 0.00472298 0.471497 9.9982E-05
0.0198203 0.142092 9.9991E-05 0.0574998 0.300357 0.377671 0.10246
0.173336 0.159503 9.9982E-05 0.267758 9.9982E-05 0.355271 0.0439311
0.203539 0.0358989 0.053818 0.400353 0.179265 0.127026 9.9991E-05
0.241367 0.170749 9.9982E-05 0.331546 0.0180273 0.23811 9.9982E-05
9.9991E-05 0.319941 0.0168309 0.322897 0.022291 0.298265 0.0196751
9.9991E-05 0.161263 0.045279 0.152055 0.150175 0.399854 0.0912738
9.9973E-05 0.214465 9.9973E-05 0.424001 9.9973E-05 0.251233 0.110001
0.0758617 0.0512525 0.02364 0.462884 0.116605 0.229564 0.0401934
0.0377591 9.9964E-05 0.924472 0.0373694 9.9964E-05 9.9964E-05 9.9964E-05
0.244496 0.186651 9.9991E-05 0.184632 0.155991 0.220153 0.00797708
9.9982E-05 0.209984 9.9982E-05 0.239548 0.285346 0.196276 0.0686476
0.0938983 0.154883 9.9991E-05 0.233217 0.13719 0.245231 0.13548
0.077975 0.178536 9.9991E-05 0.357216 0.0189732 0.286167 0.0810326
9.9973E-05 0.352871 9.9973E-05 0.334088 9.9973E-05 0.230076 0.0826646
0.00484923 0.356592 9.9982E-05 0.501473 9.9982E-05 0.0847509 0.0521346
0.357901 9.9973E-05 0.539697 9.9973E-05 9.9973E-05 0.0232754 0.0788264
0.0434455 0.211373 9.9982E-05 0.427087 0.0192797 0.298615 9.9982E-05
0.175984 0.123688 9.9982E-05 0.29547 0.0266176 0.37804 9.9982E-05
9.9973E-05 0.098236 9.9973E-05 9.9973E-05 0.470432 0.388015 0.0430174
0.0514199 0.138845 9.9991E-05 0.348845 0.120309 0.303576 0.0369054
0.147267 0.328807 9.9982E-05 9.9982E-05 0.167614 0.245242 0.11087
0.193529 0.33239 9.9982E-05 0.142874 0.0828921 0.248114 9.9982E-05
0.184653 0.030129 9.9991E-05 0.169909 0.143383 0.434985 0.0368409
0.116461 0.147469 9.9982E-05 0.451878 0.0350051 0.248986 9.9982E-05
0.152224 0.109164 9.9991E-05 0.19259 0.112831 0.303863 0.129229
9.9982E-05 0.102039 9.9982E-05 0.124415 0.362218 0.377625 0.0335038
0.185136 0.562388 9.9991E-05 0.0272005 0.040412 0.130562 0.0542016
0.105671 0.112622 9.9982E-05 0.168926 0.293164 0.319418 9.9982E-05
0.118051 0.1291 9.9982E-05 0.354884 0.149843 0.247922 9.9982E-05
0.104075 0.247217 0.0506043 0.0717859 0.156512 0.369707 9.9991E-05
0.0195822 0.113706 9.9991E-05 0.326353 0.23556 0.235436 0.0692632
0.0776994 0.151645 0.0148064 0.127434 0.40288 0.211403 0.0141323
9.9982E-05 0.284215 9.9982E-05 0.165396 0.19337 0.293994 0.062826
0.0793116 0.339591 0.0490637 0.279775 9.9991E-05 0.22799 0.0241697
9.9991E-05 0.20882 0.0351803 0.258171 0.112767 0.309759 0.0752022
9.9982E-05 0.167705 9.9982E-05 0.0768476 0.24104 0.356103 0.158105
0.0165045 0.206422 9.9991E-05 0.186175 0.315901 0.174264 0.100633
0.13243 0.268559 9.9982E-05 0.107196 0.103509 0.388106 9.9982E-05
