0.0245248 0.00690605 0.00208788 0.163626 0.00834709 0.498117 0.296392
0.0694096 0.115766 0.0279327 0.207912 9.9991E-05 0.401824 0.177056
0.427152 0.120113 9.9973E-05 9.9973E-05 9.9973E-05 0.277772 0.174663
0.0388901 0.0200323 0.149826 0.0376004 9.9991E-05 0.545431 0.208121
0.161501 0.0242578 9.9991E-05 0.0279397 0.00126057 0.287759 0.497182
0.411975 9.9955E-05 0.587526 9.9955E-05 9.9955E-05 9.9955E-05 9.9955E-05
0.221726 9.9973E-05 9.9973E-05 9.9973E-05 0.11528 0.464657 0.198037
0.124576 9.9982E-05 0.813777 0.0263999 0.00553285 0.0295144 9.9982E-05
0.230227 9.9982E-05 9.9982E-05 0.00548527 0.0042444 0.269439 0.490404
0.229729 0.0540109 0.000663674 0.223228 9.9991E-05 0.300931 0.191337
0.140677 0.0769794 0.00343402 0.0136002 0.0285645 0.553184 0.18356
0.171983 9.9982E-05 0.173433 0.2683 9.9982E-05 0.256267 0.129816
0.14624 0.0187589 9.9982E-05 0.0897049 9.9982E-05 0.222911 0.522185
0.129658 0.103549 0.0536328 9.9982E-05 9.9982E-05 0.409337 0.303623
0.34917 9.9964E-05 0.601758 0.0486715 9.9964E-05 9.9964E-05 9.9964E-05
0.364036 0.246328 9.9973E-05 9.9973E-05 9.9973E-05 0.23962 0.149715
0.203181 9.9982E-05 0.130808 0.126577 9.9982E-05 0.290848 0.248386
9.9973E-05 0.0253785 9.9973E-05 9.9973E-05 0.12708 0.46512 0.382122
0.0769686 9.9982E-05 0.0432069 0.0742027 9.9982E-05 0.356953 0.448469
0.0221185 0.102414 9.9982E-05 0.175458 9.9982E-05 0.570036 0.129775
0.0916293 9.9982E-05 9.9982E-05 0.0106752 0.0060634 0.528456 0.362976
0.195425 0.0605824 0.0881019 0.152932 9.9991E-05 0.239336 0.263523
0.196598 0.175291 9.9973E-05 9.9973E-05 9.9973E-05 0.363363 0.264448
0.163637 0.15281 0.539579 0.00298956 9.9982E-05 9.9982E-05 0.140784
0.0148124 0.0591741 0.0103009 0.0734346 0.0233551 0.15822 0.660703
0.27461 9.9973E-05 0.567533 0.110166 9.9973E-05 0.0473912 9.9973E-05
0.147169 0.0994776 0.445936 9.9982E-05 0.0145714 9.9982E-05 0.292646
9.9964E-05 9.9964E-05 0.270359 9.9964E-05 9.9964E-05 0.416005 0.313236
0.255017 0.0849213 0.593885 0.0392287 9.9991E-05 0.0056158 0.0212319
9.9973E-05 0.00708928 0.135143 9.9973E-05 9.9973E-05 0.610071 0.247396
0.0728272 0.0774775 0.438935 0.0941913 9.9991E-05 0.102267 0.214202
0.184108 9.9982E-05 9.9982E-05 0.0810908 0.0713985 0.368051 0.295152
0.339935 0.122573 0.182264 9.9982E-05 9.9982E-05 0.0624384 0.292589
0.142242 9.9973E-05 0.755437 9.9973E-05 0.00498906 0.0970317 9.9973E-05
9.99668E-05 0.039783 0.829448 9.99668E-05 0.13037 9.99668E-05 9.99668E-05
0.15055 9.9982E-05 0.0980994 9.9982E-05 0.0118991 0.312866 0.426386
0.0425766 0.0463814 0.130086 9.9982E-05 9.9982E-05 0.323806 0.456951
0.0965863 0.114334 9.9982E-05 9.9982E-05 0.0639983 0.247942 0.47694
9.9973E-05 0.00450897 0.711106 0.0662179 9.9973E-05 0.217867 9.9973E-05
0.194002 0.098627 0.358932 0.0857546 9.9982E-05 9.9982E-05 0.262485
0.331722 0.0204978 0.179578 0.0510631 0.057621 0.121537 0.237981
0.403081 9.9973E-05 9.9973E-05 0.0337069 9.9973E-05 0.258839 0.304073
0.0970658 0.0375875 0.15726 9.9982E-05 9.9982E-05 0.208897 0.49899
0.10401 0.0908134 0.52821 0.0490909 0.0585716 0.169204 9.9991E-05
0.113406 0.0588151 9.9991E-05 0.0194237 0.11963 0.385373 0.303252
0.0706637 0.167564 9.9991E-05 0.104954 0.00493996 0.131892 0.519886
0.114887 0.0871208 0.0651754 0.104674 9.9991E-05 0.251893 0.37615
0.33607 0.0525316 0.0279883 0.0858182 9.9991E-05 0.250899 0.246593
0.154766 0.211323 0.0517361 9.9982E-05 9.9982E-05 0.222153 0.359822
0.209636 9.9973E-05 0.460962 0.0434346 9.9973E-05 9.9973E-05 0.285668
0.208507 0.0487942 9.9991E-05 0.0315501 0.0494367 0.627236 0.0343763
0.201465 0.0361387 0.379774 0.168828 9.9982E-05 0.213595 9.9982E-05
0.249835 0.0269118 9.9982E-05 0.249856 9.9982E-05 0.246568 0.226629
0.132302 0.0340346 0.82766 9.9973E-05 0.00570352 9.9973E-05 9.9973E-05
0.388321 0.0468835 0.370303 9.9982E-05 0.00755529 0.186737 9.9982E-05
0.171615 9.9973E-05 9.9973E-05 0.0883865 9.9973E-05 0.485408 0.254291
9.9973E-05 0.109703 9.9973E-05 0.089553 9.9973E-05 0.591358 0.209086
0.0335355 0.103586 0.134691 0.0905507 9.9991E-05 0.306244 0.331293
0.268161 0.0763515 0.268411 9.9982E-05 9.9982E-05 0.150441 0.236436
9.9964E-05 9.9964E-05 0.315532 9.9964E-05 9.9964E-05 0.258373 0.425695
0.0100701 0.118321 0.81343 9.9982E-05 0.0303464 9.9982E-05 0.0276329
0.222766 0.024426 0.752408 9.9964E-05 9.9964E-05 9.9964E-05 9.9964E-05
9.9973E-05 9.9973E-05 0.071027 9.9973E-05 0.0330526 0.181497 0.714123
0.00770344 0.0452102 0.946686 9.9964E-05 9.9964E-05 9.9964E-05 9.9964E-05
0.235119 9.9973E-05 9.9973E-05 0.13058 9.9973E-05 0.18904 0.444962
0.0378931 0.0232441 0.854821 9.9973E-05 9.9973E-05 0.0837417 9.9973E-05
0.00649886 0.0508457 9.9982E-05 0.0234315 9.9982E-05 0.541076 0.377948
0.304323 0.105712 0.0710548 0.14142 9.9991E-05 0.139098 0.238292
0.0683568 0.157383 9.9991E-05 0.00389012 0.00901343 0.305536 0.45572
0.357992 9.9955E-05 0.641508 9.9955E-05 9.9955E-05 9.9955E-05 9.9955E-05
0.0107407 0.136392 9.9991E-05 0.197852 0.0435933 0.492296 0.119025
9.9982E-05 0.103425 0.039331 0.0917877 9.9982E-05 0.113651 0.651606
0.0794638 0.143273 0.301546 0.00492909 9.9991E-05 0.241253 0.229435
0.251415 0.00757386 9.9982E-05 0.16172 9.9982E-05 0.251809 0.327282
0.0927404 0.1189 0.0387285 0.115527 0.0494672 0.46821 0.116427
9.9982E-05 0.0514387 0.370567 0.0284787 9.9982E-05 0.449965 0.09935
0.120993 0.103914 0.00910388 0.0417139 9.9991E-05 0.551506 0.172669
0.199755 0.149178 0.113313 0.118101 9.9991E-05 0.29168 0.127873
0.295405 0.14439 0.080358 0.141026 9.9991E-05 0.0587053 0.280016
0.169657 0.0526873 9.9991E-05 0.105321 0.04003 0.364262 0.267943
0.114935 0.0799413 9.9982E-05 0.336271 9.9982E-05 0.128243 0.340409
0.374769 0.112823 0.00405648 0.0334491 0.00360189 0.327971 0.14333
9.9982E-05 0.154509 0.0621534 0.0159673 9.9982E-05 0.387927 0.379243
0.17165 0.0111564 9.9982E-05 0.0462969 9.9982E-05 0.575861 0.194836
0.345115 9.9973E-05 9.9973E-05 0.0478293 9.9973E-05 0.471988 0.134767
0.22673 0.108573 0.0694634 0.183394 9.9982E-05 0.41164 9.9982E-05
0.361014 0.118118 0.219633 0.0433621 9.9991E-05 0.178552 0.0792213
0.508049 9.9982E-05 0.131655 0.0160143 9.9982E-05 0.297893 0.046188
0.185449 0.0356124 0.767253 9.9973E-05 9.9973E-05 0.0113855 9.9973E-05
0.27081 0.0271546 0.184265 0.0504258 9.9991E-05 0.314351 0.152894
0.301557 0.262766 0.0161969 0.0297767 9.9991E-05 0.143175 0.246428
0.306431 9.9982E-05 0.462706 0.0431033 9.9982E-05 0.0913371 0.0962221
9.9982E-05 0.0677197 0.0405583 0.0021764 9.9982E-05 0.242761 0.646585
0.0516359 9.9973E-05 0.22326 9.9973E-05 9.9973E-05 0.364733 0.360072
0.265823 0.0426838 0.44313 0.0236908 9.9991E-05 0.0979586 0.126614
0.152202 9.9964E-05 0.780209 0.0671886 9.9964E-05 9.9964E-05 9.9964E-05
0.110559 0.0743699 0.0800351 0.0270615 0.0118956 0.446414 0.249664
0.520716 0.0676197 0.0243933 9.9991E-05 0.0319402 0.20957 0.145661
9.9982E-05 0.18858 0.0748324 0.221798 9.9982E-05 0.319175 0.195415
0.148443 9.9973E-05 0.192532 0.0701136 9.9973E-05 0.588611 9.9973E-05
0.241632 0.0774452 0.436812 0.0114158 9.9982E-05 9.9982E-05 0.232495
0.0632575 0.0222447 0.067117 0.115222 9.9991E-05 0.644634 0.0874248
0.0248618 0.213406 9.9991E-05 0.0181778 0.0525643 0.249816 0.441073
0.0372401 0.0629478 9.9982E-05 0.210268 9.9982E-05 0.558128 0.131216
0.150872 0.130056 9.9982E-05 9.9982E-05 0.0983441 0.366907 0.253621
0.154487 0.0975839 0.702997 0.0446323 9.9973E-05 9.9973E-05 9.9973E-05
0.324707 0.0664318 0.392716 0.0486595 0.0545397 0.112847 9.9991E-05
0.15263 0.0898197 9.9982E-05 0.00786663 9.9982E-05 0.53357 0.215913
0.32444 0.00960906 9.9982E-05 9.9982E-05 0.0243344 0.486886 0.154531
0.229599 0.129724 9.9973E-05 9.9973E-05 9.9973E-05 0.430687 0.20969
0.312798 0.0391118 0.390407 9.9973E-05 9.9973E-05 9.9973E-05 0.257383
0.0293606 0.0412212 0.902003 9.9973E-05 9.9973E-05 0.0271151 9.9973E-05
0.2072 0.0188884 0.424963 9.9982E-05 9.9982E-05 0.0252327 0.323515
0.0442879 0.0599279 9.9982E-05 9.9982E-05 0.0865243 0.556163 0.252897
0.0144329 0.0862659 0.0787561 0.152217 9.9991E-05 0.438337 0.229891
9.9982E-05 9.9982E-05 0.00439101 0.17246 0.0611751 0.66443 0.0973437
9.9973E-05 0.107486 9.9973E-05 0.0202484 9.9973E-05 0.502189 0.369776
0.199549 9.9955E-05 0.799952 9.9955E-05 9.9955E-05 9.9955E-05 9.9955E-05
9.9982E-05 9.9982E-05 0.0425693 0.0903417 0.00296092 0.536792 0.327136
0.143655 0.167883 9.9982E-05 9.9982E-05 0.0370833 0.21266 0.438519
0.0829875 9.9982E-05 0.0989685 0.0502958 9.9982E-05 0.538352 0.229196
0.355378 9.9964E-05 0.521374 9.9964E-05 9.9964E-05 0.122848 9.9964E-05
0.185771 0.0905768 9.9973E-05 9.9973E-05 9.9973E-05 0.300948 0.422404
0.370631 0.0614988 9.9982E-05 9.9982E-05 0.100323 0.369797 0.0975502
9.9973E-05 0.0309474 9.9973E-05 9.9973E-05 0.0108182 0.547412 0.410522
0.138022 0.0605719 0.0112143 0.12784 9.9991E-05 0.372785 0.289467
9.9982E-05 0.073477 0.626322 0.0410002 9.9982E-05 0.0939719 0.165029
0.0601204 0.0323909 0.811231 9.9973E-05 9.9973E-05 0.0959583 9.9973E-05
0.291457 0.119048 9.9991E-05 0.00807461 0.037811 0.125788 0.417722
0.118197 0.188438 9.9991E-05 0.177176 0.000128403 0.193652 0.322309
0.192077 0.0357163 9.9982E-05 0.0745177 9.9982E-05 0.268383 0.429106
0.383706 9.9964E-05 9.9964E-05 0.186578 9.9964E-05 9.9964E-05 0.429316
0.291569 0.0383705 0.325262 9.9982E-05 9.9982E-05 0.138426 0.206172
0.151363 0.0888063 0.0347834 0.0327841 0.148673 0.363005 0.180585
0.11717 9.9982E-05 0.166723 0.0263409 9.9982E-05 0.338697 0.350869
9.995E-05 0.9994 9.995E-05 9.995E-05 9.995E-05 9.995E-05 9.995E-05
0.05653 0.0456304 0.581466 0.0429452 0.00254385 0.203958 0.0669266
0.295375 9.9973E-05 0.210588 9.9973E-05 0.0345926 0.459144 9.9973E-05
9.995E-05 0.9994 9.995E-05 9.995E-05 9.995E-05 9.995E-05 9.995E-05
0.0597933 0.0848921 0.575182 0.098376 9.9982E-05 9.9982E-05 0.181556
0.297535 9.9973E-05 0.152405 9.9973E-05 9.9973E-05 0.373985 0.175774
0.0687567 0.100069 0.318119 0.1246 9.9982E-05 9.9982E-05 0.388255
0.304012 9.9973E-05 0.190834 0.0435018 9.9973E-05 9.9973E-05 0.461352
0.413375 0.0545951 0.114244 0.0869373 0.0213423 9.9991E-05 0.309406
0.184697 9.9964E-05 0.631939 9.9964E-05 9.9964E-05 9.9964E-05 0.182964
0.155884 0.012932 0.253076 0.051136 0.0446524 0.27194 0.210379
0.363401 0.147492 0.16231 9.9982E-05 9.9982E-05 0.00849123 0.318106
0.186601 0.170283 9.9982E-05 0.0854488 9.9982E-05 0.320343 0.237124
9.9973E-05 0.0491053 9.9973E-05 0.299291 9.9973E-05 0.516994 0.13431
0.117719 0.0785257 9.9991E-05 0.306992 0.0207474 0.23131 0.244606
0.333984 9.9982E-05 0.0303057 9.9982E-05 0.0238057 0.0994853 0.512219
0.127694 9.9982E-05 0.32885 9.9982E-05 0.00202308 0.372254 0.168979
0.0999803 9.9982E-05 0.654724 0.00716418 9.9982E-05 0.0736425 0.164289
0.0955259 0.030852 0.419073 9.9991E-05 0.114024 0.0427593 0.297665
0.16203 0.23401 9.9973E-05 0.10307 9.9973E-05 9.9973E-05 0.500589
0.234615 0.166004 9.9991E-05 0.112412 0.0275218 0.18461 0.274739
0.0748128 0.0794552 0.845332 9.9964E-05 9.9964E-05 9.9964E-05 9.9964E-05
0.173489 0.103204 9.9991E-05 0.0477544 0.0523075 0.100685 0.52246
0.310103 0.0297831 9.9982E-05 0.103277 9.9982E-05 0.27032 0.286317
0.248174 0.0438611 0.143456 0.0925789 9.9991E-05 0.315374 0.156457
0.190077 0.191357 9.9991E-05 0.0332771 0.013458 0.15381 0.417921
0.2239 0.0385026 0.147704 0.0404943 9.9982E-05 9.9982E-05 0.549199
0.359253 0.227277 0.0036695 0.165218 9.9991E-05 0.201028 0.0434542
0.120606 0.105148 0.00361626 0.295969 9.9982E-05 0.474461 9.9982E-05
0.020013 0.0796062 9.9991E-05 0.0159455 0.00309537 0.399917 0.481323
9.9982E-05 0.10416 9.9982E-05 0.00258991 0.012592 0.528727 0.351731
0.419131 0.0298863 0.0826155 0.189036 9.9991E-05 0.0188416 0.26039
0.323349 0.0633432 0.464891 9.9973E-05 9.9973E-05 0.148116 9.9973E-05
0.146892 0.103797 0.271456 0.0379736 9.9982E-05 9.9982E-05 0.439681
0.190515 0.20369 0.0462937 0.102278 0.0422016 0.0269864 0.388035
0.202591 0.109946 0.0920032 0.216377 9.9982E-05 0.378883 9.9982E-05
0.408349 9.9982E-05 0.0425402 0.139876 9.9982E-05 0.317831 0.091203
9.9964E-05 9.9964E-05 0.957824 0.0405687 9.9964E-05 9.9964E-05 0.0012077
0.584822 0.082012 9.9973E-05 9.9973E-05 0.0558927 0.276973 9.9973E-05
0.276036 0.218179 0.276154 0.00959472 9.9982E-05 0.219836 9.9982E-05
0.167237 0.212061 9.9991E-05 0.112859 0.0604121 0.120969 0.326362
0.369194 9.9982E-05 0.142889 0.13697 9.9982E-05 0.249233 0.101515
0.362721 0.0310756 0.477848 0.00794421 9.9982E-05 0.120212 9.9982E-05
0.10756 0.0485428 0.391425 9.9982E-05 9.9982E-05 0.191667 0.260605
0.0638861 9.9973E-05 0.530008 0.0467011 9.9973E-05 0.359105 9.9973E-05
0.406771 9.9964E-05 9.9964E-05 9.9964E-05 9.9964E-05 0.344082 0.248747
0.319922 0.0419538 0.637724 9.9964E-05 9.9964E-05 9.9964E-05 9.9964E-05
0.198203 0.0121773 0.36262 0.0628621 9.9991E-05 0.330465 0.0335729
0.0902869 0.00178577 9.9982E-05 0.162206 9.9982E-05 0.098699 0.646822
0.0721298 9.99551E-05 0.92737 9.99551E-05 9.99551E-05 9.99551E-05 9.99551E-05
0.490909 9.9964E-05 0.439727 9.9964E-05 9.9964E-05 9.9964E-05 0.0689641
0.229537 0.104203 0.0277737 0.0257363 9.9991E-05 0.218178 0.394472
0.223735 9.9982E-05 0.425383 0.0117792 9.9982E-05 0.0947226 0.244181
0.136492 0.0724981 0.154094 9.9982E-05 9.9982E-05 0.47544 0.161276
0.21058 0.0542784 9.9991E-05 0.0101261 0.0499673 0.338456 0.336492
0.248999 9.9982E-05 0.270032 0.061355 9.9982E-05 0.0459246 0.373489
0.032807 0.0175954 9.9982E-05 0.0123413 9.9982E-05 0.528259 0.408797
0.143869 0.0214838 9.9973E-05 9.9973E-05 9.9973E-05 0.498641 0.335707
0.222155 0.151565 9.99978E-05 0.0981279 0.0614861 0.183207 0.283359
0.432204 0.0780108 0.149987 0.154007 9.9991E-05 0.125675 0.0600165
9.9973E-05 9.9973E-05 0.264832 0.00379484 9.9973E-05 0.404294 0.326779
0.147844 0.0548286 9.9991E-05 0.128867 0.06762 0.193815 0.406925
0.0286253 0.0290692 0.158904 9.9991E-05 0.0284522 0.465064 0.289786
0.0863049 0.100339 0.00364422 0.0701205 0.116971 0.0894622 0.533158
0.324823 0.114662 9.9982E-05 0.0463689 9.9982E-05 0.0798763 0.43407
0.135498 0.0760112 0.302835 9.9991E-05 0.0796225 0.234887 0.171046
0.123108 0.0385912 9.9982E-05 0.0717158 9.9982E-05 0.547603 0.218782
0.272765 0.112539 9.9991E-05 0.0201203 0.0676514 0.20816 0.318663
0.12023 0.0714669 9.9991E-05 0.0634607 0.209704 0.320875 0.214162
9.9973E-05 9.9973E-05 9.9973E-05 0.112045 0.212186 0.128004 0.547465
0.241691 0.105655 0.241562 0.0685398 0.0606041 0.20399 0.0779584
9.9964E-05 9.9964E-05 9.9964E-05 0.162755 9.9964E-05 0.546407 0.290438
0.475556 0.100918 0.0565386 0.0179042 9.9991E-05 0.307972 0.0410111
0.139707 0.0951947 0.0128952 0.0028269 9.9991E-05 0.265561 0.483715
9.9982E-05 0.0201489 9.9982E-05 0.0289451 0.0855892 0.454658 0.410459
0.114181 0.0546966 9.9991E-05 0.0161242 0.0629162 0.193394 0.558588
0.076307 9.9982E-05 0.31888 0.25816 9.9982E-05 0.235913 0.11054
0.344707 9.9982E-05 0.350571 0.0523496 9.9982E-05 0.158048 0.0941244
0.0844921 0.0293733 9.9973E-05 9.9973E-05 9.9973E-05 0.593051 0.292784
9.9982E-05 0.141351 9.9982E-05 0.00732225 0.161637 0.454814 0.234676
0.0716065 9.9982E-05 9.9982E-05 0.0933925 0.0215566 0.341322 0.471922
0.196544 0.0966457 9.9982E-05 0.0642106 9.9982E-05 0.189232 0.453168
0.273191 0.254452 0.254388 9.9982E-05 9.9982E-05 0.161441 0.0563279
0.352545 0.154792 0.103008 0.132656 9.9991E-05 0.144275 0.112624
0.221054 0.0489447 9.9991E-05 0.115856 0.129656 0.397093 0.0872961
0.126158 0.0704329 0.53155 0.133014 9.9982E-05 9.9982E-05 0.138645
0.327767 9.9973E-05 0.135227 9.9973E-05 9.9973E-05 0.307087 0.229619
0.342209 0.0750789 0.0889161 0.028197 0.0588248 0.205096 0.201678
0.340616 0.00983305 0.649151 9.9964E-05 9.9964E-05 9.9964E-05 9.9964E-05
0.509631 0.0890193 9.9982E-05 0.0106527 9.9982E-05 0.0580708 0.332426
0.0347392 0.126498 0.0362499 0.104624 9.9991E-05 0.187865 0.509923
0.0600629 0.106303 0.0438307 0.0103281 9.9991E-05 0.436021 0.343355
0.00398678 0.0351374 9.9982E-05 0.0118779 9.9982E-05 0.362241 0.586557
0.269645 0.0548167 9.9982E-05 0.167926 9.9982E-05 0.035088 0.472324
0.318076 0.0411504 9.9982E-05 0.105382 9.9982E-05 0.33724 0.197952
0.0807493 0.049252 9.9973E-05 9.9973E-05 9.9973E-05 0.324264 0.545435
0.0424086 0.0702491 9.9982E-05 0.0807868 9.9982E-05 0.539688 0.266668
0.261576 0.143384 0.208914 9.9982E-05 9.9982E-05 0.00923598 0.37669
0.148104 0.11781 9.9982E-05 0.0613413 9.9982E-05 0.311429 0.361116
0.0898644 0.0991775 9.9982E-05 0.18039 9.9982E-05 0.509582 0.120787
0.847015 0.129347 0.0232386 9.99641E-05 9.99641E-05 9.99641E-05 9.99641E-05
0.141579 0.0132239 0.0193339 0.171667 9.9991E-05 0.538447 0.11565
0.164574 0.140818 9.9973E-05 9.9973E-05 9.9973E-05 0.519054 0.175254
0.0554667 0.0221899 0.339142 9.9991E-05 0.017787 0.365265 0.20005
0.140707 0.113754 0.26537 0.0473695 9.9991E-05 0.195265 0.237435
0.0883896 0.0492488 9.9973E-05 9.9973E-05 9.9973E-05 0.439486 0.422576
0.118419 0.021273 0.538552 9.9982E-05 9.9982E-05 0.160692 0.160864
0.299519 0.109805 9.9982E-05 0.0701806 9.9982E-05 0.361671 0.158624
0.261124 0.0195863 0.285488 9.9973E-05 9.9973E-05 0.433501 9.9973E-05
0.0583167 9.9991E-05 0.00208589 0.0361699 0.0503216 0.294245 0.558761
0.542281 0.0690378 0.0693176 0.159508 9.9982E-05 9.9982E-05 0.159656
0.308395 0.0730313 0.200386 0.0134159 0.0613777 0.159512 0.183881
0.0707519 0.160225 0.530329 9.9973E-05 9.9973E-05 0.238394 9.9973E-05
0.291527 9.9964E-05 9.9964E-05 9.9964E-05 9.9964E-05 0.175085 0.532988
9.9973E-05 0.176416 9.9973E-05 0.0770993 9.9973E-05 0.180327 0.565859
0.0476464 0.0669231 0.292595 9.9982E-05 9.9982E-05 0.375894 0.216742
0.103665 0.0867118 0.0137512 0.166294 9.9991E-05 0.171557 0.457921
0.0473161 9.9973E-05 9.9973E-05 9.9973E-05 0.0252573 0.599686 0.327441
0.0584319 9.9973E-05 0.822235 0.0583896 9.9973E-05 0.0606436 9.9973E-05
0.168993 0.0327691 9.9982E-05 0.14842 9.9982E-05 0.390907 0.258711
0.33585 9.9973E-05 9.9973E-05 0.0380969 9.9973E-05 0.268981 0.356772
0.165241 9.9964E-05 9.9964E-05 9.9964E-05 9.9964E-05 0.585986 0.248373
0.339753 0.122718 9.9982E-05 0.0473129 9.9982E-05 0.44399 0.046027
0.0817997 0.105056 9.9982E-05 0.0827499 9.9982E-05 0.432593 0.297602
0.0893996 9.9982E-05 0.0133562 0.0896819 9.9982E-05 0.506151 0.301212
0.0641298 0.121819 0.0495284 0.0241511 9.9991E-05 0.398585 0.341686
0.119453 0.0225884 0.0896638 0.0652908 9.9991E-05 0.383374 0.31953
0.123613 9.9982E-05 0.560206 0.0967028 9.9982E-05 0.0684053 0.150873
0.257271 0.0269669 0.0229346 9.9991E-05 0.0464086 0.498077 0.148242
9.9982E-05 0.00467337 9.9982E-05 0.0302967 0.0561705 0.574511 0.334148
0.209473 0.0693978 0.147636 0.040785 0.0107424 0.139107 0.382858
0.0848306 0.012913 0.400632 0.00253702 0.0134233 0.485564 9.9991E-05
0.0330785 0.133921 9.9991E-05 0.0785871 0.0647068 0.509553 0.180053
0.224148 0.0794852 0.18857 9.9982E-05 9.9982E-05 0.233779 0.273818
9.9982E-05 0.0114769 0.0271245 0.124252 9.9982E-05 0.23638 0.600567
0.220517 0.108539 0.275953 0.0264248 9.9991E-05 0.0864098 0.282057
0.306411 0.0479456 0.0555011 0.0641167 0.0659954 0.434135 0.0258948
0.365737 9.9973E-05 0.396682 0.130848 9.9973E-05 0.106434 9.9973E-05
9.9973E-05 9.9973E-05 0.293542 0.0705191 9.9973E-05 0.385987 0.249651
0.333776 0.158067 9.9991E-05 0.082589 0.0636806 0.248831 0.112957
0.149727 9.9973E-05 0.201235 0.161001 9.9973E-05 0.487738 9.9973E-05
0.290179 0.0633344 9.9982E-05 0.151274 9.9982E-05 0.316821 0.178192
0.101488 0.145322 9.9973E-05 9.9973E-05 9.9973E-05 0.423716 0.329173
0.433735 0.0973682 9.9973E-05 0.0797777 9.9973E-05 0.388819 9.9973E-05
0.261184 0.11601 0.220903 0.146434 9.9991E-05 0.227325 0.0280446
0.450758 0.052591 9.9982E-05 9.9982E-05 0.0179085 0.30907 0.169473
0.220617 0.0200217 9.9991E-05 0.0331029 0.0600094 0.1408 0.525349
9.9973E-05 0.105144 9.9973E-05 9.9973E-05 0.00208097 0.488554 0.403921
0.0659992 9.9982E-05 0.546249 9.9982E-05 0.120394 0.237581 0.029577
9.9964E-05 9.9964E-05 0.879508 9.9964E-05 0.0597152 9.9964E-05 0.0603765
0.165183 0.079744 0.08669 9.9991E-05 0.0509872 0.211445 0.40585
0.0602694 9.9991E-05 0.0927704 0.0759315 0.0565482 0.337455 0.376925
0.514664 0.0420544 0.0316968 0.0575186 0.0379452 0.0917646 0.224357
0.459519 9.9973E-05 0.111143 9.9973E-05 9.9973E-05 0.128142 0.300896
0.225684 0.0668365 0.154494 9.9991E-05 0.129096 0.311914 0.111875
0.0205751 9.9982E-05 0.111609 0.153241 9.9982E-05 0.292001 0.422373
0.128849 0.127878 9.9991E-05 0.123645 0.0108855 0.0787302 0.529913
0.230648 0.00397685 9.9991E-05 0.000273923 0.159824 0.577863 0.0273149
0.162446 0.0855912 0.0179694 0.0172119 0.000758779 0.392428 0.323594
9.9973E-05 0.0564682 9.9973E-05 9.9973E-05 0.116317 0.356136 0.470779
0.076542 0.0488158 0.01261 0.0154932 9.9991E-05 0.649131 0.197308
0.1134 0.0900994 9.9973E-05 9.9973E-05 9.9973E-05 0.446147 0.350054
0.330723 0.284656 0.00313338 0.0399646 9.9991E-05 0.183236 0.158187
0.129793 9.9973E-05 9.9973E-05 9.9973E-05 0.0979719 0.291068 0.480867
0.0573844 0.0992619 0.0674673 0.172123 9.9991E-05 0.498162 0.105501
0.102541 0.172109 9.9991E-05 0.0078513 0.0693235 0.0872371 0.560838
0.430466 9.9973E-05 9.9973E-05 9.9973E-05 0.0325754 0.232011 0.304648
9.9982E-05 0.0848331 0.129279 0.0508916 9.9982E-05 0.383104 0.351692
9.9982E-05 0.0240901 0.511941 0.1074 0.0450182 0.311351 9.9982E-05
0.159131 0.0537712 0.401419 9.9982E-05 9.9982E-05 0.0555319 0.329946
9.9973E-05 0.0138581 0.818547 9.9973E-05 0.0434924 0.123803 9.9973E-05
0.176701 0.0985821 9.9991E-05 0.0103219 0.00351248 0.312222 0.39856
9.9964E-05 0.0023672 0.76549 9.9964E-05 9.9964E-05 0.231743 9.9964E-05
0.294207 0.0724156 0.632978 9.9964E-05 9.9964E-05 9.9964E-05 9.9964E-05
0.193878 0.0886908 9.9982E-05 0.163939 9.9982E-05 0.1115 0.441792
0.187825 9.9973E-05 9.9973E-05 0.231041 0.0454733 0.535361 9.9973E-05
9.9982E-05 0.108701 0.00554834 0.196991 9.9982E-05 0.426985 0.261575
0.133229 9.9982E-05 0.698331 0.0491457 9.9982E-05 0.0127569 0.106337
0.180546 0.0795715 9.9991E-05 0.00733383 0.00262051 0.488371 0.241457
0.365201 0.116013 0.36435 0.116298 9.99831E-05 0.037939 9.99831E-05
9.9991E-05 0.239381 0.0682782 0.0196324 0.0155754 0.419504 0.237529
0.0922962 0.0938292 0.750628 9.9982E-05 0.0336553 0.0293911 9.9982E-05
0.340119 0.00972997 0.0658081 0.0728595 0.0302901 0.092052 0.389142
0.0110268 0.0791117 0.037292 9.9982E-05 9.9982E-05 0.489479 0.382891
0.0106137 9.9982E-05 9.9982E-05 0.0559178 0.00822561 0.563729 0.361314
0.081634 0.0504756 9.9991E-05 0.0126966 0.0128352 0.341787 0.500472
0.049715 9.9973E-05 0.717708 0.0607933 9.9973E-05 0.171483 9.9973E-05
0.314872 0.0440938 0.124194 0.075936 9.9991E-05 0.36589 0.0749139
0.123694 9.9982E-05 0.340207 9.9982E-05 0.137669 0.016601 0.381629
9.9982E-05 0.131035 9.9982E-05 0.136397 0.0342857 0.316591 0.381491
0.193617 0.100981 0.663221 9.9973E-05 0.0418806 9.9973E-05 9.9973E-05
0.294236 9.9991E-05 0.0473434 0.0810049 0.176945 0.15255 0.247821
0.590729 9.9982E-05 0.294797 0.00769808 9.9982E-05 0.068083 0.038493
0.0472565 0.104375 9.9982E-05 9.9982E-05 0.105566 0.321575 0.421028
0.604478 0.100687 0.0760432 0.0535079 0.0101729 0.0279033 0.127208
0.148973 9.9982E-05 0.498471 9.9982E-05 0.00619947 0.1648 0.181356
9.9973E-05 0.194879 9.9973E-05 0.165186 9.9973E-05 0.372279 0.267356
0.0688054 0.149023 0.00769986 0.234597 9.9991E-05 0.259163 0.280612
0.170616 0.0633261 9.9982E-05 0.0858881 9.9982E-05 0.3583 0.32167
0.133343 9.9982E-05 9.9982E-05 0.000210865 0.104344 0.480377 0.281525
0.317701 9.9973E-05 0.347711 0.0704625 9.9973E-05 9.9973E-05 0.263826
0.347706 9.9982E-05 9.9982E-05 0.0681435 0.0470724 0.224713 0.312165
0.0642043 0.0157684 9.9982E-05 0.0502548 9.9982E-05 0.388668 0.480905
0.0302231 0.0216113 0.0440215 0.0133131 0.0835592 0.52762 0.279652
0.183414 0.0617793 0.474032 0.115373 9.9982E-05 0.165202 9.9982E-05
0.258831 0.0246311 0.198135 0.164237 9.9991E-05 0.194183 0.159883
0.0493574 0.00561213 0.0287058 0.123685 9.9991E-05 0.260003 0.532537
0.44308 0.177024 0.033995 0.213533 9.9982E-05 9.9982E-05 0.132168
0.196849 0.0755634 0.172055 0.132688 9.9982E-05 9.9982E-05 0.422645
0.281956 0.0792434 9.9982E-05 0.109231 9.9982E-05 0.332144 0.197226
0.389232 0.122002 0.224115 0.0704541 0.0352929 0.158804 9.9991E-05
0.457812 0.166017 9.9982E-05 9.9982E-05 0.0457772 0.148112 0.182083
0.354117 0.0295362 0.351428 0.0298034 9.9991E-05 0.153459 0.0815557
0.0820417 9.9973E-05 9.9973E-05 0.102035 9.9973E-05 0.417162 0.398461
0.105084 0.0581965 9.9991E-05 0.0107982 0.00174907 0.48775 0.336322
0.217319 0.0535836 9.9982E-05 9.9982E-05 0.0201113 0.414679 0.294107
0.0131576 0.0223744 9.9982E-05 0.1146 9.9982E-05 0.542223 0.307445
0.0262208 0.17324 9.9991E-05 0.084822 0.0684549 0.257548 0.389614
0.160308 0.0842966 9.9991E-05 0.0479261 0.0311674 0.264727 0.411475
0.353485 0.0318306 0.220274 9.9982E-05 9.9982E-05 0.171211 0.222999
0.598431 9.9973E-05 9.9973E-05 0.0452013 9.9973E-05 0.0915606 0.264507
0.0806248 0.0497807 9.9973E-05 9.9973E-05 9.9973E-05 0.595333 0.273962
9.9973E-05 0.00384585 0.0712464 9.9973E-05 9.9973E-05 0.44186 0.482748
0.23616 9.9982E-05 0.109637 0.0810004 9.9982E-05 0.16647 0.406532
0.454194 0.0489796 0.251217 9.9982E-05 0.0191543 9.9982E-05 0.226255
0.0620889 0.16972 9.9991E-05 0.164669 0.105776 0.38105 0.116596
0.0692799 0.018446 0.00722195 0.133151 0.0349303 0.482455 0.254516
0.192265 0.0166275 0.750016 9.9973E-05 9.9973E-05 0.0407918 9.9973E-05
0.0485378 0.082942 0.629287 9.9982E-05 9.9982E-05 0.123244 0.115789
0.180461 0.201357 9.9991E-05 0.0687925 0.00325393 0.443194 0.102841
9.9982E-05 0.0741961 9.9982E-05 0.00614135 0.386508 0.351311 0.181644
0.0820787 9.9991E-05 0.00983174 0.363474 0.368222 0.0977866 0.078507
0.0471635 9.9982E-05 9.9982E-05 0.201987 0.378935 0.266103 0.105612
0.0732712 0.0736913 9.9991E-05 0.035058 0.113122 0.381937 0.322821
9.9982E-05 0.00732375 9.9982E-05 0.257797 0.390523 0.14625 0.197906
9.9982E-05 9.9982E-05 0.0640095 0.0778873 0.517245 0.188944 0.151715
0.201006 0.0478936 0.0106759 0.00174395 0.513275 0.164218 0.0611866
9.9982E-05 0.078157 9.9982E-05 0.222561 0.419963 0.210353 0.0687662
0.125625 0.00477253 9.9991E-05 0.209022 0.404789 0.0645224 0.191169
0.0312799 0.0854589 0.0254566 0.180757 0.306044 0.333901 0.0371027
0.162895 0.146703 9.9991E-05 0.13405 0.254249 0.169411 0.132591
0.0831687 9.9991E-05 0.0240028 0.131134 0.443402 0.185578 0.132615
0.0862036 0.0322103 9.9991E-05 0.115878 0.139105 0.113987 0.512516
9.9982E-05 0.172862 9.9982E-05 0.113078 0.350428 0.192193 0.171238
9.9982E-05 0.0432736 9.9982E-05 0.146661 0.451847 0.214338 0.14368
0.262025 9.9982E-05 9.9982E-05 0.218932 0.478857 0.0230957 0.0168894
9.9991E-05 0.0389948 0.00641871 0.130719 0.266915 0.125176 0.431677
0.175959 0.0630896 9.9991E-05 0.291533 0.18944 0.0822474 0.197631
0.103112 0.0834139 0.70648 0.0536449 0.0296398 0.0236095 9.9991E-05
9.9973E-05 0.102763 9.9973E-05 9.9973E-05 0.298335 0.104152 0.49445
0.000608513 0.145053 0.0114378 0.173642 0.337454 0.113813 0.217991
0.12064 0.041492 0.0900664 0.0609485 0.0377623 0.325567 0.323524
9.9973E-05 0.0462324 9.9973E-05 0.286178 0.552042 0.115247 9.9973E-05
0.0113965 0.247294 9.9982E-05 0.217418 0.42655 9.9982E-05 0.0971412
0.377502 0.142509 9.9991E-05 0.0836114 0.0840196 0.219848 0.09241
9.9973E-05 9.9973E-05 9.9973E-05 0.14958 0.468096 0.156691 0.225333
0.169112 9.9982E-05 9.9982E-05 0.127821 0.323297 0.147719 0.231852
0.0245862 0.092147 0.00676346 0.18947 0.279882 0.0764434 0.330708
0.119886 0.01893 0.0440958 0.105602 0.515158 9.9991E-05 0.196228
0.123648 0.168216 0.0244862 0.183545 0.441751 9.9991E-05 0.0582535
9.9991E-05 0.0236145 0.00467036 0.351188 0.478968 0.031955 0.109503
9.995E-05 9.995E-05 9.995E-05 0.9994 9.995E-05 9.995E-05 9.995E-05
9.9991E-05 0.0391637 0.0177924 0.319272 0.342004 0.0740454 0.207622
0.0848899 0.037236 9.9991E-05 0.130637 0.414684 0.188638 0.143816
0.15064 0.0498506 0.0978658 9.9982E-05 0.661172 0.0402716 9.9982E-05
0.135557 0.0187468 0.0108777 0.115678 0.448957 9.9991E-05 0.270083
9.9991E-05 0.0433798 0.110664 0.234431 0.4271 0.0720406 0.112284
0.100284 0.112641 9.9982E-05 0.188111 9.9982E-05 0.38491 0.213855
0.0599887 0.0285255 0.00607095 0.214246 0.475739 0.152073 0.0633579
9.9982E-05 0.0285109 9.9982E-05 0.221231 0.302961 0.24642 0.200677
9.9991E-05 0.026764 0.0235106 0.0252086 0.420859 0.0906576 0.4129
0.127855 0.0457772 9.9991E-05 0.0714491 0.325824 0.177216 0.251779
9.995E-05 9.995E-05 9.995E-05 0.9994 9.995E-05 9.995E-05 9.995E-05
0.0475277 0.0180113 0.0118397 0.0745715 0.108911 0.304321 0.434817
9.9982E-05 9.9982E-05 0.0184873 0.176186 0.458084 0.238904 0.10814
0.476853 9.9973E-05 0.168509 0.0468747 9.9973E-05 9.9973E-05 0.307464
0.120438 0.0349502 9.9982E-05 0.214302 9.9982E-05 0.0224033 0.607706
0.123669 0.108778 9.9982E-05 9.9982E-05 0.134899 0.338894 0.293561
0.00867786 0.0793506 0.00822736 0.0906715 0.490867 0.279126 0.043079
9.9991E-05 0.0979958 0.00548453 0.085438 0.369739 0.0940804 0.347162
9.9991E-05 0.0362029 0.0350085 0.0486974 0.627303 0.232312 0.0203758
0.0490254 0.0927649 9.9991E-05 0.145878 0.262 0.0619309 0.388301
0.11966 0.0682461 0.0265058 0.118649 0.429262 0.237577 9.9991E-05
0.00808675 9.9991E-05 0.000451308 0.0833983 0.477485 0.0208894 0.409589
9.9973E-05 9.9973E-05 9.9973E-05 0.0491226 0.358808 0.369063 0.222706
0.0184053 9.9982E-05 9.9982E-05 0.346879 0.424482 0.0192229 0.19081
0.0913453 9.9973E-05 9.9973E-05 0.1947 0.279728 9.9973E-05 0.433927
9.995E-05 9.995E-05 9.995E-05 0.9994 9.995E-05 9.995E-05 9.995E-05
9.9964E-05 9.9964E-05 9.9964E-05 0.189129 0.530201 9.9964E-05 0.28027
9.9991E-05 0.039302 0.0403977 0.108122 0.480701 0.23758 0.0937971
9.9982E-05 0.0250006 0.0718708 0.214502 0.435535 9.9982E-05 0.252892
0.0722541 0.0274155 9.9991E-05 0.176209 0.467809 0.208791 0.0474212
0.0414013 0.121485 9.9991E-05 0.000540069 0.0986905 0.301723 0.43606
9.9982E-05 0.0585276 9.9982E-05 0.287734 0.397475 0.223509 0.0325556
0.288234 0.0521271 0.176256 0.0693222 0.0824017 0.191255 0.140405
9.9982E-05 0.129773 9.9982E-05 0.103708 0.378334 0.0461709 0.341814
0.134304 0.080247 0.0631209 0.110696 0.468225 0.143308 9.9991E-05
0.210112 0.117839 0.0894705 0.0480977 9.9982E-05 9.9982E-05 0.534282
9.9982E-05 9.9982E-05 0.0715873 0.244636 0.349252 0.044319 0.290006
0.205132 0.000160749 9.9991E-05 0.260915 0.388943 0.0673329 0.0774166
9.995E-05 9.995E-05 9.995E-05 0.9994 9.995E-05 9.995E-05 9.995E-05
0.0483436 0.0118979 0.0237156 0.174687 0.42347 9.9991E-05 0.317786
0.0906543 0.183861 9.9982E-05 0.164749 0.306409 0.254127 9.9982E-05
0.0939322 9.9982E-05 9.9982E-05 0.0698136 0.524573 0.281518 0.0299633
9.9982E-05 9.9982E-05 0.0534315 0.149985 0.507822 0.146051 0.14251
9.9991E-05 0.106125 0.00291123 0.226244 0.353648 0.293522 0.0174498
0.034679 0.00121413 9.9991E-05 0.161971 0.123034 0.341197 0.337805
0.109498 0.131233 9.9991E-05 0.246074 0.37637 0.0881264 0.0485988
0.11481 0.050432 0.0179911 0.0920164 0.356977 0.0309499 0.336824
0.0988491 9.9973E-05 0.823959 0.020301 0.0565908 9.9973E-05 9.9973E-05
0.0352175 0.00146725 9.9991E-05 0.0590116 0.463502 0.0547922 0.385909
0.0989245 0.0343377 0.111003 9.9991E-05 0.067874 0.267777 0.419983
0.0421162 0.0836883 0.00510003 0.188605 0.590239 0.090152 9.9991E-05
0.0243211 0.187906 9.9991E-05 0.171316 0.277395 0.0800171 0.258945
0.0145098 9.9982E-05 9.9982E-05 0.0382624 0.286012 0.275941 0.385074
9.9982E-05 0.00804576 9.9982E-05 0.0604155 0.015194 0.282532 0.633613
0.0280815 0.0281674 9.9982E-05 0.216055 0.312353 9.9982E-05 0.415142
9.9982E-05 0.0384524 9.9982E-05 0.186059 0.37741 0.0869661 0.310913
0.0766887 0.114397 9.9991E-05 0.0539242 0.438187 0.0330716 0.283631
9.9973E-05 0.053002 9.9973E-05 0.284553 0.224852 9.9973E-05 0.437293
9.9991E-05 0.206784 0.0404716 0.0913959 0.0776015 0.312212 0.271435
0.107598 0.106868 9.9991E-05 0.205952 0.408485 0.153655 0.017341
0.240956 9.9982E-05 9.9982E-05 0.11815 0.413703 0.160903 0.0660886
0.150882 9.9982E-05 9.9982E-05 0.170823 0.381877 0.17826 0.117959
0.193973 0.00640698 9.9982E-05 9.9982E-05 0.006042 0.455497 0.33788
0.216 0.0158825 9.9991E-05 0.282071 0.377269 0.0459177 0.0627601
0.3098 0.030111 9.9982E-05 0.177093 0.402934 9.9982E-05 0.0798619
9.9973E-05 9.9973E-05 9.9973E-05 0.455203 0.200852 0.278738 0.0649077
9.9982E-05 0.0352824 9.9982E-05 0.0818757 0.379629 0.135769 0.367244
0.349521 0.178685 9.9973E-05 9.9973E-05 9.9973E-05 0.171051 0.300443
0.0590665 9.9964E-05 0.836544 0.103989 9.9964E-05 9.9964E-05 9.9964E-05
0.20452 9.9982E-05 9.9982E-05 0.231593 0.321416 0.145984 0.0962873
9.9991E-05 0.0429643 0.013943 0.141845 0.255331 0.436805 0.109012
0.0951379 0.0103941 9.9982E-05 0.305006 0.238262 0.351001 9.9982E-05
0.0886615 0.131125 9.9982E-05 0.227776 0.397256 0.154981 9.9982E-05
9.9973E-05 0.0499196 9.9973E-05 0.223397 0.457627 9.9973E-05 0.268757
0.0674816 0.000437401 9.9991E-05 0.22964 0.419988 0.165759 0.116595
0.0922027 0.0622392 9.9982E-05 0.130108 0.534226 9.9982E-05 0.181024
9.9991E-05 0.0141128 0.0736114 0.240663 0.39817 0.233655 0.0396885
0.0810098 9.9991E-05 0.0468675 0.106736 0.522047 0.111497 0.131742
9.9973E-05 0.143452 9.9973E-05 0.171369 0.152774 9.9973E-05 0.532105
0.124577 0.140336 9.9991E-05 0.0344283 0.0771872 0.34114 0.282232
0.0981576 9.9982E-05 9.9982E-05 0.264105 0.462261 0.0228488 0.152428
9.9973E-05 0.0931403 9.9973E-05 0.21279 0.303149 0.390621 9.9973E-05
9.9973E-05 0.0390105 9.9973E-05 0.140162 9.9973E-05 0.519366 0.301162
0.0917398 0.112593 9.9982E-05 0.292083 0.347093 0.156291 9.9982E-05
0.222046 0.129351 9.9982E-05 0.100005 9.9982E-05 0.311877 0.23652
9.9991E-05 0.136552 0.0638448 0.277281 0.273888 0.237878 0.010457
9.9964E-05 9.9964E-05 9.9964E-05 0.0833024 0.414954 9.9964E-05 0.501343
0.319779 0.0261706 9.9991E-05 0.0837725 0.188317 0.239479 0.142382
0.156142 0.0659953 0.0124612 0.0636809 0.494827 0.0258717 0.181022
0.0171216 0.229063 0.000102847 9.9991E-05 0.333194 0.186884 0.233534
9.9982E-05 0.0197203 0.00623882 0.113141 0.250735 9.9982E-05 0.609965
9.9955E-05 9.9955E-05 0.58112 9.9955E-05 9.9955E-05 9.9955E-05 0.41838
0.0234802 0.0142983 0.00784815 0.240733 0.426863 0.191918 0.0948595
9.9973E-05 9.9973E-05 0.0284759 0.17017 0.398939 9.9973E-05 0.402115
9.9973E-05 0.099902 9.9973E-05 0.0459959 0.472433 9.9973E-05 0.38137
9.9991E-05 0.134782 0.0543259 0.0869184 0.350432 0.153275 0.220166
9.9973E-05 9.9973E-05 9.9973E-05 0.241373 0.433596 0.306912 0.0178193
0.00890101 0.0570261 9.9982E-05 0.414845 0.345709 0.173318 9.9982E-05
9.9982E-05 0.208018 9.9982E-05 0.195078 0.32045 0.224517 0.0517373
0.108016 0.0680226 9.9973E-05 9.9973E-05 9.9973E-05 0.461518 0.362144
0.216945 0.00429196 0.0200466 0.203622 0.399141 0.0562586 0.099695
9.9973E-05 0.0647743 9.9973E-05 0.126681 0.508426 0.299819 9.9973E-05
9.9973E-05 9.9973E-05 0.0175228 0.177817 0.574813 9.9973E-05 0.229547
0.0022078 0.137354 9.9991E-05 0.152726 0.389561 0.127712 0.190339
0.0930057 9.9982E-05 9.9982E-05 0.160752 0.295232 0.106087 0.344724
0.0446836 0.0201763 0.0538042 0.129195 0.355082 0.396959 9.9991E-05
9.9982E-05 0.0157367 9.9982E-05 0.210485 0.164784 0.525358 0.0834358
0.240712 0.102534 0.00053542 0.183914 0.274604 0.0118651 0.185835
0.170189 9.9982E-05 9.9982E-05 0.20437 0.295965 0.00921416 0.320062
0.371904 0.170774 9.9973E-05 0.0176235 0.439398 9.9973E-05 9.9973E-05
0.304534 0.106698 9.9982E-05 9.9982E-05 0.00614407 0.446804 0.13562
9.9973E-05 9.9973E-05 9.9973E-05 0.20228 0.156683 0.236067 0.40467
0.221893 0.16054 9.9973E-05 0.0944084 0.522858 9.9973E-05 9.9973E-05
0.127078 9.9973E-05 9.9973E-05 0.166937 0.542543 0.163141 9.9973E-05
0.0211861 9.9991E-05 0.0408123 0.162759 0.363253 0.0694124 0.342477
0.0373219 0.122878 9.9982E-05 0.155702 0.574909 0.10899 9.9982E-05
0.178266 0.135733 9.9982E-05 0.126974 0.367824 0.191003 9.9982E-05
0.211533 9.9973E-05 9.9973E-05 0.0463792 9.9973E-05 0.111384 0.630404
0.0801049 0.0508439 0.0658703 0.142224 0.0432558 0.270828 0.346873
9.9991E-05 0.0541749 0.0291279 0.187125 0.379334 0.208432 0.141707
0.00877141 0.116314 9.9991E-05 0.174582 0.465858 0.198617 0.0357572
0.0255872 9.9982E-05 9.9982E-05 0.0601535 0.460125 0.092931 0.361003
0.153159 0.0227553 9.9991E-05 0.395965 0.117673 0.0977466 0.212602
9.9991E-05 0.0228555 0.0437296 0.235449 0.4388 0.198081 0.0609853
0.107566 9.9973E-05 9.9973E-05 0.20705 0.439576 9.9973E-05 0.245508
0.310238 0.128351 0.215914 9.9982E-05 0.045913 9.9982E-05 0.299384
9.9991E-05 0.00160698 0.0706304 0.0352269 0.339393 0.237233 0.31581
0.140691 0.0497461 9.9991E-05 0.213706 0.259544 0.0704837 0.265729
0.217009 0.120913 0.226328 9.9991E-05 0.156199 0.0382577 0.241193
0.39305 0.0119593 0.152709 9.9991E-05 0.00169399 0.0854744 0.355013
0.0692073 9.9982E-05 9.9982E-05 0.146722 0.504827 0.030258 0.248786
0.211271 9.9991E-05 0.0264487 0.111158 0.28485 0.143158 0.223014
0.092603 9.9982E-05 9.9982E-05 0.388867 0.345458 0.0517781 0.121094
9.9982E-05 0.030189 9.9982E-05 0.0187352 0.0934976 0.338372 0.519006
0.00391818 0.0693312 0.0229673 0.18705 0.343425 0.0588694 0.314439
9.9991E-05 0.0425233 0.0144549 0.153303 0.425851 0.212986 0.150781
0.367492 0.0367651 0.213192 9.9982E-05 0.0609427 9.9982E-05 0.321408
9.9982E-05 0.0140358 0.00211686 0.288485 0.281236 9.9982E-05 0.413926
9.9973E-05 9.9973E-05 0.0494456 0.17616 0.48741 0.286685 9.9973E-05
0.0659922 0.0281529 9.9991E-05 0.299946 0.376952 0.192585 0.0362717
0.157301 0.0930088 9.9991E-05 0.0410218 0.468235 0.152707 0.0876265
0.0172254 0.0122803 9.9982E-05 0.162966 0.47659 9.9982E-05 0.330738
9.9982E-05 0.0978081 9.9982E-05 0.227054 0.361772 0.0366889 0.276477
9.9991E-05 0.00446731 0.0204562 0.33037 0.375537 0.187806 0.081264
0.0219059 0.0225294 9.9991E-05 0.259976 0.27386 0.268519 0.153109
9.9982E-05 0.0348794 0.0117565 0.260146 0.494433 0.198585 9.9982E-05
0.0732375 0.112925 0.0103019 0.14932 0.309127 9.9991E-05 0.344988
0.213119 0.0124278 0.545855 0.15211 0.0418479 9.9991E-05 0.03454
0.07092 0.127217 9.9982E-05 0.262952 0.475098 9.9982E-05 0.0636134
9.9973E-05 0.0386916 9.9973E-05 0.0840296 0.517578 9.9973E-05 0.3594
0.289424 0.099375 9.9991E-05 0.050293 0.156798 0.0975529 0.306457
9.9982E-05 0.0479779 9.9982E-05 0.145794 0.666137 0.0513447 0.0885465
0.0232476 0.0567427 9.9991E-05 0.143031 0.386137 0.158937 0.231804
0.246954 9.9982E-05 9.9982E-05 0.329323 0.363225 0.0436028 0.0166956
0.106657 0.0329356 0.0612311 0.192566 0.083636 0.17877 0.344204
0.0138164 0.0100555 9.9982E-05 0.192116 0.318331 9.9982E-05 0.465481
9.9982E-05 0.00973721 0.0284384 0.291034 0.31625 9.9982E-05 0.35434
0.105272 0.0842248 9.9991E-05 0.199824 0.357502 0.117133 0.135944
0.0144524 0.146944 0.0219046 0.254803 0.400849 0.118454 0.0425928
0.272987 9.9982E-05 9.9982E-05 0.126885 0.372623 0.209247 0.0180579
9.9955E-05 9.9955E-05 0.954708 9.9955E-05 0.0447918 9.9955E-05 9.9955E-05
0.0215793 0.056023 9.9982E-05 0.226626 0.327328 9.9982E-05 0.368244
0.0335464 0.0236474 9.9991E-05 0.108956 0.28414 0.279255 0.270356
0.0102859 0.186662 9.9991E-05 0.0792691 0.369871 0.134402 0.21941
0.0342889 0.124461 9.9982E-05 0.130416 0.570207 0.140428 9.9982E-05
9.9982E-05 0.100853 0.0129419 0.328703 0.448087 0.109215 9.9982E-05
9.9982E-05 0.159572 0.0353883 0.230858 0.273904 9.9982E-05 0.300077
0.0718469 0.111864 0.604852 0.00596657 0.00503884 9.9991E-05 0.200332
9.9982E-05 0.0121557 9.9982E-05 0.0825405 0.390877 0.0752981 0.438929
0.251097 9.9973E-05 9.9973E-05 0.109642 0.387829 9.9973E-05 0.251132
9.9982E-05 0.0754742 9.9982E-05 0.0366772 0.439298 0.235679 0.212672
0.0379742 0.05867 9.9991E-05 0.130072 0.389566 0.212775 0.170844
0.166579 0.127002 9.9982E-05 0.345531 0.244148 9.9982E-05 0.11654
0.105835 0.000457994 9.9991E-05 0.309356 0.400046 0.00750063 0.176705
9.9973E-05 9.9973E-05 9.9973E-05 0.229092 0.288959 0.146134 0.335514
9.9982E-05 0.044258 9.9982E-05 0.154874 0.383981 0.137065 0.279622
0.134224 0.125181 9.9991E-05 0.15012 0.365693 0.129545 0.0951376
9.9991E-05 0.000499925 0.0207064 0.209837 0.316795 0.21672 0.235342
0.0865805 0.145041 9.9982E-05 0.330073 0.422044 9.9982E-05 0.0160619
9.9982E-05 0.0393591 9.9982E-05 0.174425 0.309397 0.283444 0.193175
9.9982E-05 0.0283565 9.9982E-05 0.122388 0.293974 0.162429 0.392653
9.9991E-05 0.0286241 0.0220207 0.170531 0.416437 0.00120537 0.361082
0.0797165 0.000453274 9.9991E-05 0.0703845 0.403206 0.15909 0.28705
9.9982E-05 9.9982E-05 0.043855 0.143431 0.202476 0.241193 0.368845
0.062662 0.168923 9.9982E-05 0.195741 0.283847 0.288627 9.9982E-05
9.9973E-05 9.9973E-05 0.0273289 0.236353 0.412866 9.9973E-05 0.323151
9.9973E-05 9.9973E-05 0.0557387 0.266191 0.37316 0.304609 9.9973E-05
0.00746497 9.9982E-05 9.9982E-05 0.402204 0.200049 0.265122 0.12496
