0.451584 0.0849051 0.209698 0.0980719 0.15554 9.9982E-05 9.9982E-05
0.273143 0.112729 0.418394 9.9991E-05 0.131751 0.0379857 0.0258975
0.0423226 0.206224 0.662807 9.9991E-05 0.0221924 0.0617025 0.00465125
0.536788 0.0456691 0.131408 9.9991E-05 0.132612 0.0221003 0.131322
0.497097 0.148528 0.25312 0.00953062 0.0734073 9.9991E-05 0.0182178
9.9973E-05 0.219517 9.9973E-05 0.0351732 9.9973E-05 0.00489899 0.74011
0.500461 0.195734 0.201216 0.0847453 0.0176437 9.9982E-05 9.9982E-05
9.9955E-05 0.137018 9.9955E-05 9.9955E-05 9.9955E-05 9.9955E-05 0.862482
0.324483 0.304621 0.315181 0.0282442 9.9982E-05 0.0272708 9.9982E-05
0.360284 0.257061 0.139947 9.9982E-05 0.222299 0.0202086 9.9982E-05
0.544003 0.168097 0.0532371 0.110764 0.123699 9.9982E-05 9.9982E-05
0.309222 0.152475 0.150483 9.9991E-05 0.0993424 0.0481961 0.240181
0.232111 0.151407 0.546496 9.9973E-05 0.0696864 9.9973E-05 9.9973E-05
0.505021 0.182876 0.195869 9.9982E-05 9.9982E-05 0.0401685 0.0758655
9.9973E-05 0.108642 0.267405 9.9973E-05 0.0241639 9.9973E-05 0.599489
0.259624 0.350071 0.245186 9.9991E-05 0.0229712 0.10958 0.0124675
0.333363 0.447392 9.9982E-05 0.0740599 0.0491258 9.9982E-05 0.0958594
0.396617 9.9973E-05 0.44178 0.0153296 9.9973E-05 0.145974 9.9973E-05
0.300724 0.242751 0.376327 9.9982E-05 0.0259839 0.0540137 9.9982E-05
0.740884 0.0407877 0.0545571 0.00764001 0.155932 9.9982E-05 9.9982E-05
0.492848 9.9964E-05 0.501027 0.00572482 9.9964E-05 9.9964E-05 9.9964E-05
0.367088 0.0625938 0.252407 9.9991E-05 0.145945 0.0627946 0.109071
0.489466 0.182294 0.115487 0.0345887 0.163719 9.9991E-05 0.014345
0.115762 0.175136 9.9982E-05 9.9982E-05 0.187648 0.0133113 0.507943
0.445227 0.101812 0.208196 9.9982E-05 0.101488 0.143077 9.9982E-05
9.9973E-05 0.21407 0.167672 9.9973E-05 0.0490422 9.9973E-05 0.568915
0.192241 0.248015 9.9982E-05 0.0535505 9.9982E-05 0.0931407 0.412853
0.612219 9.9973E-05 0.00830591 0.0381771 9.9973E-05 9.9973E-05 0.340998
0.0694773 0.369658 9.9973E-05 9.9973E-05 9.9973E-05 0.0134702 0.547095
0.6095 0.11348 0.0542783 9.9982E-05 0.106085 9.9982E-05 0.116456
0.0819715 0.0972826 0.338843 0.0333241 9.9982E-05 9.9982E-05 0.448378
0.297158 0.151868 0.47848 9.9991E-05 0.0334531 0.0356226 0.00331774
0.222722 0.471745 0.0755861 9.9991E-05 0.0210069 0.0638588 0.144981
0.0898257 9.9973E-05 0.0401822 9.9973E-05 9.9973E-05 0.0162987 0.853394
9.9964E-05 9.9964E-05 9.9964E-05 9.9964E-05 0.0284385 0.210558 0.760603
0.250988 0.0862751 0.581642 9.9973E-05 9.9973E-05 9.9973E-05 0.0807954
0.490663 0.0350249 0.273179 9.9991E-05 0.0531741 0.0153725 0.132487
0.444915 0.106005 0.205225 9.9973E-05 9.9973E-05 0.243555 9.9973E-05
0.0109201 0.0238985 9.9982E-05 9.9982E-05 0.0957773 0.142602 0.726602
0.114591 0.166344 0.205603 0.0495703 0.0820936 0.000226327 0.381571
9.9973E-05 0.372607 0.379266 9.9973E-05 9.9973E-05 0.0614864 0.186341
0.29013 0.431557 0.207413 0.0706001 9.9973E-05 9.9973E-05 9.9973E-05
0.440973 9.9982E-05 0.286366 9.9982E-05 0.0777605 0.0644104 0.130289
0.0309007 9.9973E-05 0.198242 9.9973E-05 9.9973E-05 0.210627 0.55993
0.318148 0.309772 0.238937 0.0414479 0.0900857 0.00150959 9.9991E-05
0.159293 0.054032 0.332913 9.9982E-05 0.310521 0.143041 9.9982E-05
0.452636 0.199691 0.140514 0.000949888 0.0891558 0.0738651 0.0431893
0.363678 0.477016 9.9991E-05 0.0253391 0.0377888 0.0803862 0.0156916
0.288748 0.256779 0.18994 9.9982E-05 0.163536 0.100797 9.9982E-05
9.9973E-05 0.453687 0.0848177 0.0231822 9.9973E-05 9.9973E-05 0.438014
0.502112 0.147918 0.102168 9.9982E-05 0.0465353 0.201066 9.9982E-05
0.14709 0.256697 9.9982E-05 0.0983819 0.149542 9.9982E-05 0.34809
0.159768 0.187257 0.397017 0.0675662 0.158325 9.9991E-05 0.0299666
9.9964E-05 9.9964E-05 0.102304 9.9964E-05 9.9964E-05 0.0651652 0.832131
0.206086 0.185434 0.178458 9.9982E-05 0.0597723 9.9982E-05 0.37005
0.451629 0.0243023 0.411671 9.9982E-05 0.105098 0.00710003 9.9982E-05
0.685676 0.119297 9.9973E-05 9.9973E-05 0.170767 0.0239601 9.9973E-05
0.532327 0.115339 0.0679078 0.00165867 0.102681 0.00865174 0.171434
0.2981 0.346828 9.9973E-05 9.9973E-05 0.096716 9.9973E-05 0.258055
0.463633 0.0279369 0.145249 9.9973E-05 9.9973E-05 9.9973E-05 0.362881
9.9973E-05 0.201028 9.9973E-05 0.000769907 9.9973E-05 0.0581239 0.739779
9.9955E-05 0.207978 9.9955E-05 9.9955E-05 9.9955E-05 9.9955E-05 0.791522
0.582707 0.060323 0.27818 0.0703683 9.9982E-05 9.9982E-05 0.0082226
9.9955E-05 0.192759 9.9955E-05 9.9955E-05 9.9955E-05 9.9955E-05 0.806741
0.310887 0.340176 0.205425 0.0924061 0.0509055 9.9982E-05 9.9982E-05
0.0152778 9.9982E-05 0.0916175 9.9982E-05 0.079995 0.00353086 0.809379
0.602118 0.0397461 0.224586 0.0341632 0.0858706 0.0134164 9.9991E-05
0.169622 0.300014 0.393594 9.9982E-05 0.0447596 9.9982E-05 0.0918112
0.444895 0.235789 0.125579 9.9982E-05 0.107588 0.0859478 9.9982E-05
9.9964E-05 0.363212 9.9964E-05 0.0209618 9.9964E-05 9.9964E-05 0.615426
0.452081 0.211052 9.9982E-05 0.0541391 0.222519 0.0600089 9.9982E-05
0.320702 0.0840812 0.415982 9.9982E-05 9.9982E-05 0.153926 0.0251093
0.384925 0.16068 0.0305508 0.0120815 0.0260122 0.14016 0.245591
0.152289 0.265021 0.421679 0.118205 0.0426069 9.9982E-05 9.9982E-05
0.418267 0.0978739 0.234369 0.0265288 0.0280799 0.158754 0.0361272
0.371842 0.0321673 0.164336 9.9982E-05 0.0881646 9.9982E-05 0.34329
0.384551 0.0960083 0.347453 9.9991E-05 0.11642 0.0108246 0.0446424
0.26731 0.323612 9.9982E-05 9.9982E-05 0.0768586 0.227688 0.104331
0.157919 0.406473 0.206894 9.9991E-05 0.103809 0.0704679 0.054337
0.366878 0.0674055 0.381455 9.9982E-05 9.9982E-05 0.168534 0.0155273
0.163805 0.167544 0.312255 9.9973E-05 0.356096 9.9973E-05 9.9973E-05
0.451886 0.290567 0.148265 9.9973E-05 9.9973E-05 0.108982 9.9973E-05
0.530471 0.126408 0.114952 0.0465858 0.148289 9.9991E-05 0.0331952
0.564974 0.251358 0.0515915 0.010264 0.121613 9.9982E-05 9.9982E-05
0.477057 0.144892 0.194473 9.9973E-05 0.183278 9.9973E-05 9.9973E-05
0.25258 0.241334 0.167578 9.9982E-05 0.223423 9.9982E-05 0.114884
0.215253 0.179956 0.275706 9.9982E-05 9.9982E-05 0.0663824 0.262502
0.25262 0.333235 0.0432561 9.9982E-05 0.163105 9.9982E-05 0.207584
0.0751873 0.149076 9.99641E-05 9.99641E-05 9.99641E-05 9.99641E-05 0.775337
0.334357 0.326306 9.9982E-05 9.9982E-05 0.107582 0.0449131 0.186641
0.0904229 0.561459 0.104626 9.9982E-05 0.12173 0.121562 9.9982E-05
0.178571 0.300129 0.00825743 9.9982E-05 0.0473878 9.9982E-05 0.465455
0.401494 0.130561 0.356799 9.9982E-05 0.035284 0.0756622 9.9982E-05
0.415517 0.153362 0.192079 9.9982E-05 0.0335083 9.9982E-05 0.205333
0.131136 0.41386 9.9973E-05 9.9973E-05 0.0439177 9.9973E-05 0.410786
9.9964E-05 0.145664 9.9964E-05 9.9964E-05 0.0504036 9.9964E-05 0.803532
0.340551 0.171249 0.243019 9.9991E-05 0.162314 0.0155691 0.0671993
0.223952 0.467298 0.187743 9.9982E-05 0.119798 0.00100891 9.9982E-05
0.378036 0.0949457 0.149697 9.9991E-05 0.239778 0.0961759 0.0412674
0.623528 0.0670054 0.100043 0.0220968 9.9982E-05 9.9982E-05 0.187128
9.9973E-05 0.338616 0.200835 9.9973E-05 0.0459731 9.9973E-05 0.414276
0.402158 0.0210194 0.303256 9.9982E-05 0.193794 9.9982E-05 0.0795728
0.302198 9.9991E-05 0.403934 0.0590622 0.167213 0.0230104 0.0444825
0.626696 0.167084 9.9973E-05 9.9973E-05 0.15728 0.0486403 9.9973E-05
0.297059 0.246331 0.208873 9.9982E-05 0.0420652 0.205472 9.9982E-05
9.9973E-05 0.024485 0.048357 9.9973E-05 0.128652 9.9973E-05 0.798206
0.0290553 0.303153 9.9982E-05 0.0593343 0.173372 9.9982E-05 0.434885
0.679997 0.140835 0.0244627 9.9982E-05 0.152926 0.00157907 9.9982E-05
0.382053 0.155955 0.311047 9.9991E-05 0.0850827 0.0126349 0.053128
0.502059 9.9973E-05 0.348465 9.9973E-05 9.9973E-05 0.147216 0.0019595
0.0521545 0.404487 0.174691 0.00337267 9.9982E-05 9.9982E-05 0.365094
9.9955E-05 0.113352 9.9955E-05 9.9955E-05 9.9955E-05 9.9955E-05 0.886148
0.258892 0.433313 0.0191975 9.9973E-05 9.9973E-05 9.9973E-05 0.288297
0.477521 9.9955E-05 0.521979 9.9955E-05 9.9955E-05 9.9955E-05 9.9955E-05
0.582376 0.120221 0.111264 9.9982E-05 0.13383 9.9982E-05 0.0521093
0.507049 9.9982E-05 0.172987 9.9982E-05 0.197483 0.113051 0.00923086
0.571017 0.157914 0.0697171 0.0205544 0.180597 9.9982E-05 9.9982E-05
9.9955E-05 0.128768 9.9955E-05 9.9955E-05 9.9955E-05 9.9955E-05 0.870732
0.642766 9.9982E-05 0.169178 0.101359 0.0621011 9.9982E-05 0.0243955
0.43671 9.9973E-05 0.251285 9.9973E-05 0.0480722 0.263633 9.9973E-05
0.47825 9.9973E-05 0.390587 9.9973E-05 0.0168944 9.9973E-05 0.113968
0.0566891 0.215973 0.170995 9.9973E-05 9.9973E-05 9.9973E-05 0.556042
0.59056 0.11945 0.101621 9.9973E-05 9.9973E-05 0.188069 9.9973E-05
0.42037 0.188386 0.298702 0.0534746 0.0388668 9.9982E-05 9.9982E-05
0.413027 9.9973E-05 0.354385 9.9973E-05 0.0885537 0.143734 9.9973E-05
0.318802 0.266916 0.289952 9.9991E-05 0.0769395 0.00617482 0.0411151
0.227707 0.0609445 9.9973E-05 9.9973E-05 0.0920469 9.9973E-05 0.619002
0.0695156 9.9964E-05 9.9964E-05 9.9964E-05 9.9964E-05 0.041282 0.888802
0.138923 0.251441 0.410037 9.9982E-05 0.132868 0.0665304 9.9982E-05
0.223329 0.0853734 0.433757 0.0384913 0.0849738 0.127866 0.00621026
0.294325 0.168407 0.333301 9.9982E-05 0.0818336 0.121933 9.9982E-05
0.073408 0.259077 0.500685 0.0929507 0.0736793 9.9982E-05 9.9982E-05
0.288538 0.349914 9.9973E-05 9.9973E-05 0.0453837 9.9973E-05 0.315865
0.261453 0.20332 0.308934 0.134824 9.9991E-05 0.0784164 0.0129512
0.335876 0.0418014 0.29396 9.9982E-05 9.9982E-05 0.145452 0.182711
9.995E-05 9.995E-05 9.995E-05 9.995E-05 0.9994 9.995E-05 9.995E-05
0.188447 0.130702 9.9982E-05 0.0181792 0.163605 9.9982E-05 0.498868
0.351069 0.00710005 0.346437 0.00844772 9.9991E-05 0.0226695 0.264176
9.9955E-05 9.9955E-05 9.9955E-05 9.9955E-05 0.920163 9.9955E-05 0.0793374
9.9973E-05 0.190268 0.142882 9.9973E-05 0.127784 9.9973E-05 0.538767
0.495751 0.0639001 0.287504 9.9973E-05 9.9973E-05 9.9973E-05 0.152545
0.105716 0.288633 0.103471 0.0829519 0.0299201 0.0613478 0.32796
0.0276055 0.239715 0.445522 9.9982E-05 9.9982E-05 0.0406881 0.246269
0.0845052 0.600652 0.115395 0.0143359 0.0551454 9.9991E-05 0.129866
9.9982E-05 0.242634 0.0657281 0.0158748 9.9982E-05 0.0698228 0.60574
0.27375 9.9991E-05 0.280904 0.0213618 0.118843 0.00126034 0.303781
0.187612 0.51503 0.120787 9.9982E-05 9.9982E-05 0.0786858 0.097685
0.458701 0.251396 0.189807 9.9973E-05 9.9973E-05 0.0997955 9.9973E-05
0.40407 9.9973E-05 0.395584 9.9973E-05 0.166313 0.033733 9.9973E-05
0.337385 0.0519116 0.206511 0.111169 0.13936 0.153563 9.9991E-05
0.202244 0.202696 0.544443 9.9982E-05 9.9982E-05 0.0466871 0.00372978
0.427427 0.118412 0.0691001 0.0213775 0.0262245 9.9991E-05 0.337359
0.12129 0.0991132 9.9973E-05 9.9973E-05 0.0221233 9.9973E-05 0.757174
0.118832 0.196985 0.190821 9.9991E-05 0.0482499 0.0620594 0.382953
0.0163846 0.355661 0.336234 9.9982E-05 0.111823 0.179697 9.9982E-05
0.152721 0.101562 0.527047 0.022921 0.0985313 0.0971177 9.9991E-05
9.9973E-05 0.0446823 9.9973E-05 9.9973E-05 0.0641651 0.0543652 0.836487
0.132229 0.202167 0.399281 9.9982E-05 0.0591654 0.206957 9.9982E-05
0.407424 0.185731 0.213395 0.0806807 0.109429 9.9991E-05 0.00324105
0.302681 0.0815453 0.361956 0.068066 9.9982E-05 9.9982E-05 0.185551
0.39142 0.174148 0.178278 9.9982E-05 0.1192 0.136755 9.9982E-05
0.0128879 0.515792 0.276323 9.9982E-05 9.9982E-05 0.125671 0.0691259
0.234127 0.258518 0.0778404 9.9991E-05 0.281543 0.10993 0.037941
0.1906 0.0525732 0.455334 0.0471256 0.23293 9.9991E-05 0.0213378
0.463168 0.0668443 0.31925 9.9973E-05 0.150438 9.9973E-05 9.9973E-05
0.559999 0.0100602 0.151134 0.0995587 0.179047 9.9982E-05 9.9982E-05
0.021934 0.283802 0.502232 9.9991E-05 0.0795645 0.000512827 0.111855
0.0839178 0.353161 9.9973E-05 9.9973E-05 9.9973E-05 0.102437 0.460185
0.0425488 0.269712 0.310889 9.9991E-05 0.123017 0.0509571 0.202776
0.164793 0.384088 0.0720384 0.0459663 0.115001 0.183499 0.0346147
0.352839 0.139855 0.246433 0.00639304 0.127957 0.00882366 0.1177
0.439474 0.348765 0.132758 9.9973E-05 9.9973E-05 9.9973E-05 0.078703
9.9964E-05 0.0308768 9.9964E-05 0.0464443 9.9964E-05 9.9964E-05 0.922279
0.240722 0.543382 0.160344 0.0132668 0.00170681 0.0404789 9.9991E-05
0.259864 0.472669 0.0135081 9.9982E-05 0.0359713 9.9982E-05 0.217788
0.109029 0.442345 0.258068 0.0734438 0.0831969 0.0338175 9.9991E-05
0.296314 0.328808 0.200784 9.9973E-05 9.9973E-05 9.9973E-05 0.173794
0.0583094 0.159748 0.162249 9.9991E-05 0.0121149 0.0811588 0.52632
0.218654 0.191851 0.153599 9.9982E-05 9.9982E-05 0.0945787 0.341117
0.384025 0.00942439 0.0330884 9.9982E-05 0.0509732 9.9982E-05 0.52229
0.475319 0.198856 0.310117 9.9973E-05 0.015408 9.9973E-05 9.9973E-05
9.9973E-05 0.143017 0.0696001 9.9973E-05 9.9973E-05 0.0575067 0.729577
0.302236 0.0889265 0.140851 9.9982E-05 0.0426452 9.9982E-05 0.425141
0.215604 0.232968 0.387394 0.00567268 0.0262863 0.129851 0.00222441
9.99551E-05 9.99551E-05 9.99551E-05 9.99551E-05 9.99551E-05 0.037065 0.962435
0.0348372 0.550811 9.9964E-05 9.9964E-05 9.9964E-05 9.9964E-05 0.413952
0.287541 0.408094 0.199598 0.0174432 9.9991E-05 0.0204267 0.066797
0.296033 0.36989 9.9973E-05 9.9973E-05 0.0269073 9.9973E-05 0.306871
0.62129 0.0933663 0.0629938 9.9982E-05 0.05487 9.9982E-05 0.167279
0.515939 0.191168 0.15268 0.0585728 0.00625786 0.0752816 9.9991E-05
0.111531 0.0946486 0.316888 9.9991E-05 0.0787446 0.0980999 0.299988
0.460747 0.225241 0.313612 9.9964E-05 9.9964E-05 9.9964E-05 9.9964E-05
0.500395 0.151091 0.348115 9.9964E-05 9.9964E-05 9.9964E-05 9.9964E-05
0.468874 0.0204886 0.247537 9.9991E-05 0.0606374 0.17845 0.0239132
0.112346 0.25747 0.210807 9.9991E-05 0.173899 0.0245575 0.220821
0.515322 9.9982E-05 0.162999 9.9982E-05 0.0393008 0.0362208 0.245957
0.35583 0.0223957 0.300926 0.129872 0.10769 0.083185 9.9991E-05
0.543625 0.0556927 0.189215 0.0377546 0.0290018 9.9991E-05 0.144611
0.20584 0.406766 0.160025 0.0273836 0.057422 0.142464 9.9991E-05
0.127779 0.429279 0.251694 0.0223018 0.0502427 0.118603 9.9991E-05
0.265996 0.341828 0.0985045 9.9991E-05 0.0737181 0.0155569 0.204297
0.362634 9.9964E-05 0.509193 9.9964E-05 0.127773 9.9964E-05 9.9964E-05
0.199102 0.253975 0.414641 9.9973E-05 9.9973E-05 0.131983 9.9973E-05
0.189242 0.14255 0.355917 0.0557633 0.0707418 0.185686 9.9991E-05
0.242363 0.17479 0.115158 0.207848 0.227612 0.0321299 9.9991E-05
0.0227181 0.206966 0.172772 0.00178837 0.231636 0.10397 0.26015
0.633093 9.9973E-05 0.212481 0.113873 0.0402528 9.9973E-05 9.9973E-05
0.259497 0.467531 0.142455 9.9991E-05 0.0189153 0.00819629 0.103306
0.38572 0.154113 0.265843 9.9982E-05 0.11287 0.0812542 9.9982E-05
0.458298 9.9982E-05 0.31605 0.0479234 0.14472 0.0328083 9.9982E-05
0.347047 0.230169 0.4073 0.0135052 0.00177933 9.9982E-05 9.9982E-05
0.252991 0.288229 0.124182 0.0281593 9.9991E-05 0.0237994 0.28254
0.239327 0.166424 0.235965 0.01615 9.9982E-05 9.9982E-05 0.341933
0.670106 9.9964E-05 0.236009 9.9964E-05 0.0934846 9.9964E-05 9.9964E-05
0.38983 9.9973E-05 0.319692 9.9973E-05 0.0803491 0.209829 9.9973E-05
0.456183 0.0761778 0.320673 0.0681579 0.0307974 0.0479109 9.9991E-05
0.1858 0.448467 0.223019 0.0437012 0.0923085 0.00660466 9.9991E-05
0.0533332 0.504174 9.9982E-05 9.9982E-05 0.197853 0.0329093 0.21153
0.0432692 0.203228 0.525869 9.9982E-05 0.0977536 9.9982E-05 0.129679
0.240844 0.253308 0.245877 0.0968417 0.0891267 0.0739025 9.9991E-05
0.0281203 0.202383 0.106596 9.9991E-05 0.020983 0.135101 0.506717
0.42132 0.162651 0.273858 0.00789561 9.9982E-05 9.9982E-05 0.134075
0.256947 0.505243 9.9991E-05 0.0127753 0.112989 0.0752485 0.0366972
9.9991E-05 0.198382 0.046765 0.0224724 0.0185221 0.0191678 0.69459
0.201887 0.504928 0.11275 9.9973E-05 9.9973E-05 0.180136 9.9973E-05
0.257795 0.147334 0.43208 9.9982E-05 0.144674 9.9982E-05 0.017917
0.604997 0.123541 0.0772992 9.9991E-05 0.0476084 0.0933326 0.053122
0.581111 0.0728859 0.211593 9.9982E-05 0.053374 0.0808363 9.9982E-05
0.169915 0.391525 0.176994 0.0663785 0.0253099 0.169777 9.9991E-05
0.326465 0.19627 0.334968 0.0225443 0.119554 9.9982E-05 9.9982E-05
0.475086 0.0199208 0.419136 9.9973E-05 9.9973E-05 0.0855571 9.9973E-05
0.601924 9.9973E-05 0.280416 9.9973E-05 0.0407969 0.0765631 9.9973E-05
9.9982E-05 0.250602 0.564417 9.9982E-05 0.0170454 0.0363253 0.13141
0.37815 0.0268088 0.429994 0.0143975 0.150449 9.9982E-05 9.9982E-05
0.484334 0.13232 0.22985 9.9982E-05 0.141731 0.0115651 9.9982E-05
9.9973E-05 0.775381 0.052927 9.9973E-05 9.9973E-05 0.115574 0.0558177
0.347458 0.197108 0.358497 9.9973E-05 0.0966373 9.9973E-05 9.9973E-05
0.526381 0.256851 0.178166 0.0383018 9.9973E-05 9.9973E-05 9.9973E-05
0.398325 0.0380075 0.0867441 9.9982E-05 0.0731985 9.9982E-05 0.403525
0.436944 0.287934 9.9982E-05 9.9982E-05 0.0222571 0.00148595 0.251179
0.536261 0.158562 0.191336 9.9982E-05 9.9982E-05 0.0956334 0.0180074
0.102835 0.161034 0.0852127 9.9991E-05 0.06427 0.0563797 0.530169
0.337082 0.389534 0.133596 0.0445727 0.0650871 0.0300286 9.9991E-05
0.450657 0.216782 9.9973E-05 9.9973E-05 9.9973E-05 0.00412426 0.328137
0.448182 9.9991E-05 0.326041 0.0438919 0.0542634 0.0454734 0.0820486
9.9964E-05 0.704698 9.9964E-05 9.9964E-05 0.240553 9.9964E-05 0.0543498
0.312163 0.28626 9.9991E-05 0.102859 0.012644 0.0517113 0.234263
0.214203 0.0457447 9.9982E-05 9.9982E-05 0.176659 0.0517387 0.511454
0.194283 0.23734 0.545863 9.9973E-05 9.9973E-05 9.9973E-05 0.022214
0.505951 0.298987 0.101027 9.9982E-05 0.0904653 0.00337013 9.9982E-05
0.435405 0.248079 9.9982E-05 9.9982E-05 0.0236238 0.0301819 0.262511
0.216428 0.0588735 0.627508 0.0102749 0.079455 9.9991E-05 0.00736052
0.66923 0.116977 0.00626315 0.0500373 0.0914547 0.0659381 9.9991E-05
0.0718833 0.0450473 9.9982E-05 0.0305218 9.9982E-05 0.0313671 0.820981
0.372396 0.168635 0.29336 9.9982E-05 0.128042 0.0373668 9.9982E-05
0.394845 0.134402 0.470353 9.9964E-05 9.9964E-05 9.9964E-05 9.9964E-05
0.499613 0.0287987 0.344599 0.0541442 0.0473737 9.9991E-05 0.0253714
0.436683 0.15794 0.18964 9.9991E-05 0.149488 0.0143054 0.0518433
0.485638 0.221779 0.184568 9.9973E-05 0.107715 9.9973E-05 9.9973E-05
0.492035 0.173507 0.199941 9.9991E-05 0.109855 0.0152375 0.0093241
0.716256 0.0090896 0.0459397 9.9991E-05 0.00364475 0.132461 0.0925086
0.48224 0.168439 0.0965733 9.9982E-05 9.9982E-05 0.107331 0.145217
0.105053 0.154769 0.135811 0.00189967 0.0119165 0.0200617 0.570489
0.558698 0.127862 0.226995 9.9973E-05 9.9973E-05 0.0861449 9.9973E-05
0.636649 9.9964E-05 0.32248 9.9964E-05 0.0404705 9.9964E-05 9.9964E-05
0.0931236 0.166292 0.456936 9.9991E-05 0.00748069 0.105438 0.170629
0.394607 0.0556454 9.9973E-05 9.9973E-05 0.148466 9.9973E-05 0.400982
0.407831 0.133334 0.0980982 9.9982E-05 0.0903055 0.270232 9.9982E-05
0.426265 0.144966 0.246499 9.9973E-05 9.9973E-05 9.9973E-05 0.181971
0.543068 0.0990041 0.316023 9.9982E-05 9.9982E-05 0.0386174 0.00308785
0.327677 0.296041 0.0462553 9.9982E-05 9.9982E-05 0.0608517 0.268975
0.348075 0.212702 0.122425 0.0613898 0.10967 0.0455548 0.100184
0.00520716 0.237945 0.132332 9.9982E-05 0.209201 9.9982E-05 0.415115
0.396251 9.9973E-05 0.248163 9.9973E-05 0.113293 9.9973E-05 0.241993
0.272018 0.257675 0.220547 0.0437677 0.0468529 0.136946 0.0221946
0.460054 0.0536736 0.248334 9.9982E-05 0.0649183 9.9982E-05 0.172821
0.345464 0.1566 0.377707 9.9973E-05 0.119928 9.9973E-05 9.9973E-05
0.521554 0.136137 0.0579081 9.9991E-05 0.138608 0.127497 0.0181954
0.154124 0.455561 0.178149 9.9982E-05 0.201269 0.0106967 9.9982E-05
0.281128 0.0714359 0.119449 0.073561 0.17712 9.9991E-05 0.277206
0.322646 0.3969 0.235947 9.9973E-05 0.0442067 9.9973E-05 9.9973E-05
0.150334 0.0580098 0.603628 9.9982E-05 0.0918866 0.0959417 9.9982E-05
0.566335 9.9973E-05 0.351372 9.9973E-05 0.0314365 0.0505561 9.9973E-05
0.185025 0.208685 0.0355876 0.10045 9.9982E-05 9.9982E-05 0.470052
9.9955E-05 9.9955E-05 9.9955E-05 0.0917237 9.9955E-05 9.9955E-05 0.907777
0.295976 0.205916 0.201996 9.9991E-05 0.0285769 0.195311 0.0721244
0.277083 0.121863 0.41193 0.0251237 0.0825428 0.0207848 0.0606732
0.0903393 0.405581 0.298153 0.0235353 0.123475 0.0178242 0.0410929
0.172312 0.625114 0.177081 9.9973E-05 9.9973E-05 9.9973E-05 0.0251932
0.238802 0.153997 0.19959 9.9982E-05 9.9982E-05 0.15142 0.25599
0.45426 9.9982E-05 0.213707 9.9982E-05 0.146876 0.0301852 0.154772
0.19965 0.217848 0.428654 0.0804062 0.0669537 0.00638927 9.9991E-05
0.302464 0.194806 0.364286 0.0932484 0.0352396 0.00985692 9.9991E-05
0.54902 0.0559227 0.19438 9.9982E-05 9.9982E-05 0.164643 0.0358347
0.643507 0.0165383 0.118021 0.0177638 0.0840763 0.119993 9.9991E-05
0.786719 0.0823816 0.0308944 9.9973E-05 9.9973E-05 0.0997055 9.9973E-05
0.637237 0.138736 0.0826172 9.9973E-05 9.9973E-05 0.141111 9.9973E-05
0.339821 0.461846 9.9982E-05 0.0129775 0.0980412 0.0871144 9.9982E-05
0.388879 0.0127773 0.41613 0.0901363 0.0400987 0.0518788 9.9991E-05
0.455722 0.225108 0.0753117 9.9991E-05 0.219067 0.0163123 0.00837916
0.329538 0.136692 0.287464 0.0429194 0.0958016 0.107486 9.9991E-05
0.281084 0.262394 0.323168 9.9982E-05 0.00734894 0.125805 9.9982E-05
0.540543 9.9982E-05 0.0375064 9.9982E-05 0.156096 0.0507074 0.214947
0.169385 9.9982E-05 9.9982E-05 0.0162809 0.101697 0.143496 0.568942
0.134332 0.212745 0.211746 9.9982E-05 0.0591321 9.9982E-05 0.381846
0.156482 9.9973E-05 0.0261631 0.0384847 9.9973E-05 9.9973E-05 0.77857
0.441627 0.136659 0.155667 9.9982E-05 0.130833 0.135014 9.9982E-05
0.151026 9.9973E-05 9.9973E-05 9.9973E-05 0.039917 0.0400832 0.768674
0.0495969 0.188264 9.9982E-05 0.0516065 9.9982E-05 0.0331151 0.677218
0.0461154 0.141267 0.557175 9.9982E-05 0.174579 0.0806635 9.9982E-05
0.520094 0.104538 0.113063 0.100823 0.161282 9.9982E-05 9.9982E-05
0.440017 0.0170462 0.229128 0.0319275 0.265022 9.9991E-05 0.0167592
0.104635 0.126931 9.9982E-05 0.0309652 0.0010474 9.9982E-05 0.736222
0.643915 0.104752 0.173444 0.0775895 9.9973E-05 9.9973E-05 9.9973E-05
9.9982E-05 0.322012 0.268044 0.0299875 0.0138424 9.9982E-05 0.365915
0.400215 9.9982E-05 0.153694 9.9982E-05 0.311731 0.0888436 0.0453173
9.9964E-05 9.9964E-05 0.225289 0.0160747 9.9964E-05 9.9964E-05 0.758236
0.22176 0.409643 0.229269 0.0276966 9.9991E-05 0.0211243 0.0904068
0.622524 0.152686 0.115846 0.0206938 0.014344 0.073806 9.9991E-05
0.631251 0.0619961 0.253765 0.0526873 9.9973E-05 9.9973E-05 9.9973E-05
0.316057 0.17159 0.378602 0.00468786 0.128863 9.9982E-05 9.9982E-05
0.249658 9.9973E-05 9.9973E-05 0.00463011 0.0127592 9.9973E-05 0.732653
0.373262 0.351917 9.9982E-05 0.0508415 0.0335413 9.9982E-05 0.190238
0.168407 0.43479 0.0211512 0.00870767 9.9991E-05 0.0708627 0.295981
0.381837 0.110669 0.0986294 9.9991E-05 0.343904 0.0616692 0.00319126
0.0271757 0.136892 0.00812509 9.9982E-05 9.9982E-05 0.0987183 0.728889
0.166126 0.159767 0.329701 0.206061 0.00890322 0.0558306 0.0736118
9.9973E-05 0.368257 0.307468 0.0205719 9.9973E-05 9.9973E-05 0.303403
0.350036 0.150605 0.293412 0.00863311 9.9991E-05 0.185129 0.0120845
9.9982E-05 0.452529 0.383143 0.0225594 9.9982E-05 0.0138987 0.12767
0.193258 0.195221 9.9973E-05 9.9973E-05 0.0846073 9.9973E-05 0.526614
0.479467 0.0609668 0.0717385 0.0484339 0.238242 0.101052 9.9991E-05
0.509247 9.9991E-05 0.240649 0.0304229 0.194501 0.0123294 0.0127499
0.17584 0.172905 0.556944 0.0512422 0.042869 9.9982E-05 9.9982E-05
0.310547 0.025608 0.48591 9.9982E-05 9.9982E-05 0.164216 0.0135195
9.9973E-05 0.501082 0.150479 9.9973E-05 0.0559992 9.9973E-05 0.292139
0.372022 0.239634 0.290762 0.0802751 0.0171075 9.9982E-05 9.9982E-05
0.481092 9.9973E-05 0.378304 0.00925418 0.131049 9.9973E-05 9.9973E-05
0.526386 0.0131032 0.232541 0.0624711 0.129788 9.9991E-05 0.0356106
0.224731 0.261832 9.9982E-05 9.9982E-05 0.0496903 0.0660539 0.397492
0.153589 0.202874 0.283515 0.0345192 0.149053 0.01295 0.163499
0.487007 0.0400198 0.322187 0.0256652 0.0842588 0.0407622 9.9991E-05
9.9982E-05 0.335319 0.311589 9.9982E-05 0.212984 0.0818567 0.0580518
0.178027 0.225498 0.304914 0.0512655 0.0696682 0.0157709 0.154856
0.284292 0.271885 0.354596 0.0211588 0.0584008 0.00956803 9.9991E-05
0.132725 0.128881 0.222825 0.0600351 0.0550869 0.0430963 0.35735
0.226762 0.395605 0.242808 9.9973E-05 9.9973E-05 0.134525 9.9973E-05
0.191879 0.0829804 0.257335 9.9982E-05 9.9982E-05 0.0742391 0.393367
0.612574 9.9973E-05 0.290237 0.044731 9.9973E-05 0.0521589 9.9973E-05
0.698664 0.0158235 0.13569 9.9982E-05 0.0368682 0.112754 9.9982E-05
0.586702 0.144419 0.0999574 9.9973E-05 9.9973E-05 0.168622 9.9973E-05
0.55001 9.9973E-05 0.227035 0.0638432 0.158812 9.9973E-05 9.9973E-05
0.377765 0.314601 9.9982E-05 0.0430392 0.145098 0.119297 9.9982E-05
0.345542 0.192575 0.184595 9.9982E-05 0.0762648 0.200824 9.9982E-05
0.271548 0.275028 0.20177 9.9982E-05 9.9982E-05 0.0512417 0.200212
0.124416 0.48123 0.393954 9.9964E-05 9.9964E-05 9.9964E-05 9.9964E-05
0.484852 0.0762157 0.381381 9.9982E-05 0.0351862 0.0221655 9.9982E-05
0.534647 0.168811 0.218018 9.9982E-05 9.9982E-05 0.00654011 0.0717837
0.255001 0.214369 0.313691 9.9982E-05 0.137916 9.9982E-05 0.0788231
0.108714 0.350267 0.125623 0.147969 0.00669383 9.9991E-05 0.260633
0.344575 0.126827 0.0972664 9.9982E-05 0.263119 0.168012 9.9982E-05
0.4804 0.145985 0.199447 0.0887559 0.0150475 0.0702639 9.9991E-05
0.0520655 0.067191 9.9973E-05 9.9973E-05 0.115013 9.9973E-05 0.76543
0.137489 0.0325504 0.170828 9.9982E-05 9.9982E-05 0.077924 0.581009
0.334727 0.0496005 0.309685 9.9982E-05 0.26774 0.0380478 9.9982E-05
0.395529 9.9982E-05 0.0730784 0.139365 0.142939 0.24889 9.9982E-05
9.9982E-05 0.0980574 0.0720174 0.579182 0.220626 9.9982E-05 0.0299174
9.9973E-05 9.9973E-05 0.528237 0.397706 0.0692342 9.9973E-05 0.00452251
0.387181 0.176873 0.0964416 9.9982E-05 0.118211 0.221093 9.9982E-05
0.155617 9.9982E-05 0.0726174 0.337007 0.131865 0.302693 9.9982E-05
0.314247 0.0662849 9.9982E-05 0.355399 9.9982E-05 0.258754 0.00511536
0.248292 0.145033 9.9982E-05 0.455417 9.9982E-05 0.125963 0.0250949
0.0843223 0.0147084 0.116229 0.338602 0.190219 0.255819 9.9991E-05
9.9973E-05 0.0225779 0.428916 0.2355 9.9973E-05 0.312706 9.9973E-05
0.289358 9.9991E-05 0.15309 0.174236 0.0668615 0.268825 0.0475285
0.307394 0.096919 0.226589 0.250422 0.0737385 0.0448388 9.9991E-05
0.122836 0.139358 0.113811 0.378625 0.0232096 0.188156 0.0340036
0.186228 9.9982E-05 0.433421 0.202869 0.13783 0.0394507 9.9982E-05
0.0470077 0.0580558 0.201858 0.0885977 0.314291 0.290089 9.9991E-05
0.130446 9.9982E-05 0.29087 0.245637 0.0707036 0.262143 9.9982E-05
9.9982E-05 0.143887 0.163278 0.579845 0.0465771 9.9982E-05 0.0662127
0.281173 0.182647 0.0545351 0.327381 0.0677105 0.0864531 9.9991E-05
0.11671 0.24834 0.110623 0.185714 0.0532306 0.285283 9.9991E-05
0.000311073 9.9973E-05 9.9973E-05 0.122347 0.119849 9.9973E-05 0.757193
0.271122 0.133199 0.112848 0.118676 9.9991E-05 0.335165 0.0288901
0.0676686 9.9991E-05 0.375029 0.191203 0.0924671 0.247677 0.0258551
0.421447 0.0964603 0.116048 0.0814007 0.0539451 0.107266 0.123432
0.0242425 0.0250379 0.110213 0.416086 0.0172251 0.395292 0.0119037
0.00244857 0.15713 9.9982E-05 0.216029 0.144078 0.480114 9.9982E-05
0.148871 0.312894 0.249359 0.123327 0.0251374 0.140313 9.9991E-05
0.112488 9.9982E-05 0.196796 0.365596 9.9982E-05 0.296473 0.0284457
0.090602 0.095381 0.297715 0.410272 0.0708454 0.035084 9.9991E-05
0.0651175 0.065246 0.277843 0.250291 0.104467 0.236935 9.9991E-05
0.113664 0.105414 0.0695138 0.360756 9.9991E-05 0.264455 0.0860979
9.9991E-05 0.000975992 0.290718 0.379225 0.109173 0.157386 0.0624218
0.0017073 9.9973E-05 9.9973E-05 0.512451 0.298552 0.18699 9.9973E-05
9.9964E-05 9.9964E-05 0.127793 0.832317 9.9964E-05 9.9964E-05 0.0394902
0.0195467 0.0515973 0.235465 0.253364 0.127403 0.280417 0.0322072
0.0990332 9.9982E-05 0.25661 0.358154 0.090529 0.195474 9.9982E-05
0.0171861 0.0844022 0.159782 0.523031 0.00221838 0.122947 0.0904331
9.9982E-05 0.0418071 0.447667 0.383893 0.0166616 0.109771 9.9982E-05
0.0942275 0.106567 9.9991E-05 0.288649 0.128902 0.314426 0.0671283
0.106144 9.9973E-05 0.699242 9.9973E-05 0.0385606 0.155754 9.9973E-05
0.0996798 0.0482629 0.108085 0.499547 0.0960347 0.148291 9.9991E-05
0.187737 0.0113308 0.181697 0.325499 0.165308 0.128328 9.9991E-05
0.170062 0.320854 9.9982E-05 0.320545 0.103985 0.0843548 9.9982E-05
0.240806 0.0893533 0.194612 0.28163 0.00874644 0.184752 9.9991E-05
0.0448706 9.9964E-05 0.0764923 0.878237 9.9964E-05 9.9964E-05 9.9964E-05
0.378837 0.156785 0.176414 9.9991E-05 0.0667008 0.202062 0.0191013
0.311305 9.9982E-05 9.9982E-05 0.387042 0.0849536 0.214195 0.002304
0.233131 0.312454 0.144547 0.0486397 0.0480382 9.9991E-05 0.21309
0.24606 0.033922 0.422042 0.0435588 0.201018 0.0327363 0.0206639
0.354352 0.401577 0.0360459 0.0243543 0.0597175 0.123853 9.9991E-05
0.259787 9.9982E-05 0.0660239 0.33857 9.9982E-05 0.280664 0.0547546
0.027952 0.108749 0.296959 0.290993 0.0746546 0.200592 9.9991E-05
0.10454 9.9991E-05 0.159663 0.348377 0.0490461 0.322121 0.0161522
0.165672 0.0361452 0.208387 0.378909 0.0363476 0.17444 9.9991E-05
0.155353 9.9982E-05 0.274377 0.181028 9.9982E-05 0.34129 0.0477526
0.197243 0.00603796 0.229675 0.311905 9.9991E-05 0.245836 0.00920314
0.39608 0.0081606 0.0123731 0.206298 0.127133 0.249856 9.9991E-05
0.0449664 0.171631 0.0512449 0.618859 0.0167076 0.0964904 9.9991E-05
0.124006 0.0842832 0.26661 0.419524 9.9982E-05 0.105377 9.9982E-05
9.9964E-05 0.00137289 0.0559262 9.9964E-05 0.942301 9.9964E-05 9.9964E-05
0.23506 9.9973E-05 0.0415039 0.687338 9.9973E-05 0.0357984 9.9973E-05
0.209992 9.9991E-05 0.159031 0.438243 0.0442342 0.14761 0.000789327
0.00198022 9.9991E-05 0.238004 0.27802 0.0947694 0.35303 0.0340966
0.0417978 0.164601 0.0960516 0.301519 0.117041 0.27889 9.9991E-05
0.326206 0.206642 0.233489 0.10826 0.0317274 0.0935761 9.9991E-05
9.9973E-05 9.9973E-05 0.299706 0.436622 0.222496 0.0408761 9.9973E-05
0.236808 0.372957 0.207547 9.9982E-05 9.9982E-05 0.0531304 0.129357
0.168882 0.00147535 0.17434 0.182736 9.9991E-05 0.452891 0.0195751
9.9991E-05 0.0450856 0.192105 0.315237 0.212642 0.185116 0.0497142
0.157423 0.273716 0.285314 0.0474145 0.0323941 0.0990364 0.104701
0.0271493 0.00886418 0.311756 0.285606 0.070611 0.210094 0.0859187
0.166976 0.163607 0.114688 0.375127 0.0887665 0.0907362 9.9991E-05
9.9955E-05 9.9955E-05 9.9955E-05 0.0997125 0.899788 9.9955E-05 9.9955E-05
9.9982E-05 0.200458 0.0877864 0.109189 0.0519492 0.550418 9.9982E-05
0.419226 9.9982E-05 9.9982E-05 0.221477 0.0924146 0.256699 0.00998369
0.252122 9.9982E-05 0.0504226 0.282123 0.0667985 0.348334 9.9982E-05
0.115964 0.238107 9.9991E-05 0.442799 0.0409672 0.146408 0.0156546
0.265727 9.9991E-05 0.00515699 0.339549 0.137121 0.224887 0.0274582
0.278937 0.269083 0.173826 0.109712 0.0900262 0.0783147 9.9991E-05
0.0917249 0.16287 0.00703593 0.160683 0.193451 0.384135 9.9991E-05
0.135471 0.289903 0.172201 0.2176 9.9982E-05 0.184625 9.9982E-05
9.9982E-05 0.110398 0.00035729 0.0433133 0.086054 9.9982E-05 0.759678
0.110839 0.039481 0.337999 0.272093 9.9982E-05 0.239388 9.9982E-05
0.506756 9.9982E-05 0.185165 9.9982E-05 0.0270609 0.15574 0.125078
9.9991E-05 0.169095 0.128508 0.375766 0.121784 0.192255 0.0124916
0.168383 0.179087 0.000163851 0.0523589 0.205321 0.394586 9.9991E-05
0.312009 0.0473847 0.201232 0.121025 0.210475 0.107775 9.9991E-05
0.346885 9.9982E-05 0.304512 0.133001 0.111921 0.103482 9.9982E-05
0.099591 0.270784 0.1043 0.2657 9.9982E-05 0.259425 9.9982E-05
0.257837 9.9982E-05 0.129291 0.307313 0.0231329 0.282226 9.9982E-05
0.12731 0.0710221 0.192087 0.310227 9.9982E-05 0.299154 9.9982E-05
0.087143 9.9991E-05 0.0988437 0.304601 0.283429 0.181913 0.0439705
0.28913 0.0210331 0.384786 0.0270142 0.211167 0.0317154 0.035154
0.0584086 0.0820764 0.165292 0.188214 0.0650709 0.440838 9.9991E-05
0.219958 0.12598 0.111318 0.38706 9.9982E-05 0.155485 9.9982E-05
0.136703 0.0345412 0.343722 0.358488 9.9982E-05 0.126346 9.9982E-05
0.505659 0.230509 0.168865 9.9982E-05 0.0497857 0.044981 9.9982E-05
0.044319 0.170938 0.0968758 0.39355 0.166259 0.127959 9.9991E-05
0.132028 0.215473 9.9982E-05 0.29991 0.0706196 0.28177 9.9982E-05
0.125407 9.9982E-05 0.259646 0.28614 0.229277 0.0993304 9.9982E-05
0.0540886 9.9982E-05 0.438809 0.318396 0.0544606 0.134046 9.9982E-05
0.135416 0.35681 0.441419 9.9982E-05 0.0534464 0.0127087 9.9982E-05
9.9955E-05 9.9955E-05 0.165566 9.9955E-05 9.9955E-05 9.9955E-05 0.833934
0.112278 0.189179 0.158752 0.338585 0.00779601 0.19331 9.9991E-05
0.439488 0.017094 9.9982E-05 0.179531 0.134673 0.229013 9.9982E-05
0.374585 9.9973E-05 9.9973E-05 0.265763 0.148693 0.210659 9.9973E-05
0.0736283 0.0202467 0.0395727 0.36709 0.165266 0.305431 0.0287647
0.145659 0.00297528 9.9991E-05 0.419574 0.0471241 0.328349 0.0562193
0.232438 0.0720467 0.0966278 0.376486 0.0861105 0.136191 9.9991E-05
0.0441202 0.0953176 0.16933 0.377724 0.0352131 0.277093 0.00120198
0.132664 9.9982E-05 9.9982E-05 0.45762 0.126015 0.234961 0.0485397
0.212977 0.0990917 9.9991E-05 0.509141 0.00569432 0.114699 0.058297
0.170616 0.140371 0.292724 0.176447 0.0300837 0.189659 9.9991E-05
0.450604 0.150409 0.034193 9.9982E-05 0.287928 0.0766659 9.9982E-05
9.9982E-05 0.0223802 0.174801 0.33707 0.112837 0.352711 9.9982E-05
0.245707 0.0343708 0.129288 0.334117 0.107092 0.149326 9.9991E-05
0.445518 0.0237609 0.256183 9.9973E-05 0.274238 9.9973E-05 9.9973E-05
0.0668608 0.12823 9.9991E-05 0.256826 0.0494866 0.460047 0.0384499
0.215767 0.203409 0.403695 9.9982E-05 0.152027 0.024902 9.9982E-05
0.242067 0.0269082 9.9991E-05 0.329261 0.274735 0.106199 0.0207302
0.0258366 9.9991E-05 0.430804 0.237545 0.030164 0.274184 0.00136605
0.279969 0.339372 0.183532 0.0893981 0.0156425 0.091987 9.9991E-05
0.181068 0.182595 0.0470519 0.255177 9.9991E-05 0.32011 0.0138979
0.378902 0.19986 9.9982E-05 0.0816119 0.0955684 0.243857 9.9982E-05
9.9982E-05 9.9982E-05 0.665315 0.155065 0.0116916 0.16741 0.000317287
9.9955E-05 9.9955E-05 0.409878 9.9955E-05 9.9955E-05 9.9955E-05 0.589622
0.0685318 9.9982E-05 0.358021 0.182574 0.0608767 0.329797 9.9982E-05
0.101282 9.9982E-05 0.434251 0.326406 0.00424093 0.13362 9.9982E-05
9.9973E-05 0.142621 0.265084 0.312539 9.9973E-05 0.279455 9.9973E-05
0.163826 0.0213731 0.225311 0.359357 0.0788611 0.132494 0.0187769
0.128693 9.9991E-05 0.190205 0.40597 0.205431 0.0497685 0.0198321
0.0644887 0.0689551 0.0559165 0.289754 0.203903 0.316883 9.9991E-05
0.106148 9.9982E-05 0.209856 0.154853 0.208113 0.32083 9.9982E-05
0.699138 0.140957 0.0818004 9.9973E-05 0.0778052 9.9973E-05 9.9973E-05
9.9982E-05 0.245506 0.199993 0.324916 0.0989839 0.1304 9.9982E-05
0.247576 0.04209 9.9982E-05 0.275791 0.146413 0.28793 9.9982E-05
9.9991E-05 0.149881 0.0322712 0.549667 0.13125 0.115333 0.0214974
0.138048 0.21976 9.9982E-05 0.373704 0.172118 0.0961693 9.9982E-05
9.9982E-05 0.064123 0.566589 0.140719 0.129062 0.0993071 9.9982E-05
0.327669 9.9982E-05 0.159663 0.255488 9.9982E-05 0.193478 0.063502
0.540686 9.9982E-05 0.00465008 0.267469 0.142035 0.0449602 9.9982E-05
9.9982E-05 0.334392 0.0648608 0.178751 0.304536 0.11726 9.9982E-05
0.0475304 0.042296 0.385103 0.253211 9.9991E-05 0.258665 0.0130953
0.0200163 0.291609 9.9973E-05 0.409351 9.9973E-05 0.278724 9.9973E-05
0.352599 0.115265 0.448448 9.9982E-05 0.0395517 9.9982E-05 0.0439364
0.109889 9.9973E-05 0.530982 0.255892 0.102937 9.9973E-05 9.9973E-05
9.9973E-05 0.21408 0.225162 0.361165 9.9973E-05 0.199293 9.9973E-05
0.0909516 0.111155 0.0569935 0.352384 0.065322 0.307973 0.0152203
0.0490331 0.062495 0.422399 0.257567 0.00328675 0.205119 9.9991E-05
9.9973E-05 9.9973E-05 0.242535 0.231949 0.117006 0.40821 9.9973E-05
0.112453 0.123451 0.0472284 0.206104 0.186833 0.323831 9.9991E-05
0.343138 0.100282 0.442868 9.9991E-05 0.00168216 0.0849334 0.026996
0.390835 0.0428498 0.158761 0.0271029 0.199322 0.0940441 0.0870854
0.169087 0.0643639 0.101013 0.422037 0.00390601 0.209938 0.0296558
0.232829 0.0875928 0.023929 0.342008 0.0638882 0.249653 9.9991E-05
0.0893853 0.0151831 0.326225 0.421902 9.9982E-05 0.147104 9.9982E-05
0.147258 0.120129 0.307347 0.239678 0.117746 0.0677418 9.9991E-05
0.107791 9.9991E-05 0.101174 0.311017 0.210545 0.240662 0.0287112
9.9982E-05 0.211741 0.0525281 0.406644 9.9982E-05 0.322021 0.00686561
0.136615 0.391286 0.14149 0.027373 0.00922398 0.102047 0.191966
0.23982 9.9991E-05 0.135266 0.344528 0.130536 0.146019 0.00373121
0.05919 0.144889 0.283949 0.371776 0.0816399 0.058456 9.9991E-05
0.145231 0.365692 9.9991E-05 0.072874 0.0792117 0.130566 0.206326
0.254678 0.253114 0.250948 9.9982E-05 9.9982E-05 0.0607108 0.18035
0.0191481 0.0577798 0.259254 0.396847 0.0656891 0.200515 0.000766639
0.0409185 0.087422 0.409447 0.302553 0.0199239 0.0860141 0.0537208
9.9973E-05 0.106071 0.216993 0.491485 0.185151 9.9973E-05 9.9973E-05
0.575766 9.9973E-05 0.282899 0.039406 9.9973E-05 0.101629 9.9973E-05
0.238315 0.0519143 0.063761 0.318454 0.167608 0.159847 9.9991E-05
0.111745 9.9991E-05 0.155345 0.288315 0.151101 0.248965 0.0444291
0.117712 0.309566 0.199635 0.0821225 0.0499853 9.9991E-05 0.24088
0.214581 0.105377 9.9991E-05 0.316096 0.15813 0.197442 0.00827476
0.146687 9.9991E-05 0.225522 0.296779 0.0470546 0.280272 0.0035849
0.0353769 9.9982E-05 0.316919 0.341164 0.0758307 0.23051 9.9982E-05
0.170339 0.0812106 0.302666 0.35628 9.9982E-05 0.0893045 9.9982E-05
0.0515896 0.0797663 0.205443 0.392701 9.9982E-05 0.2703 9.9982E-05
0.0659714 0.159984 0.0192243 0.300983 0.170441 0.283296 9.9991E-05
0.136916 9.9991E-05 0.0511979 0.319582 0.182311 0.292147 0.0177472
9.9982E-05 0.0919146 0.510214 0.0932438 0.0850806 0.219347 9.9982E-05
0.185783 9.9991E-05 0.0256697 0.409049 0.11893 0.251754 0.00871392
0.104871 0.130374 0.179079 0.373897 9.9982E-05 0.21158 9.9982E-05
9.9964E-05 0.236995 9.9964E-05 9.9964E-05 0.147166 9.9964E-05 0.615438
9.9973E-05 0.0468052 0.229783 0.31393 9.9973E-05 0.409182 9.9973E-05
0.152745 9.9982E-05 0.00662893 0.398648 9.9982E-05 0.397102 0.0446759
0.0845652 0.380044 0.188503 9.9982E-05 0.0186156 0.328073 9.9982E-05
9.9973E-05 9.9973E-05 0.101649 0.350036 0.210985 0.33703 9.9973E-05
0.1216 0.0912748 0.206912 0.423984 0.0677561 0.088373 9.9991E-05
0.021847 0.0764533 0.246496 0.363193 0.126117 0.165793 9.9991E-05
0.270352 0.413673 0.0512635 0.204676 0.0598355 9.9982E-05 9.9982E-05
0.0220128 0.0528902 0.321815 0.277246 0.057714 0.268222 9.9991E-05
0.17719 0.0220704 9.9991E-05 0.330656 0.158744 0.298572 0.012667
0.000882287 0.105775 0.207256 0.315831 0.0719403 0.257991 0.0403238
0.0848565 0.099313 0.218431 0.153311 0.122413 0.321575 9.9991E-05
0.283797 0.0986372 0.178764 0.250046 9.9991E-05 0.17099 0.0176662
9.9964E-05 9.9964E-05 9.9964E-05 0.0138848 9.9964E-05 0.0746895 0.911026
9.9964E-05 9.9964E-05 0.458575 0.242031 9.9964E-05 0.298994 9.9964E-05
0.265384 0.0338912 0.0995948 0.16607 0.156501 0.269032 0.00952852
0.187801 0.0111726 0.137033 0.255272 0.114566 0.279198 0.0149588
0.140101 9.9982E-05 0.152262 0.246416 0.105111 0.35591 9.9982E-05
0.0421814 9.9982E-05 9.9982E-05 0.303396 0.188858 0.41847 0.0468938
0.181548 0.143313 0.011271 0.17431 0.0140008 0.427177 0.0483799
9.9964E-05 0.226809 9.9964E-05 9.9964E-05 0.235179 9.9964E-05 0.537613
0.0716887 0.170553 0.115387 0.252327 9.9982E-05 0.389844 9.9982E-05
9.9973E-05 0.226128 0.248938 0.22169 9.9973E-05 0.302944 9.9973E-05
0.162323 9.9982E-05 0.321618 0.266141 0.0642889 0.185429 9.9982E-05
0.193754 0.0176184 0.262692 0.234521 9.9982E-05 0.291215 9.9982E-05
9.9973E-05 9.9973E-05 0.348394 0.284149 0.170419 0.196738 9.9973E-05
0.118349 0.168537 0.0165934 0.448271 0.0958362 0.152313 9.9991E-05
0.0246509 0.134724 0.331642 0.266858 0.140181 0.101844 9.9991E-05
0.121607 9.9991E-05 0.224405 0.209954 0.117757 0.294831 0.031346
0.0227277 0.186012 0.147567 0.280031 0.131316 0.232246 9.9991E-05
0.2905 9.9991E-05 0.18169 0.36713 0.112199 0.0378232 0.0105566
0.0360552 9.9991E-05 0.116643 0.327543 0.0928292 0.402498 0.0243314
0.312454 0.0293054 0.217447 0.249933 0.00769655 0.183064 9.9991E-05
0.15628 9.9982E-05 0.266073 0.253378 0.123376 0.200693 9.9982E-05
0.264038 0.035808 0.0317688 0.373346 9.9991E-05 0.272247 0.0226914
0.292248 0.0284663 0.082355 0.34428 9.9982E-05 0.252451 9.9982E-05
0.234555 9.9991E-05 0.337998 0.161973 0.0677778 0.140993 0.0566028
0.148084 9.9982E-05 0.054108 0.250075 0.157933 0.389601 9.9982E-05
0.0681874 0.0763893 9.9991E-05 0.384224 0.0283797 0.353808 0.0889112
0.172732 0.00496619 0.0817555 0.254443 0.173416 0.273055 0.0396315
0.14041 0.192626 0.0563722 0.312952 0.208996 0.0885436 9.9991E-05
0.219667 0.280618 0.142226 0.133398 0.0832915 0.140699 9.9991E-05
