0.0484064 0.312381 9.9991E-05 0.0114413 0.109404 0.032368 0.485899
0.168778 0.386262 0.0842476 0.00692972 9.9991E-05 0.125978 0.227704
0.0937287 0.45447 9.9973E-05 9.9973E-05 9.9973E-05 0.282508 0.168994
0.0853073 0.235305 0.00849613 0.118849 9.9991E-05 0.185887 0.366056
9.9982E-05 0.249952 0.0106558 9.9982E-05 0.00520321 0.312399 0.42159
9.9955E-05 9.9955E-05 9.9955E-05 0.62911 9.9955E-05 0.37039 9.9955E-05
9.9982E-05 0.291725 0.0357627 9.9982E-05 0.113403 0.0827203 0.47619
9.9964E-05 9.9964E-05 0.0385511 0.807829 9.9964E-05 0.15322 9.9964E-05
0.0217389 0.379714 0.0643685 9.9991E-05 0.0263042 0.264804 0.242971
0.13339 0.160187 9.9973E-05 9.9973E-05 9.9973E-05 0.22528 0.480843
0.0837806 0.0212629 9.9973E-05 9.9973E-05 9.9973E-05 0.373325 0.521331
0.121424 9.9982E-05 0.0261058 0.180553 9.9982E-05 0.334146 0.337571
0.115206 0.207854 0.13155 9.9982E-05 9.9982E-05 0.0142605 0.53093
0.0489455 0.0716809 0.0932427 0.0297764 0.0192779 0.301637 0.43544
0.185674 0.0610196 0.0327975 0.580379 9.9982E-05 0.139931 9.9982E-05
0.0437 0.28924 0.155545 9.9982E-05 9.9982E-05 0.279634 0.231682
0.105381 0.106984 0.0213779 0.129117 9.9991E-05 0.267884 0.369155
9.9973E-05 0.274664 0.0634079 9.9973E-05 0.161876 9.9973E-05 0.499751
0.0518538 0.408141 0.108038 9.9982E-05 9.9982E-05 0.0902922 0.341475
0.0966281 0.38547 9.9964E-05 9.9964E-05 9.9964E-05 9.9964E-05 0.517502
9.9973E-05 0.192617 0.0871299 9.9973E-05 0.0595633 9.9973E-05 0.660389
0.0432264 0.0613031 0.0816925 0.0744074 0.0175953 0.225248 0.496527
0.196325 0.0752294 9.9973E-05 9.9973E-05 9.9973E-05 0.311738 0.416408
0.211575 0.147891 9.9973E-05 0.496219 9.9973E-05 0.144016 9.9973E-05
0.0170235 0.0332688 0.124061 9.9991E-05 0.151927 0.0688638 0.604756
0.0509028 0.105649 0.0620801 0.577739 9.9991E-05 0.125487 0.0780423
9.9973E-05 0.470756 0.098944 0.392018 9.9973E-05 0.037982 9.9973E-05
9.9982E-05 0.0413564 0.0154484 0.335441 9.9982E-05 0.0856141 0.52194
0.0314523 9.9973E-05 0.0362788 0.495197 9.9973E-05 0.436772 9.9973E-05
9.9973E-05 9.9973E-05 0.00324326 0.112384 9.9973E-05 0.267197 0.616875
0.0308981 0.282141 0.0823003 0.442077 9.9991E-05 0.0019118 0.160571
9.9982E-05 0.188075 0.123964 9.9982E-05 0.0417312 0.0872188 0.558811
0.0505858 9.9982E-05 0.0669301 0.113694 9.9982E-05 0.5173 0.25129
9.9964E-05 9.9964E-05 0.0074774 0.823265 9.9964E-05 9.9964E-05 0.168857
9.9991E-05 0.0350941 0.0511803 0.83247 0.0764012 0.000425146 0.00432946
9.9982E-05 0.300699 0.0178637 0.145075 9.9982E-05 0.154817 0.381345
0.0530503 0.0941598 0.104449 0.101511 9.9991E-05 0.115436 0.531294
0.0787121 0.309474 0.128755 9.9982E-05 9.9982E-05 0.171688 0.311171
0.0764508 9.9973E-05 9.9973E-05 0.679153 9.9973E-05 0.128272 0.115825
0.126642 0.203181 0.00471692 0.369557 0.0618089 0.186506 0.0475886
0.107778 0.274235 0.107759 0.0952579 9.9991E-05 0.344157 0.0707124
0.00417504 0.233953 0.098399 9.9982E-05 9.9982E-05 0.330247 0.333026
0.0584894 0.303291 0.0620668 0.178625 9.9982E-05 9.9982E-05 0.397328
0.0663926 0.158795 0.123804 0.524896 0.021122 0.0998869 0.00510294
0.0766142 0.196123 0.0373951 9.9991E-05 0.076718 0.261233 0.351817
0.265752 0.0674704 0.033465 9.9991E-05 0.11013 0.136911 0.386171
0.0904299 0.184309 0.0521832 0.0110022 0.0711694 0.138245 0.452661
9.9982E-05 0.231243 9.9982E-05 0.00231615 0.0590324 0.38649 0.320719
0.0874086 0.577508 0.0964691 0.00452397 9.9982E-05 9.9982E-05 0.233891
9.9973E-05 0.312447 0.0456019 0.425564 9.9973E-05 0.216087 9.9973E-05
0.0394172 9.9982E-05 0.0338428 9.9982E-05 0.0464239 0.274031 0.606085
0.0804882 9.9982E-05 9.9982E-05 0.352599 0.0999854 0.234896 0.231832
0.111375 0.202453 0.0428193 9.9991E-05 0.0442549 0.184532 0.414466
9.9973E-05 0.0927557 0.0338917 0.786184 9.9973E-05 0.086869 9.9973E-05
0.00516496 0.00250686 0.101219 0.332545 9.9991E-05 0.432683 0.125781
0.0386828 0.402924 0.0412304 9.9982E-05 0.045944 9.9982E-05 0.471019
0.181482 0.0831373 9.9982E-05 9.9982E-05 0.0248658 0.0844976 0.625817
0.0548954 0.164642 0.10134 0.124037 9.9991E-05 0.198 0.356986
0.100263 0.347942 9.9973E-05 0.160786 9.9973E-05 0.390708 9.9973E-05
9.9982E-05 0.0547113 0.0338856 0.321558 9.9982E-05 0.123313 0.466332
9.9973E-05 0.145332 0.0823122 0.731872 0.040184 9.9973E-05 9.9973E-05
0.0191629 0.0500292 9.9973E-05 0.796536 9.9973E-05 0.133972 9.9973E-05
9.9991E-05 0.273218 0.0915674 0.00215905 0.0338351 0.0658417 0.533279
0.0636023 9.9964E-05 0.0340805 0.901917 9.9964E-05 9.9964E-05 9.9964E-05
0.0305754 0.184423 0.0677546 9.9991E-05 0.0197786 0.273614 0.423755
0.00215224 9.9982E-05 0.12791 0.746917 9.9982E-05 0.0267734 0.096047
0.107507 0.0631059 0.127418 9.9982E-05 9.9982E-05 0.0802133 0.621556
0.090056 0.35118 0.0017017 0.141112 9.9991E-05 0.124492 0.291358
0.111744 0.358706 0.0698568 9.9982E-05 9.9982E-05 0.0535697 0.405924
9.9964E-05 9.9964E-05 0.0157202 0.559396 9.9964E-05 0.424484 9.9964E-05
0.292763 0.299029 0.070409 9.9982E-05 0.0276348 9.9982E-05 0.309964
0.0681385 0.4284 0.0950928 0.0051139 0.0151353 0.0647895 0.32333
0.0619436 0.268122 0.0355491 0.250676 0.0112473 0.0660387 0.306423
0.0886153 0.103238 0.0389674 9.9991E-05 0.0396646 0.402771 0.326644
0.101791 0.330112 0.0996718 0.0619929 0.0474855 0.0337513 0.325196
0.0726253 9.9982E-05 0.0767726 0.296162 9.9982E-05 0.199214 0.355027
0.0612208 0.0460075 9.9982E-05 0.0164035 9.9982E-05 0.260554 0.615614
0.0929161 0.170773 0.0560846 0.0629691 0.0137585 0.398665 0.204834
0.103844 0.197101 0.0621485 0.0641979 9.9991E-05 0.29169 0.280919
9.9982E-05 0.443503 0.139426 9.9982E-05 0.0198422 0.0656886 0.33134
0.268601 0.380366 0.0305373 9.9973E-05 9.9973E-05 9.9973E-05 0.320196
9.9982E-05 0.236155 0.0976148 9.9982E-05 0.00947912 0.280625 0.375926
0.187939 0.345534 0.0353518 0.0318731 9.9991E-05 0.00694904 0.392252
0.183372 0.290071 9.9964E-05 9.9964E-05 9.9964E-05 9.9964E-05 0.526157
0.0971659 0.140036 9.9973E-05 9.9973E-05 9.9973E-05 0.221828 0.54067
0.289715 0.131317 0.153646 0.108481 9.9991E-05 0.0545942 0.262146
0.0785717 0.164549 0.00563784 0.315553 9.9991E-05 0.154834 0.280755
0.0838277 0.0903216 9.9982E-05 0.125644 9.9982E-05 0.501152 0.198856
9.9964E-05 9.9964E-05 0.20735 0.756146 9.9964E-05 9.9964E-05 0.0361046
0.00748625 0.0634143 0.00563395 0.176648 0.0268732 0.354187 0.365757
0.243761 0.18187 0.081751 9.9982E-05 9.9982E-05 0.342413 0.150005
0.0153374 0.138053 0.00587982 0.473655 9.9991E-05 0.320797 0.0461784
0.0674764 0.133362 0.0338359 9.9982E-05 9.9982E-05 0.255329 0.509797
0.000967663 9.9973E-05 9.9973E-05 0.30311 9.9973E-05 0.0627505 0.632872
0.0790324 9.9973E-05 9.9973E-05 0.404814 9.9973E-05 0.408945 0.106909
0.0661679 9.9982E-05 0.103636 0.776345 9.9982E-05 0.0320847 0.021566
0.0941232 0.125961 0.0209489 0.0500188 0.0171693 0.227016 0.464762
0.132411 0.15599 0.0690453 9.9991E-05 0.0102097 0.355965 0.276279
0.184257 0.357548 0.059487 0.0328895 9.9991E-05 0.123746 0.241973
9.9982E-05 0.186862 0.0434779 0.252066 9.9982E-05 0.0121417 0.505253
0.0866372 0.311952 0.110299 0.374625 9.9982E-05 0.116286 9.9982E-05
0.11987 0.195285 0.00805096 0.0950603 9.9982E-05 9.9982E-05 0.581533
0.120093 0.281558 0.053155 0.00297496 0.138291 9.9991E-05 0.403827
0.131869 0.120288 0.020725 9.9991E-05 0.0329294 0.0682423 0.625846
0.0787354 0.0456688 0.0677406 9.9991E-05 0.0756616 0.196913 0.535181
0.162166 9.9973E-05 9.9973E-05 0.682534 9.9973E-05 0.148999 0.00600116
0.194918 0.0240385 9.9991E-05 0.411581 0.0943883 0.0990888 0.175885
0.100575 0.421557 9.9973E-05 9.9973E-05 9.9973E-05 0.130428 0.34714
0.0990698 0.285063 0.114257 0.0298672 9.9991E-05 0.209235 0.262408
0.108921 0.225409 0.0700895 0.00172131 9.9991E-05 0.0364511 0.557308
0.0622309 9.9982E-05 0.0010975 0.323165 9.9982E-05 0.46149 0.151817
9.9964E-05 0.0524545 9.9964E-05 0.889522 9.9964E-05 9.9964E-05 0.0576235
9.9982E-05 0.0455018 0.0405697 0.325768 9.9982E-05 0.347154 0.240807
9.9973E-05 0.339085 0.0207532 9.9973E-05 0.03209 9.9973E-05 0.607772
0.118559 0.108176 0.0903932 0.115437 9.9991E-05 0.00287942 0.564455
0.128237 0.402493 0.0206092 9.9973E-05 9.9973E-05 9.9973E-05 0.448361
0.107591 0.320842 0.0442072 9.9973E-05 9.9973E-05 9.9973E-05 0.52706
9.9964E-05 9.9964E-05 0.104497 0.861823 9.9964E-05 0.0332794 9.9964E-05
0.00643879 0.0509823 0.0895608 0.0125748 0.0773081 0.0018018 0.761333
0.187576 0.332692 9.9973E-05 9.9973E-05 9.9973E-05 0.0350322 0.444399
0.00611311 0.152007 0.116995 0.0711995 9.9991E-05 0.144297 0.509288
9.9973E-05 9.9973E-05 0.0593037 0.511248 9.9973E-05 0.324786 0.104362
0.00712018 0.225302 0.0283991 9.9982E-05 9.9982E-05 0.242987 0.495992
0.0580578 0.332094 0.00673857 0.0210231 0.0438089 0.16598 0.372298
0.097107 0.0818429 0.04801 9.9982E-05 0.0452539 9.9982E-05 0.727586
0.0957305 0.0553505 0.0506419 0.0510801 9.9991E-05 0.29305 0.454047
0.0284582 9.9973E-05 0.164461 0.568105 9.9973E-05 9.9973E-05 0.238676
9.9973E-05 0.0673195 0.00565364 0.888437 9.9973E-05 0.0382897 9.9973E-05
0.168261 0.370549 0.0567013 9.9982E-05 9.9982E-05 0.157898 0.24639
0.0681072 0.319201 0.0801333 9.9991E-05 0.0635693 0.111026 0.357863
0.0539584 0.296977 0.0984716 9.9991E-05 0.0212211 0.0830519 0.44622
9.9982E-05 0.255877 0.09823 9.9982E-05 0.105699 0.234939 0.305055
0.0263572 0.0865756 0.0374544 0.339507 9.9991E-05 0.333227 0.176779
9.9973E-05 0.384439 9.9973E-05 9.9973E-05 0.178102 0.230004 0.207155
9.9982E-05 0.136526 0.00627893 0.178299 9.9982E-05 0.185282 0.493415
0.9994 9.995E-05 9.995E-05 9.995E-05 9.995E-05 9.995E-05 9.995E-05
0.125458 9.9982E-05 0.0523695 0.470122 9.9982E-05 0.207756 0.144095
9.9991E-05 0.211326 0.0439668 0.24585 0.059396 0.178966 0.260395
0.9994 9.995E-05 9.995E-05 9.995E-05 9.995E-05 9.995E-05 9.995E-05
0.146707 0.0842539 0.0389959 0.545991 9.9991E-05 0.0535551 0.130397
9.9982E-05 0.130649 0.0130339 0.142057 9.9982E-05 0.256628 0.457433
0.0278633 0.367246 0.000911125 0.3755 0.113856 0.0256648 0.0889597
9.9982E-05 0.157075 0.193416 0.131704 9.9982E-05 0.34504 0.172564
0.0903363 0.448418 0.141789 0.0722949 9.9982E-05 0.246962 9.9982E-05
9.9973E-05 0.168794 0.042055 0.659394 9.9973E-05 0.129456 9.9973E-05
0.105329 0.336991 0.114635 0.20266 9.9982E-05 9.9982E-05 0.240184
0.0528194 0.446904 9.9982E-05 0.160157 9.9982E-05 0.319155 0.0207647
0.0789284 0.286251 0.116787 9.9991E-05 0.00460474 0.129473 0.383856
0.11849 0.419963 0.0557065 9.9973E-05 9.9973E-05 9.9973E-05 0.40554
0.0990326 0.153893 9.9982E-05 9.9982E-05 0.21014 0.182917 0.353817
9.9982E-05 0.537734 0.0413945 0.0562914 9.9982E-05 0.118446 0.245935
9.9973E-05 9.9973E-05 9.9973E-05 0.316235 0.0330017 0.236266 0.414197
9.9973E-05 9.9973E-05 0.0743522 0.652917 9.9973E-05 0.103907 0.168524
9.9991E-05 0.084736 0.0487167 0.277584 0.0846714 0.417981 0.0862106
0.0828641 0.268902 0.167539 9.9991E-05 0.00599097 0.37029 0.104313
0.141782 0.357554 0.104926 9.9991E-05 0.0672538 0.154695 0.173689
0.0998361 9.9964E-05 9.9964E-05 0.758601 9.9964E-05 0.141163 9.9964E-05
0.149471 0.234763 0.0500127 9.9991E-05 0.0392706 0.120056 0.406326
0.0342863 0.195784 0.207067 9.9991E-05 0.000764922 0.171274 0.390724
0.0747504 0.0974026 0.117217 0.165047 9.9991E-05 0.0653019 0.480181
0.0762428 0.209895 0.0660888 9.9991E-05 0.0563595 0.360033 0.231281
0.0531791 0.182075 0.215076 0.0700249 9.9991E-05 0.211678 0.267867
0.199087 0.112772 0.068828 0.056271 9.9991E-05 0.15234 0.410602
0.174206 0.218633 0.0677175 0.0496544 9.9982E-05 9.9982E-05 0.48959
0.0641943 0.311924 0.0233029 0.00071744 0.00909885 0.0532953 0.537468
0.253588 0.0375012 0.00148988 9.9982E-05 0.057681 9.9982E-05 0.64954
0.0586805 0.0364717 0.147289 0.0591936 0.0575624 0.396139 0.244664
0.0336583 9.9982E-05 0.00206133 0.44965 9.9982E-05 0.379553 0.134878
0.215398 0.134453 0.00136253 0.193099 9.9991E-05 0.296331 0.159257
0.116261 0.351251 0.0294839 0.0250358 0.0608061 0.32848 0.0886828
0.166854 0.220382 0.0387132 0.10428 0.0744087 0.0693313 0.326031
0.017193 0.151294 0.0133481 0.0586783 9.9991E-05 0.41328 0.346107
0.0230596 9.9964E-05 9.9964E-05 0.898955 9.9964E-05 0.0775859 9.9964E-05
0.144461 0.277253 0.0262707 0.0196664 9.9991E-05 0.300631 0.231618
0.063977 0.432851 0.0407882 0.258999 9.9982E-05 0.203186 9.9982E-05
0.227148 0.351066 0.04087 9.9991E-05 0.0592912 0.26335 0.0581746
9.9973E-05 0.500025 9.9973E-05 0.145295 9.9973E-05 0.259207 0.095173
9.9982E-05 0.17076 0.0816392 0.556041 9.9982E-05 0.107003 0.084356
9.9982E-05 0.335938 0.0764301 0.3956 9.9982E-05 0.0908817 0.100951
0.0174012 0.0915307 9.9973E-05 0.535521 9.9973E-05 9.9973E-05 0.355247
0.0363653 0.0656011 0.0153698 0.0196134 9.9991E-05 0.181825 0.681125
9.9973E-05 0.100527 0.0155077 0.692477 9.9973E-05 0.191188 9.9973E-05
0.0136811 0.36201 0.00206179 0.416082 9.9982E-05 9.9982E-05 0.205966
0.0315969 0.0534577 0.174173 9.9991E-05 0.0791275 0.118113 0.543432
9.99551E-05 9.99551E-05 9.99551E-05 0.945398 9.99551E-05 0.0541017 9.99551E-05
9.9964E-05 9.9964E-05 0.0620722 0.329651 9.9964E-05 0.607877 9.9964E-05
0.099177 9.9982E-05 0.0467231 0.0118125 9.9982E-05 0.559758 0.28233
9.9973E-05 9.9973E-05 0.00157932 0.294475 9.9973E-05 0.606968 0.0966781
0.0387566 0.0117032 0.0416841 0.158428 9.9991E-05 0.193119 0.556209
9.9982E-05 0.246781 0.0342032 9.9982E-05 0.126235 0.11468 0.477901
9.9982E-05 0.070745 0.0850984 0.196708 9.9982E-05 0.387006 0.260242
9.9964E-05 0.551384 9.9964E-05 9.9964E-05 9.9964E-05 0.0794032 0.368813
0.0336308 0.343775 0.024675 9.9982E-05 9.9982E-05 0.0146161 0.583103
0.105239 0.215188 0.0525313 9.9991E-05 0.115346 0.128964 0.382631
0.100051 0.197554 0.0231516 0.183388 0.0293496 0.378212 0.0882938
0.0063035 0.16828 0.0410156 0.221563 9.9991E-05 0.0529317 0.509806
0.129763 0.193629 0.0515968 9.9982E-05 0.165794 9.9982E-05 0.459017
0.0876216 0.20126 0.0266801 0.0712031 9.9991E-05 0.202922 0.410213
0.172888 0.410516 0.0797989 9.9991E-05 0.113067 0.0310361 0.192594
0.0588119 0.530885 0.0213964 9.9991E-05 0.0147542 0.216798 0.157255
9.9982E-05 0.279514 0.0618097 0.256606 9.9982E-05 0.325312 0.0765589
0.127649 0.246307 0.0152522 0.009062 9.9991E-05 0.0504228 0.551207
0.00700965 0.761397 9.9973E-05 9.9973E-05 9.9973E-05 0.213496 0.0177974
0.0428279 0.21655 0.0166622 9.9991E-05 0.181357 0.246726 0.295778
0.093332 0.0412517 0.0756386 9.9991E-05 0.329445 0.218694 0.241538
0.192504 0.145441 0.0990307 0.199778 9.9991E-05 0.278746 0.0844008
0.0138404 9.9982E-05 0.00549527 0.0694449 0.15424 9.9982E-05 0.75678
0.04332 0.227634 0.0207464 0.153903 9.9991E-05 0.352138 0.202159
0.0795399 0.161434 0.136244 0.0145439 0.0487873 0.111509 0.447942
0.0739766 0.209972 9.9973E-05 9.9973E-05 0.137475 9.9973E-05 0.578276
9.9982E-05 0.373883 0.0612607 9.9982E-05 0.0830719 0.135586 0.345999
0.0322106 0.234741 9.9991E-05 0.284476 0.0394205 0.0740431 0.335008
0.0325262 0.406909 0.0070419 0.412793 9.9991E-05 0.0941205 0.0465098
0.00802512 0.067143 0.0868108 9.9973E-05 9.9973E-05 9.9973E-05 0.837721
0.157619 0.312852 0.0203189 9.9982E-05 0.0211842 9.9982E-05 0.487826
9.9982E-05 0.0746854 0.131097 9.9982E-05 0.0348113 0.278111 0.481096
0.0625715 0.0393631 9.9982E-05 9.9982E-05 0.0967816 0.447629 0.353455
0.249339 0.002123 0.038513 0.260817 9.9991E-05 0.380752 0.0683565
0.127645 0.585446 0.0360358 0.181467 9.9991E-05 0.0450052 0.0243005
0.112631 0.349947 9.9982E-05 9.9982E-05 0.0826034 0.238292 0.216327
0.0842712 0.198918 0.155342 0.483023 9.9991E-05 0.0527144 0.025631
0.0470014 0.132495 0.077668 0.1923 9.9991E-05 0.0786877 0.471748
0.120728 0.205161 9.9991E-05 0.0522291 0.0962598 0.378071 0.147451
9.9973E-05 0.0128196 0.0727759 0.684981 9.9973E-05 0.229124 9.9973E-05
0.0312627 0.21301 0.0670256 9.9991E-05 0.0227326 0.423945 0.241925
0.143456 0.542563 0.0574022 0.0532431 9.9982E-05 9.9982E-05 0.203135
0.0402683 0.16992 0.0588766 0.0789756 9.9991E-05 0.0525415 0.599319
0.0358004 0.406031 0.0103962 9.9982E-05 0.0170983 9.9982E-05 0.530474
0.0673436 0.559383 9.9982E-05 9.9982E-05 0.052406 0.286146 0.0345219
0.147231 0.231648 0.0446805 9.9982E-05 9.9982E-05 0.263272 0.312969
9.9982E-05 0.146985 0.101223 9.9982E-05 0.0512094 0.0428407 0.657542
0.156441 0.314487 0.0302474 0.00860529 9.9982E-05 9.9982E-05 0.49002
0.114296 0.30925 0.195354 0.122232 9.9991E-05 0.125406 0.133362
0.202098 0.286313 9.9982E-05 0.0082391 9.9982E-05 0.0110695 0.492081
0.211157 0.281294 9.9973E-05 9.9973E-05 9.9973E-05 0.0270839 0.480165
9.99551E-05 0.128331 9.99551E-05 9.99551E-05 9.99551E-05 0.871169 9.99551E-05
0.0926787 0.442599 9.99767E-05 9.99767E-05 9.99767E-05 0.00339418 0.461028
0.102908 0.315167 0.0518487 9.9982E-05 9.9982E-05 0.15211 0.377767
0.00464009 0.138986 0.102362 0.340545 9.9991E-05 0.0496479 0.363719
0.0397695 0.144571 0.069486 0.296623 9.9982E-05 9.9982E-05 0.44935
9.99714E-05 0.253508 9.99714E-05 9.99714E-05 9.99714E-05 0.257651 0.488441
0.0176351 9.9982E-05 0.0276715 0.520269 9.9982E-05 0.12724 0.306984
0.036667 0.228008 0.0188319 9.9991E-05 0.0138498 0.353479 0.349064
0.025779 0.1433 9.9982E-05 0.220501 9.9982E-05 0.358136 0.252083
0.0397196 0.382443 0.00645456 0.0164099 0.0694885 9.9991E-05 0.485384
0.244408 9.9982E-05 0.0108804 0.0452118 9.9982E-05 0.681064 0.018236
9.9982E-05 0.0928992 9.9982E-05 0.283198 0.131239 0.304458 0.188006
0.162519 0.211307 0.0854818 0.412144 9.9991E-05 0.0840081 0.04444
9.9973E-05 0.342407 0.0687358 9.9973E-05 9.9973E-05 0.230884 0.357673
0.132192 0.508908 0.0152013 9.9973E-05 9.9973E-05 9.9973E-05 0.343399
0.0844697 0.143858 0.0157151 0.357178 9.9991E-05 0.0125406 0.386138
0.0393421 0.707033 9.9991E-05 0.00651339 0.0249875 0.00972653 0.212297
0.0326985 0.206932 0.010759 9.9991E-05 0.0774839 0.143816 0.52821
9.9964E-05 9.9964E-05 0.0996623 0.803987 9.9964E-05 9.9964E-05 0.0959514
0.121019 0.21727 0.0427554 9.9982E-05 9.9982E-05 0.160138 0.458617
9.9964E-05 0.371211 9.9964E-05 9.9964E-05 9.9964E-05 0.227093 0.401296
0.0233495 0.180542 0.0762397 9.9982E-05 9.9982E-05 0.194518 0.52515
0.116345 0.0497002 0.0418433 9.9982E-05 9.9982E-05 0.189489 0.602422
0.0912356 0.0395536 0.0635828 9.9982E-05 9.9982E-05 0.198111 0.607318
0.117321 0.0992575 0.0121565 0.0029583 9.9991E-05 0.206691 0.561516
0.0410031 0.152178 0.117923 9.9982E-05 9.9982E-05 0.189731 0.498964
9.9982E-05 0.182533 0.0915427 0.0778349 9.9982E-05 0.199321 0.448568
0.107311 0.0810276 0.00116348 0.45965 0.00901129 0.237676 0.104161
0.00871776 0.404895 0.0133004 0.00568375 9.9991E-05 0.0281631 0.53914
0.0745231 0.235143 0.0179035 9.9973E-05 9.9973E-05 9.9973E-05 0.672131
0.13274 0.420339 0.0548123 0.158113 9.9991E-05 0.134371 0.0995255
0.138209 9.9982E-05 0.0159283 0.361081 9.9982E-05 0.200551 0.284031
0.0921653 0.27284 9.9973E-05 9.9973E-05 0.0870346 9.9973E-05 0.547661
9.9982E-05 0.139536 0.0254765 0.153065 9.9982E-05 0.351276 0.330447
9.9991E-05 0.259055 0.0367931 0.00725245 0.0259064 0.00383789 0.667056
0.00773451 0.122309 0.066086 0.292712 9.9991E-05 0.209194 0.301865
0.125564 9.9991E-05 0.0554737 0.0525587 0.115631 0.346168 0.304504
0.140035 9.9982E-05 0.0878655 0.355021 9.9982E-05 0.364627 0.0522522
0.0225034 0.0719051 0.0600697 0.230702 9.9991E-05 0.0203014 0.594418
0.0819818 0.201559 0.0614498 0.0291675 0.143577 0.111325 0.37094
0.0102821 0.257477 0.0446041 0.25095 9.9982E-05 9.9982E-05 0.436486
0.149024 0.271851 0.0777271 9.9982E-05 9.9982E-05 0.0507758 0.450423
0.125622 0.175407 0.0667548 0.0110076 9.9991E-05 0.0940586 0.52705
0.171814 0.145149 0.00841102 9.9982E-05 9.9982E-05 0.478624 0.195801
0.165353 0.0446413 9.9991E-05 0.256974 0.00727154 0.227182 0.298479
0.118316 0.451636 9.9973E-05 9.9973E-05 9.9973E-05 0.299255 0.130493
9.9982E-05 0.260883 0.122842 9.9982E-05 0.0772851 0.155154 0.383635
0.087613 0.165822 0.0104084 9.9991E-05 0.0113365 0.0691846 0.655535
0.00314151 0.0695046 0.00531154 0.48716 0.0613197 0.0793867 0.294176
9.9973E-05 9.9973E-05 0.00199621 0.774648 0.0291529 0.193903 9.9973E-05
0.0188984 0.0165689 0.00147636 0.0607849 0.0630152 0.342158 0.497098
0.158892 0.539819 0.0256002 0.0885932 0.0220416 9.9991E-05 0.164953
0.101136 0.367584 0.100418 0.0235414 0.045735 0.361486 9.9991E-05
9.9982E-05 0.248924 0.0630718 0.142763 9.9982E-05 0.362544 0.182496
0.0740067 0.345717 9.9982E-05 0.190938 9.9982E-05 0.174393 0.214745
9.9982E-05 0.368079 0.0224675 0.0860328 9.9982E-05 0.0597732 0.463448
0.110914 0.380247 0.0372305 9.9991E-05 0.0882243 0.0850194 0.298264
0.051692 0.157063 0.0315277 9.9991E-05 0.0827215 0.263949 0.412947
0.0058817 0.147992 0.139174 9.9982E-05 9.9982E-05 0.199109 0.507644
0.0375493 0.550137 0.0108592 9.9982E-05 0.0267809 9.9982E-05 0.374474
9.9964E-05 0.382088 9.9964E-05 9.9964E-05 9.9964E-05 0.06964 0.547872
9.9973E-05 0.266416 0.087578 9.9973E-05 9.9973E-05 0.0823237 0.563383
0.157488 0.47484 9.9973E-05 9.9973E-05 9.9973E-05 0.316315 0.0510579
0.0217606 0.0788995 0.0130601 9.9991E-05 0.105911 0.253314 0.526954
0.189859 0.136248 0.0433106 0.0663463 9.9991E-05 0.00663553 0.557501
0.147831 0.45717 0.0339427 9.9991E-05 0.113815 0.113704 0.133438
9.9982E-05 0.154727 0.0398901 9.9982E-05 0.000512665 0.345924 0.458746
0.140769 0.150099 0.0466135 0.139005 0.0262253 9.9991E-05 0.497188
9.9982E-05 9.9982E-05 0.0928945 0.466651 0.0556118 0.262485 0.122157
0.022956 0.257673 0.120724 0.3364 9.9991E-05 0.258598 0.00354867
9.9964E-05 9.9964E-05 0.0740009 0.693011 9.9964E-05 9.9964E-05 0.232588
0.086496 0.320897 0.0159879 9.9982E-05 9.9982E-05 0.144054 0.432366
0.00263799 9.9982E-05 0.11864 0.732554 0.000131724 9.9982E-05 0.145836
9.9982E-05 0.114685 0.0197942 0.625153 0.00389893 0.236269 9.9982E-05
0.11088 0.129061 0.083626 9.9982E-05 9.9982E-05 0.309768 0.366465
0.106339 0.0248311 0.0275371 9.9991E-05 0.0749993 0.22092 0.545273
0.173217 0.258391 0.0121167 0.0110112 0.0866742 9.9991E-05 0.45849
0.0485792 0.0397637 0.00623997 0.648993 9.9982E-05 0.256224 9.9982E-05
0.012062 0.26985 9.9982E-05 9.9982E-05 0.0352053 0.0801712 0.602511
0.150367 0.0353302 0.107289 0.294457 9.9982E-05 0.412357 9.9982E-05
0.264296 0.0430355 9.9982E-05 9.9982E-05 0.0240248 0.133448 0.534996
9.9973E-05 0.157692 0.100388 0.741162 9.9973E-05 0.000458168 9.9973E-05
0.0279503 0.369898 0.0405522 0.0786372 0.0438001 0.200279 0.238883
9.9991E-05 0.10896 0.0477581 0.00818845 0.0118904 0.1205 0.702603
9.9964E-05 0.372269 9.9964E-05 9.9964E-05 9.9964E-05 0.125583 0.501748
0.0669349 0.338859 0.0531377 9.9982E-05 9.9982E-05 0.288294 0.252575
0.026251 0.197478 9.9982E-05 0.719086 0.0348154 9.9982E-05 0.0221701
9.9991E-05 0.0859029 0.0318254 0.222411 0.00782716 0.176983 0.474951
9.9982E-05 0.215507 0.0836784 0.221817 0.0452589 0.433538 9.9982E-05
0.208407 0.0689789 0.0628272 9.9991E-05 0.0878212 0.0256405 0.546225
9.9973E-05 0.131106 9.9973E-05 0.596368 9.9973E-05 0.253079 0.0191468
0.0357112 0.151569 0.0482041 0.0770358 0.214642 0.280673 0.192165
9.9982E-05 0.0757513 0.135078 0.24648 9.9982E-05 0.52887 0.0136203
0.0509021 0.261247 9.9982E-05 9.9982E-05 0.0482395 0.227704 0.411707
9.9982E-05 0.161477 0.0839026 0.162061 9.9982E-05 0.471779 0.12058
0.0359689 9.9982E-05 0.0304255 0.459201 9.9982E-05 0.253297 0.220908
0.249242 0.216546 9.9973E-05 9.9973E-05 0.0898777 9.9973E-05 0.444034
0.0891024 0.492082 0.02714 0.023757 9.9982E-05 9.9982E-05 0.367719
0.122299 0.534064 0.00340509 9.9982E-05 0.0465644 9.9982E-05 0.293468
9.9982E-05 0.292356 9.9982E-05 0.00032862 0.165693 0.0786446 0.462778
9.9973E-05 9.9973E-05 0.0187548 0.27095 9.9973E-05 0.665028 0.0449674
0.0296611 0.482071 0.0472376 0.0125577 0.0963457 0.0754728 0.256654
9.9973E-05 0.0352823 0.0977955 9.9973E-05 9.9973E-05 0.132613 0.73401
0.0518449 0.299682 9.9991E-05 0.0183134 0.0312276 0.0625783 0.536254
0.0250838 0.030304 0.0407068 0.39301 9.9991E-05 0.257752 0.253044
0.047959 0.305898 0.0109075 0.216213 9.9991E-05 0.169665 0.249258
0.0478929 0.116952 0.0369789 0.0160419 0.0994357 0.0170042 0.665695
0.253085 0.376461 0.0552943 0.0528776 0.00947152 0.25271 9.9991E-05
0.070001 0.108978 0.0609439 0.186481 0.00349103 0.300595 0.269511
0.0912593 0.409254 0.0415781 9.9991E-05 0.0203246 0.187658 0.249826
0.0491186 0.0674653 0.088686 0.247857 0.0548638 0.363817 0.128193
0.210863 0.455095 0.00647079 0.0354292 9.9982E-05 0.291942 9.9982E-05
9.9982E-05 0.140094 0.0574996 0.38618 9.9982E-05 0.143399 0.272627
9.9973E-05 0.397773 0.103163 9.9973E-05 0.0215887 9.9973E-05 0.477176
0.0336519 0.362657 0.0312398 9.9982E-05 9.9982E-05 0.0108428 0.561408
0.0587864 0.029978 0.0430226 9.9982E-05 9.9982E-05 0.217454 0.650559
0.121394 0.102874 9.9982E-05 9.9982E-05 0.0230013 0.0313454 0.721185
0.104236 0.169867 0.101496 9.9982E-05 0.122148 9.9982E-05 0.502053
0.0253906 0.331113 0.0924732 9.9991E-05 0.0541613 0.0518003 0.444962
9.9982E-05 0.183437 0.101042 0.202312 9.9982E-05 0.328812 0.184197
0.045638 0.415019 9.9973E-05 9.9973E-05 9.9973E-05 0.524177 0.0148659
0.0671444 0.402981 9.9964E-05 9.9964E-05 9.9964E-05 9.9964E-05 0.529475
9.9982E-05 0.00343654 0.0676282 0.0514776 9.9982E-05 0.159694 0.717564
0.10449 0.159507 0.0846113 0.0324722 0.00309721 0.35776 0.258063
0.0367619 0.0459864 0.178652 0.180439 0.0339262 0.524134 9.9991E-05
0.214941 0.133963 0.0394335 9.9991E-05 0.127166 0.119611 0.364786
0.0258181 0.107019 0.0211683 0.00745299 0.115012 0.196613 0.526917
9.9964E-05 0.280459 0.0272539 0.691887 9.9964E-05 9.9964E-05 9.9964E-05
9.9964E-05 0.339622 9.9964E-05 0.599648 9.9964E-05 9.9964E-05 0.0603301
0.198754 0.144768 0.106301 9.9982E-05 9.9982E-05 0.062201 0.487775
0.0333593 0.0964354 0.0149001 0.00680235 0.48711 0.0125037 0.348889
0.188393 9.9982E-05 9.9982E-05 0.0340705 0.599625 0.0902628 0.0874481
0.0488864 0.151145 0.053859 0.0252346 0.542085 9.9991E-05 0.17869
0.0138721 0.336297 9.9982E-05 9.9982E-05 0.137725 0.211816 0.300089
0.103007 0.162763 0.0427434 9.9982E-05 0.588798 9.9982E-05 0.102488
9.9982E-05 0.233421 0.0618033 0.0251796 0.552276 9.9982E-05 0.127119
0.0471757 0.0219803 9.9982E-05 9.9982E-05 0.555086 0.344261 0.0312971
0.0851624 0.229334 0.0505548 9.9991E-05 0.587849 0.0186689 0.0283316
9.9982E-05 0.359875 0.109128 9.9982E-05 0.464521 0.0206141 0.0456626
0.113759 0.278076 0.0474455 0.0230244 0.349539 9.9991E-05 0.188056
0.0669431 0.238563 0.0940479 9.9991E-05 0.278572 0.150568 0.171205
0.0834372 0.0398413 0.0612033 9.9991E-05 0.514794 0.21133 0.0892946
0.0307493 0.121339 0.167503 9.9991E-05 0.179119 0.194666 0.306524
0.205603 0.0155121 0.0923693 9.9982E-05 0.410664 9.9982E-05 0.275651
0.136558 0.0975774 0.0418914 9.9982E-05 0.47874 9.9982E-05 0.245033
0.0260107 0.0165008 0.146585 0.0915694 0.636782 9.9991E-05 0.0824521
9.9982E-05 0.0582229 0.0482195 9.9982E-05 0.491191 0.0344137 0.367754
0.0937356 0.189954 0.0833079 9.9991E-05 0.274426 0.214163 0.144313
0.109064 9.9982E-05 9.9982E-05 0.6676 0.098841 0.0575904 0.0667055
9.9991E-05 0.327819 0.0383988 0.0194231 0.407015 0.0586796 0.148564
0.0873734 0.239757 0.0929774 0.000335027 0.355261 9.9991E-05 0.224196
0.0156877 0.227832 9.9991E-05 0.134922 0.108948 0.0971314 0.415379
0.0645538 0.181779 0.0192524 9.9982E-05 0.729216 9.9982E-05 0.00499864
0.159405 0.197543 0.0886616 9.9973E-05 0.554091 9.9973E-05 9.9973E-05
0.0686998 0.433059 0.00678259 9.9991E-05 0.0859373 0.276312 0.12911
9.9982E-05 0.0753672 0.0833311 0.0196969 0.586113 9.9982E-05 0.235292
0.00578955 9.9982E-05 0.103026 9.9982E-05 0.429023 0.250127 0.211835
0.171332 0.101738 0.0403944 0.00902797 0.450553 9.9991E-05 0.226855
9.9991E-05 0.0554479 0.0339262 0.0524717 0.75956 0.0295579 0.0689368
0.121476 0.168151 0.146815 0.027626 0.524092 9.9991E-05 0.0117389
0.101413 0.104728 0.0474218 9.9991E-05 0.721034 0.00953769 0.0157651
0.0544309 9.9982E-05 0.154364 0.034151 0.628785 9.9982E-05 0.12807
0.0689462 0.353176 0.173936 9.9973E-05 0.403642 9.9973E-05 9.9973E-05
0.0409434 9.9982E-05 0.0707875 9.9982E-05 0.575238 0.083701 0.22913
0.0269596 0.150255 0.059228 0.10278 0.545381 0.115297 9.9991E-05
0.0430354 0.356973 0.0618509 9.9982E-05 0.473043 0.0648978 9.9982E-05
0.0642646 0.127571 0.0502714 0.0460232 0.580497 0.131272 9.9991E-05
0.0669835 0.177258 0.125379 9.9982E-05 0.0767286 9.9982E-05 0.55345
0.100538 0.0186525 0.267382 9.9982E-05 0.529558 9.9982E-05 0.0836693
0.144711 9.9973E-05 0.0471822 9.9973E-05 0.465658 9.9973E-05 0.342149
0.0723194 0.123363 9.9991E-05 0.00352779 0.480518 0.130904 0.189268
0.0751359 0.356009 9.9982E-05 9.9982E-05 0.401154 0.127999 0.039503
0.087291 9.9973E-05 0.12842 9.9973E-05 0.704204 9.9973E-05 0.0797852
0.0010357 0.391942 9.9982E-05 9.9982E-05 0.150054 0.190414 0.266355
9.9982E-05 0.00604679 0.0390067 0.019485 0.673237 9.9982E-05 0.262025
9.9982E-05 0.238966 0.0268439 0.179206 9.9982E-05 0.381675 0.173109
0.0959748 0.385043 0.110394 9.9991E-05 0.0649566 0.0364762 0.307056
0.0116501 0.0789202 0.062505 9.9991E-05 0.0881648 0.356003 0.402657
0.0508531 0.0896981 0.146361 9.9991E-05 0.523695 0.027696 0.161597
0.00953711 0.131021 0.117272 9.9991E-05 0.498263 0.0303966 0.213411
9.9982E-05 0.125358 0.0500194 0.00803842 0.634216 9.9982E-05 0.182169
0.0548022 0.207919 9.9982E-05 9.9982E-05 0.500723 0.0183103 0.218046
0.0306068 0.291268 9.9982E-05 0.0331659 0.449736 9.9982E-05 0.195023
9.9982E-05 0.246639 0.1558 0.000930989 0.421662 9.9982E-05 0.174769
0.0634621 0.0625366 9.9982E-05 9.9982E-05 0.460197 0.2117 0.201905
0.0188434 0.233876 9.9973E-05 9.9973E-05 0.725085 9.9973E-05 0.0218948
9.9982E-05 0.0916231 0.0910291 9.9982E-05 0.474006 0.0496132 0.293528
0.0686923 0.0261411 0.0775142 0.0199161 0.346653 0.0425885 0.418495
9.9982E-05 0.0365923 0.0520474 9.9982E-05 0.796838 0.0154644 0.0988581
9.9973E-05 0.238237 0.0113557 9.9973E-05 0.584515 9.9973E-05 0.165593
0.107957 0.171458 0.0309047 0.0311076 0.563365 9.9991E-05 0.0951087
0.156299 0.214277 0.0341283 9.9982E-05 0.554432 0.040663 9.9982E-05
0.0708672 0.332819 0.0136552 9.9991E-05 0.0789729 0.108551 0.395034
0.149696 9.9973E-05 9.9973E-05 0.00481698 0.591517 9.9973E-05 0.25367
9.9991E-05 0.0179795 0.112084 0.112032 0.0101904 0.468873 0.278741
0.0175613 0.381223 0.110273 0.00951415 0.403684 9.9991E-05 0.077644
0.214648 9.9991E-05 0.0208913 0.07559 0.587272 0.0320211 0.0694777
0.0234203 0.155987 0.0664535 0.0517747 0.0454565 0.430213 0.226695
0.011474 0.165685 0.151631 0.015726 0.456109 0.0591756 0.1402
0.025212 9.9982E-05 0.0763402 9.9982E-05 0.516361 0.266633 0.115254
0.102015 9.9982E-05 0.0640148 0.00851567 0.660719 9.9982E-05 0.164535
0.0380529 0.223094 0.0452444 9.9991E-05 0.536003 0.0686546 0.0888506
0.12604 0.375203 0.014374 9.9982E-05 0.338664 9.9982E-05 0.145519
0.0540961 0.0599891 0.0949811 9.9991E-05 0.583908 0.0264378 0.180488
0.00689867 0.0625826 0.0838002 0.0186172 0.603467 0.136565 0.0880689
0.0927934 0.169187 0.0403304 0.0192363 0.388878 9.9991E-05 0.289475
0.116089 0.0967869 0.0331685 9.9991E-05 0.197475 0.32474 0.231641
0.100038 0.190339 0.0247276 9.9982E-05 0.43996 0.244736 9.9982E-05
0.0359206 0.462535 0.0159206 9.9991E-05 0.356275 0.0780865 0.0511631
9.9982E-05 9.9982E-05 0.0128821 0.734205 0.000834175 0.2486 0.00327901
9.9982E-05 0.119631 0.0598429 0.0149694 0.488968 9.9982E-05 0.316389
9.9982E-05 0.285935 0.0482305 0.0718913 9.9982E-05 0.214278 0.379465
0.0794463 0.134793 0.0371411 0.0142648 0.734155 9.9982E-05 9.9982E-05
0.0817688 0.253482 0.0594855 9.9991E-05 0.352339 0.104826 0.147999
0.0779585 0.170479 0.0519664 9.9991E-05 0.264172 0.00506397 0.430261
0.0471001 0.0613421 0.053531 9.9982E-05 0.158014 9.9982E-05 0.679813
0.0462841 0.161247 0.0230927 9.9991E-05 0.433198 0.050085 0.285993
0.032027 0.187908 0.0829225 9.9991E-05 0.525307 0.0200769 0.151658
9.9973E-05 0.351768 0.0601871 9.9973E-05 0.502705 9.9973E-05 0.0850396
0.187662 9.9982E-05 0.0646098 0.03144 0.500582 9.9982E-05 0.215506
0.181401 0.320736 9.9991E-05 0.0546981 0.099113 0.0227031 0.321249
0.0201407 0.364087 0.10212 9.9982E-05 0.41723 0.0962215 9.9982E-05
9.9982E-05 0.382846 0.0362489 9.9982E-05 0.414404 0.0324707 0.13383
0.0603063 0.320948 9.9982E-05 9.9982E-05 0.459155 0.0508357 0.108555
0.0500013 0.190984 0.0433062 9.9991E-05 0.0131658 0.24624 0.456203
0.130104 0.0124374 0.0807998 9.9991E-05 0.593156 0.0663286 0.117074
0.0749331 0.109187 0.147428 9.9982E-05 0.471427 0.196825 9.9982E-05
0.161607 0.170777 0.0182081 9.9982E-05 0.448615 9.9982E-05 0.200593
0.121576 0.38954 0.105576 9.9982E-05 0.305804 9.9982E-05 0.0773045
0.0978131 0.342338 0.00253855 9.9982E-05 9.9982E-05 0.312342 0.244768
9.9964E-05 0.169807 0.0562856 0.773507 9.9964E-05 9.9964E-05 9.9964E-05
0.0350797 0.243257 0.0390219 9.9982E-05 0.557847 9.9982E-05 0.124594
0.0181238 0.150876 0.145901 9.9982E-05 0.309306 9.9982E-05 0.375594
0.0911913 0.184216 9.9982E-05 9.9982E-05 0.39366 0.0582302 0.272502
0.119813 9.9973E-05 0.0871127 9.9973E-05 0.522945 9.9973E-05 0.26983
0.0205632 0.100847 0.0814377 0.0334048 0.650079 9.9991E-05 0.113568
9.9982E-05 0.2487 0.0197876 9.9982E-05 0.535816 0.0818119 0.113684
0.0562459 0.0816242 0.0512204 9.9991E-05 0.697621 0.0302323 0.0829566
0.0476 0.0891093 0.0675307 0.0269857 0.571341 9.9991E-05 0.197334
0.0511679 9.9991E-05 0.01109 0.0159868 0.630179 0.140778 0.150698
0.034848 0.144963 0.138355 9.9991E-05 0.333659 0.0445536 0.303522
0.21315 0.250201 9.9982E-05 9.9982E-05 0.0690946 0.137386 0.329969
0.0186272 0.0831667 0.105377 9.9991E-05 0.622549 0.00481465 0.165365
0.135142 0.0344962 0.0669739 9.9991E-05 0.504869 0.0370219 0.221396
0.225033 0.217286 0.0543398 9.9973E-05 9.9973E-05 9.9973E-05 0.503041
0.166693 0.173793 9.9982E-05 0.0607172 0.57039 9.9982E-05 0.0282076
0.141434 0.400032 9.9982E-05 0.00292074 9.9982E-05 0.16044 0.294973
0.221921 0.108329 9.9982E-05 0.0179769 0.402982 9.9982E-05 0.248591
9.9982E-05 0.402239 0.0474408 9.9982E-05 0.519227 0.0250567 0.00583699
9.9982E-05 0.44839 0.0220094 9.9982E-05 0.15643 0.203733 0.169237
0.0315566 0.444718 9.9964E-05 9.9964E-05 0.523326 9.9964E-05 9.9964E-05
0.193731 0.315076 9.9973E-05 9.9973E-05 0.287497 9.9973E-05 0.203396
9.995E-05 9.995E-05 0.9994 9.995E-05 9.995E-05 9.995E-05 9.995E-05
9.995E-05 9.995E-05 0.9994 9.995E-05 9.995E-05 9.995E-05 9.995E-05
0.0318551 0.0965516 0.074346 9.9991E-05 0.548075 0.100859 0.148213
0.0386328 0.188021 0.0481372 9.9982E-05 0.523174 9.9982E-05 0.201835
0.0570903 0.340055 0.053476 9.9982E-05 0.529763 9.9982E-05 0.0194154
0.0627656 0.234803 0.000402082 0.0423982 0.511586 9.9991E-05 0.147946
0.0365956 0.0821146 0.0995466 9.9982E-05 0.558666 9.9982E-05 0.222877
0.162711 0.0941707 0.0126157 9.9982E-05 0.627018 9.9982E-05 0.103284
0.0987803 0.0969196 9.9991E-05 0.0232791 0.520589 0.0374529 0.222879
0.0340082 0.231173 0.0152161 9.9982E-05 9.9982E-05 0.158402 0.561
0.0151117 0.184755 0.136738 0.0138669 0.418588 0.10877 0.122171
0.125685 0.0139126 9.9982E-05 0.00152695 0.60512 9.9982E-05 0.253556
0.110902 9.9991E-05 0.0245449 0.00280132 0.740495 0.0469192 0.0742375
0.176496 0.0691356 0.0107995 0.0124318 0.623772 0.0501399 0.0572251
0.0539498 0.282485 0.116429 9.9982E-05 0.405168 9.9982E-05 0.141768
9.9982E-05 9.9982E-05 0.0112704 0.0265617 0.447557 0.0637415 0.450669
9.9973E-05 0.10062 0.104182 9.9973E-05 0.319462 9.9973E-05 0.475436
0.2429 0.24532 0.0234908 9.9991E-05 0.30628 0.144489 0.0374203
9.9982E-05 0.0913244 0.116533 9.9982E-05 0.456392 0.181598 0.153953
0.0591037 0.105478 0.00245922 9.9982E-05 0.614739 0.21802 9.9982E-05
0.117289 0.360934 0.053756 0.0380064 9.9982E-05 9.9982E-05 0.429815
0.0581681 0.00377801 0.0770713 9.9982E-05 0.310925 9.9982E-05 0.549858
0.0164828 0.301555 0.087917 9.9973E-05 0.593745 9.9973E-05 9.9973E-05
0.0632292 0.0723475 9.9982E-05 0.0143129 0.610868 0.239043 9.9982E-05
0.109774 0.189091 0.101753 9.9991E-05 0.420908 0.0981506 0.0802226
0.0889127 0.208375 0.127793 9.9973E-05 0.574619 9.9973E-05 9.9973E-05
0.156661 0.240054 0.0039262 0.00529244 0.447663 0.0726148 0.0737888
9.9973E-05 0.371282 0.0470349 9.9973E-05 9.9973E-05 0.239419 0.341964
0.143059 0.0484646 0.0651871 0.0708486 0.121729 0.097372 0.45334
9.9973E-05 0.285442 9.9973E-05 9.9973E-05 0.450718 0.120644 0.142896
0.0162811 0.292625 0.122012 9.9982E-05 0.530628 9.9982E-05 0.0382542
9.9973E-05 0.173381 0.136384 9.9973E-05 0.520147 9.9973E-05 0.169789
0.055167 0.283298 0.0820686 9.9991E-05 0.358211 0.0102599 0.210896
0.0771653 0.219047 0.0503483 0.00103945 0.601191 9.9991E-05 0.0511092
9.9973E-05 9.9973E-05 0.187043 9.9973E-05 0.561025 0.168391 0.083241
0.0819506 0.14541 0.0821838 0.151378 0.0593431 0.415549 0.0641858
0.0433895 0.212807 0.019077 0.0494733 0.39508 9.9991E-05 0.280073
0.0958202 0.0402845 9.9982E-05 9.9982E-05 0.477227 0.174612 0.211856
0.110657 0.0947802 0.0173704 0.221836 0.120669 0.407465 0.0272228
9.9973E-05 0.114517 9.9973E-05 0.187429 9.9973E-05 0.420561 0.277194
0.102341 0.193156 0.0639082 9.9982E-05 0.594736 0.0456591 9.9982E-05
0.0875021 0.205109 0.0509496 0.0574497 0.381712 0.02901 0.188268
0.115996 0.0431813 9.9973E-05 9.9973E-05 0.603509 9.9973E-05 0.237014
9.9982E-05 0.294741 0.0456399 9.9982E-05 0.0689336 0.187015 0.40347
0.0934682 0.380655 0.0311714 9.9982E-05 0.456164 9.9982E-05 0.0383417
0.107577 0.00865605 0.107443 0.00161341 0.57321 9.9991E-05 0.2014
0.0184675 0.225604 0.158733 0.144096 9.9982E-05 0.452899 9.9982E-05
0.0621031 0.358246 0.0284722 9.9982E-05 0.521218 9.9982E-05 0.0297611
9.9991E-05 0.173019 0.0179067 0.00707334 0.585814 0.0364023 0.179685
0.0377948 0.178319 0.0343532 0.0123002 0.583657 9.9991E-05 0.153476
0.064335 9.9982E-05 0.0944925 9.9982E-05 0.529977 0.0137099 0.297286
9.9982E-05 0.0844482 0.055419 9.9982E-05 0.633698 0.12336 0.102875
0.0720026 0.0929304 0.0647028 9.9982E-05 0.537882 0.232283 9.9982E-05
0.117382 9.9991E-05 0.0542763 0.0137562 0.635837 0.0303477 0.1483
0.0595182 0.314688 0.0464487 9.9982E-05 0.387461 9.9982E-05 0.191684
0.14445 0.0216651 0.0224908 9.9982E-05 0.652443 9.9982E-05 0.15875
0.0158873 0.192275 0.0279878 9.9991E-05 0.526528 0.146721 0.0904999
0.0305268 0.224216 9.9973E-05 0.532944 9.9973E-05 0.212014 9.9973E-05
0.0872703 0.111552 0.159949 9.9982E-05 0.581406 0.0596232 9.9982E-05
9.9973E-05 0.342271 0.0732132 9.9973E-05 0.530979 0.0532363 9.9973E-05
9.9982E-05 0.404746 0.0885264 9.9982E-05 0.134127 0.301196 0.0712044
0.0742088 0.0556617 0.0273783 9.9982E-05 0.778321 9.9982E-05 0.0642299
0.0309657 0.42426 9.9982E-05 9.9982E-05 0.453486 0.00808561 0.0830029
0.0947262 0.0932511 0.0243794 9.9991E-05 0.55996 0.181305 0.0462787
0.0253833 0.2473 0.0116002 0.0178588 0.215872 0.376889 0.105097
9.9973E-05 0.283941 0.143298 9.9973E-05 0.479818 0.0926422 9.9973E-05
0.0938357 0.0594428 0.0291869 0.0221658 0.657908 0.00237761 0.135084
0.144625 0.0947346 9.9982E-05 9.9982E-05 0.522012 0.13266 0.105768
0.0384254 0.104806 0.0636597 9.9991E-05 0.464787 0.29245 0.0357723
0.00279481 0.0726786 9.9982E-05 9.9982E-05 0.35912 0.393778 0.171429
9.9964E-05 9.9964E-05 9.9964E-05 0.923267 0.0703495 0.00598332 9.9964E-05
0.0130543 0.37795 0.138414 9.9982E-05 0.464389 9.9982E-05 0.00599249
9.9982E-05 0.188066 0.0628835 9.9982E-05 0.371602 0.0782928 0.298956
0.170853 9.9982E-05 0.0890314 9.9982E-05 0.435155 0.0629065 0.241854
0.122273 0.0993823 0.112561 9.9982E-05 0.590868 9.9982E-05 0.0747167
0.0990967 0.245553 9.9973E-05 0.0425482 0.612502 9.9973E-05 9.9973E-05
0.112594 0.192086 0.100599 0.0102501 0.408277 0.0473418 0.128852
0.184037 9.9973E-05 0.0358716 0.479448 9.9973E-05 0.300344 9.9973E-05
9.9982E-05 0.0828348 0.0643119 9.9982E-05 0.583717 0.118229 0.150708
9.9973E-05 0.247505 0.0835058 9.9973E-05 0.430222 0.238467 9.9973E-05
0.0562021 0.464777 9.9973E-05 9.9973E-05 0.411578 9.9973E-05 0.0671424
0.035991 0.482291 0.0260937 9.9982E-05 0.455108 9.9982E-05 0.000316787
0.136305 0.300237 0.148032 9.9982E-05 0.410339 0.00488766 9.9982E-05
9.9982E-05 0.220207 0.0231801 9.9982E-05 0.629127 0.0962589 0.0310266
0.0580775 0.0106152 0.0132531 9.9991E-05 0.546045 0.166514 0.205395
0.0858822 9.9982E-05 0.0762182 9.9982E-05 0.53083 0.0161685 0.290701
0.103423 0.158536 0.0175628 9.9991E-05 0.471262 0.226497 0.0226193
0.0598223 0.161141 0.0841465 9.9982E-05 0.388418 9.9982E-05 0.306272
0.10857 0.00856583 0.189237 9.9991E-05 0.640846 0.0258866 0.0267957
0.0466088 0.225294 0.00267355 9.9991E-05 0.432207 0.057577 0.235539
0.0825931 0.14541 0.056992 9.9982E-05 0.413178 9.9982E-05 0.301627
9.9982E-05 0.193125 0.0436672 0.056567 0.60848 9.9982E-05 0.09796
9.9973E-05 0.273115 0.00814752 9.9973E-05 0.477304 9.9973E-05 0.241133
0.0251384 0.359139 0.0204638 0.050934 0.307523 0.0378032 0.198998
0.194395 9.9982E-05 0.0429514 9.9982E-05 0.517352 0.157452 0.08765
9.9982E-05 0.116123 0.0944386 0.0252991 0.706529 9.9982E-05 0.0574102
0.137399 0.0314489 9.9991E-05 0.0696454 0.502412 0.0343557 0.224638
